671 -54275
715 -52505
641 -58685
576 -65485
500 -73790
367 -86890
343 -87680
315 -90190
337 -87815
385 -82990
453 -76045
507 -70525
552 -66915
567 -65895
567 -65970
569 -65790
536 -69270
482 -74575
406 -82020
353 -87140
352 -87070
386 -82940
443 -76710
506 -71080
540 -68250
565 -65790
588 -63690
583 -64610
522 -70340
463 -76610
408 -82175
380 -84455
414 -80440
425 -78885
469 -75175
479 -74110
511 -71015
564 -65860
557 -66665
537 -68550
478 -75125
435 -79525
419 -80420
441 -77815
450 -76665
462 -75985
474 -74905
483 -73770
518 -70150
550 -67550
542 -68035
525 -69990
497 -73215
454 -77430
447 -77580
434 -78565
442 -77975
442 -77855
462 -75850
496 -72390
524 -69835
540 -68205
510 -71200
495 -73295
474 -75565
460 -76200
473 -74685
467 -75730
454 -76815
473 -74970
490 -73190
505 -71590
497 -72270
490 -73635
485 -74195
464 -75700
476 -74580
447 -77615
426 -79555
454 -76985
473 -74740
514 -70340
540 -68195
512 -71165
503 -72365
501 -72800
483 -74005
466 -75330
445 -78120
428 -79745
460 -76135
505 -71100
538 -68290
517 -70340
505 -72450
491 -73710
462 -75965
481 -74040
462 -76390
444 -77740
445 -77555
462 -76230
477 -74335
505 -71410
516 -70435
522 -70405
526 -69990
503 -71930
483 -73975
473 -75780
447 -77625
455 -76420
484 -73985
462 -75995
475 -74595
486 -73990
465 -75630
491 -73105
506 -71880
500 -72195
499 -72250
463 -76195
441 -78510
446 -77865
446 -77180
472 -74665
502 -72350
487 -73295
513 -70795
526 -70070
508 -71640
518 -70475
488 -73665
474 -75305
467 -75795
456 -76430
482 -73980
485 -73865
480 -74115
469 -75130
467 -75945
476 -74930
484 -73520
496 -72290
493 -73375
476 -74910
482 -74020
504 -71890
503 -71985
498 -72330
497 -72880
488 -73760
494 -72855
519 -70495
505 -71725
501 -72435
473 -75185
457 -76860
468 -75485
464 -75780
452 -76565
446 -77845
459 -76715
463 -75490
521 -69945
508 -71100
516 -71155
501 -72275
467 -75615
494 -73000
478 -74740
481 -73690
473 -74885
440 -78310
428 -79540
445 -77605
476 -74280
524 -69535
551 -67275
530 -69040
534 -69480
524 -70670
494 -72940
495 -72780
438 -78755
418 -80875
411 -81040
415 -80100
463 -75545
482 -74045
479 -73625
511 -71245
521 -70520
525 -69705
548 -67240
529 -69875
495 -73105
477 -75040
458 -76560
452 -77095
461 -76165
440 -77975
453 -76765
471 -75265
491 -73005
499 -71670
505 -71835
508 -72170
470 -75020
492 -73000
501 -72650
487 -73630
487 -73080
476 -75075
459 -76740
462 -75995
501 -72065
498 -72230
508 -71565
490 -73425
469 -75500
490 -73470
482 -74130
473 -74560
466 -75835
444 -78160
456 -76580
498 -72280
509 -71000
522 -70050
516 -71070
496 -72885
500 -72260
507 -71900
482 -73995
457 -76410
457 -77060
446 -77820
468 -74980
490 -72905
502 -72275
521 -70460
519 -70230
531 -69260
534 -69625
479 -74325
457 -76615
438 -79060
411 -81250
445 -77210
468 -75040
495 -72635
522 -70020
528 -69305
541 -68405
518 -70950
461 -76100
457 -77045
440 -78560
452 -76615
507 -71195
510 -71225
514 -70815
500 -72385
492 -73420
503 -72295
487 -73400
461 -75885
442 -78535
426 -79970
451 -76715
489 -72685
516 -70525
529 -69410
537 -68810
537 -68740
515 -71020
496 -73130
455 -77065
429 -79365
432 -79205
427 -79245
456 -76170
496 -72515
513 -70795
546 -67610
542 -68170
532 -69435
524 -70480
472 -75200
445 -77905
408 -81700
401 -82255
437 -78055
472 -74475
515 -70455
520 -70240
536 -69000
538 -68775
529 -69665
500 -72370
456 -77140
421 -80560
394 -82760
425 -79500
456 -76225
499 -71960
530 -68885
557 -66895
572 -65440
557 -66905
511 -71170
468 -76380
424 -80425
402 -81895
421 -79635
423 -79795
440 -77870
467 -75060
546 -67785
596 -62595
610 -61060
579 -64750
497 -73915
425 -80590
387 -83545
403 -81790
413 -80540
435 -78140
454 -76265
494 -73010
535 -68610
576 -64520
585 -63730
556 -67465
526 -70660
462 -76385
449 -77600
428 -79785
404 -81650
413 -80400
433 -78950
458 -76045
520 -69920
565 -65545
561 -66110
551 -67660
486 -74310
440 -78645
422 -80300
415 -80695
434 -78345
460 -75870
487 -73310
525 -69670
566 -65680
566 -65610
544 -68100
504 -72660
457 -77190
427 -79500
418 -80440
400 -81980
416 -80395
466 -75410
504 -71300
555 -66380
558 -66545
545 -68370
506 -71935
478 -74945
459 -76660
428 -79490
416 -80265
414 -80905
431 -78930
478 -74110
526 -69170
540 -68050
552 -67490
513 -71300
496 -72915
492 -73540
451 -77120
444 -77695
426 -79805
416 -80470
476 -74495
511 -70705
539 -67905
539 -68560
486 -74170
480 -74760
488 -73825
498 -72310
479 -73810
461 -76580
461 -76915
458 -76135
508 -70940
519 -70450
498 -72745
482 -74160
453 -77000
472 -75455
480 -74225
475 -74065
493 -73125
463 -76290
481 -74250
517 -70340
524 -69645
545 -67995
493 -73135
468 -75775
467 -76205
443 -77825
466 -75070
483 -74125
465 -75655
470 -74850
503 -72300
500 -72180
526 -69620
507 -71420
485 -74285
491 -73690
466 -75590
476 -74170
467 -75895
439 -78255
465 -75700
488 -73260
494 -72530
512 -71020
480 -74455
481 -74465
495 -73040
492 -72845
503 -71765
493 -73350
470 -75395
493 -73195
498 -72370
501 -72025
502 -72220
457 -76775
437 -78500
449 -77735
451 -76815
480 -73745
508 -71435
504 -72180
497 -72255
523 -70370
528 -69720
523 -69925
510 -71120
462 -76655
430 -79580
417 -80510
446 -77390
456 -76270
465 -75315
487 -73665
499 -72325
542 -67995
569 -65330
541 -68235
505 -72225
466 -76645
432 -79220
445 -77515
464 -75765
457 -76370
467 -75340
483 -74070
519 -70570
544 -67645
537 -68305
516 -71205
478 -75400
439 -78375
441 -78075
433 -78965
435 -78655
468 -75125
505 -71625
543 -67725
568 -65565
554 -67060
500 -72480
475 -75580
441 -78660
433 -78610
459 -76195
438 -78215
456 -76520
490 -73230
521 -69985
556 -66310
543 -68120
504 -72250
465 -76385
449 -77725
434 -78590
436 -78355
432 -78905
448 -77430
487 -73210
523 -69555
554 -66795
540 -68530
514 -71180
503 -72695
463 -76055
447 -77355
472 -75620
444 -77725
454 -76255
481 -74240
490 -73615
521 -69655
544 -67725
526 -69860
511 -72000
470 -75420
422 -79860
437 -79070
419 -80500
443 -77070
495 -72375
510 -71380
537 -68420
546 -67505
537 -68875
521 -70815
481 -74400
449 -77365
424 -80120
402 -82035
430 -79050
460 -75625
514 -70655
550 -67130
549 -67385
544 -68025
516 -71475
488 -73935
454 -76845
446 -77860
427 -79695
433 -78680
467 -75260
479 -73985
509 -71240
518 -70555
504 -71715
531 -69665
505 -72010
477 -74355
480 -74700
440 -78690
446 -77390
478 -74325
482 -73835
514 -70845
502 -71875
481 -74150
489 -73825
460 -76350
473 -74690
479 -74345
478 -74755
476 -74385
484 -73915
482 -73995
497 -72885
509 -71230
507 -71550
510 -71375
489 -73770
483 -73890
493 -73255
480 -74145
471 -75310
450 -77210
443 -78220
481 -74290
474 -74350
494 -72425
504 -72515
479 -74445
500 -71920
529 -69690
502 -72060
502 -72080
481 -74530
444 -78075
450 -77210
450 -77215
459 -75920
496 -72640
516 -70685
518 -70185
524 -70000
505 -72385
480 -74480
470 -75225
462 -76210
458 -76605
457 -76355
457 -76275
477 -74680
487 -73635
488 -72835
535 -69110
522 -70275
511 -71065
512 -71220
473 -75555
461 -76260
435 -78590
431 -79115
440 -78420
451 -76810
480 -73600
525 -69885
535 -68765
554 -66835
559 -66695
510 -71590
505 -72505
455 -76985
427 -79480
434 -79045
406 -81540
437 -78050
459 -75990
489 -73210
527 -69410
538 -68350
550 -67385
539 -68905
508 -71800
474 -74930
459 -76940
427 -79610
423 -79595
448 -77345
448 -77345
464 -75325
486 -73465
513 -71215
530 -69245
530 -69040
521 -70470
513 -71990
470 -75090
478 -74455
479 -74805
444 -77860
460 -75810
476 -74975
491 -73190
510 -70955
503 -71775
476 -75125
460 -76870
424 -79505
449 -77145
481 -74450
479 -73840
523 -69550
534 -69245
533 -69405
530 -69145
519 -70825
476 -74870
467 -76300
438 -78270
414 -80490
461 -76480
447 -77430
483 -73080
525 -69885
506 -71865
522 -70120
514 -71005
473 -75060
471 -75625
433 -79065
435 -78580
459 -76285
462 -75925
485 -73280
513 -71065
527 -69660
530 -69185
527 -69690
487 -73790
487 -74250
454 -76770
434 -78530
442 -78145
430 -79480
468 -74890
514 -70530
549 -67415
550 -67310
545 -68110
515 -71245
482 -74550
451 -77250
420 -80330
411 -81160
420 -80300
426 -78930
466 -75390
491 -72915
522 -70000
566 -65535
566 -65835
567 -66095
508 -71870
478 -75080
447 -77985
419 -80320
419 -79855
430 -79345
453 -76770
476 -74150
510 -70900
524 -70140
515 -70715
517 -70690
511 -71430
502 -72540
474 -74710
442 -78005
453 -77540
440 -78210
471 -74405
500 -72025
495 -73000
506 -71630
524 -70020
531 -69310
517 -70695
474 -74965
420 -80470
424 -80495
434 -78630
468 -74575
501 -71775
490 -73605
491 -73280
502 -72060
521 -70370
502 -72015
481 -74310
459 -76810
443 -78240
463 -75610
502 -72055
493 -72480
494 -72960
480 -74510
471 -75425
514 -70900
500 -72060
489 -73210
464 -76390
438 -78790
463 -75770
498 -72300
492 -72665
492 -73215
458 -76625
457 -76760
498 -72555
485 -73195
503 -71765
483 -74510
455 -76905
481 -73910
500 -72355
490 -72925
482 -74025
473 -75465
459 -76395
505 -71770
509 -71105
487 -73285
488 -74010
454 -77350
457 -76095
508 -71675
483 -73795
466 -75335
475 -75230
460 -76765
486 -73100
507 -71275
498 -72700
475 -74985
481 -74380
489 -73335
509 -71330
513 -70950
480 -74250
475 -75260
449 -77555
453 -76750
470 -74985
463 -76045
456 -76410
463 -76150
465 -75525
509 -71525
539 -68180
531 -68955
549 -67860
504 -72580
473 -74965
468 -75730
449 -77735
441 -77955
444 -77580
433 -78635
481 -74520
508 -71150
523 -69185
551 -67385
502 -72770
468 -75455
457 -76795
423 -79995
435 -78765
458 -76205
474 -74470
499 -71920
528 -69845
540 -68200
554 -66945
538 -68630
485 -74340
447 -78040
410 -81485
414 -80675
428 -79130
458 -76085
489 -73150
497 -72145
531 -69270
564 -66335
565 -65750
557 -66535
510 -72070
444 -78585
411 -81300
432 -79250
430 -78635
453 -76335
479 -74285
473 -74970
501 -71815
518 -70490
527 -69805
511 -71090
495 -72990
476 -75115
460 -76600
450 -76945
453 -76940
453 -76865
483 -74100
508 -71025
523 -69735
551 -67570
521 -70550
498 -72365
480 -74775
446 -78135
428 -79265
441 -77955
448 -77320
479 -74340
492 -72495
522 -70150
527 -69760
499 -72430
488 -73475
457 -77080
441 -78240
445 -77535
472 -74930
487 -73420
505 -71610
506 -71550
505 -72015
511 -71570
491 -73105
474 -74775
455 -77200
427 -79645
443 -77770
460 -75835
491 -73000
528 -69465
525 -69495
550 -67495
537 -69175
503 -72125
491 -73375
453 -77530
408 -81275
424 -80015
427 -79405
437 -77960
482 -73715
487 -73555
518 -70310
545 -67760
550 -67435
544 -68215
501 -72550
455 -77075
438 -78990
427 -79655
428 -78760
469 -75300
475 -74655
497 -72325
523 -69635
543 -68430
552 -67235
520 -70250
502 -72555
449 -78120
428 -79600
436 -78420
436 -78325
454 -76635
466 -75445
491 -72975
515 -70575
522 -69995
525 -69920
503 -72245
488 -73740
476 -74895
469 -75455
469 -75290
461 -76025
473 -75020
489 -73510
489 -73045
504 -71820
497 -72845
486 -73880
475 -74505
477 -74815
471 -75285
462 -75880
481 -73990
490 -73525
488 -73110
507 -71500
527 -70030
491 -72940
505 -71945
477 -74870
471 -75555
490 -73100
467 -75340
481 -74315
438 -78475
450 -77330
480 -74240
501 -72010
527 -69105
517 -70820
496 -72985
480 -74695
471 -75035
482 -74260
475 -74760
447 -77300
475 -75125
474 -75050
499 -71955
524 -69625
512 -71525
499 -72610
489 -73620
482 -74120
481 -74405
467 -75450
462 -76005
