-3.532903769765624884e-05
-3.118856740546874728e-05
-2.793158054765624746e-05
-2.647589281640624827e-05
-2.670973363906249917e-05
-2.558935762578124821e-05
-2.301672710703124913e-05
-2.360609753281249853e-05
-2.707632585859374961e-05
-2.937315390624999978e-05
-3.011282332734375005e-05
-3.039472931093749897e-05
-2.949293533906249717e-05
-2.780455119374999857e-05
-2.785032753749999701e-05
-2.949751297343749973e-05
-3.005636583671874904e-05
-2.904737892656249925e-05
-2.765959277187499899e-05
-2.629507625859374732e-05
-2.501944214609375035e-05
-2.417944623828124746e-05
-2.376402591875000027e-05
-2.366827706640625020e-05
-2.479017895781249862e-05
-2.681730804687499991e-05
-2.725103890390624716e-05
-2.489012397499999849e-05
-2.151945919687499792e-05
-2.172430833515624958e-05
-2.746275449374999757e-05
-3.260229348828124846e-05
-3.163297940937499710e-05
-2.787397864843749835e-05
-2.668951575390624890e-05
-2.878378348046874700e-05
-3.140714944687499982e-05
-3.158491424843749569e-05
-3.008345017343749806e-05
-2.989118952968749919e-05
-3.037260407812499848e-05
-2.915724215156249957e-05
-2.735785037265624917e-05
-2.744558836484374900e-05
-2.988508601718749917e-05
-3.315656871718749860e-05
-3.489912153593749525e-05
-3.522527798515624514e-05
-3.565404973828125064e-05
-3.558347787499999598e-05
-3.455694336640625165e-05
-3.299673298359375004e-05
-3.128965683124999863e-05
-3.109091120546874699e-05
-3.261488198281249786e-05
-3.276136628281249829e-05
-3.114393547031249693e-05
-3.214224123359374753e-05
-3.634527252890624674e-05
-3.922880071562500075e-05
-3.952482107187499654e-05
-3.947637444140624576e-05
-4.059751339374999545e-05
-4.269674022421874547e-05
-4.334905312265624526e-05
-4.106786532578124958e-05
-3.742979040624999632e-05
-3.463056698593750123e-05
-3.520467863046874551e-05
-3.935697447812499774e-05
-4.268109997343750114e-05
-4.101026342656250047e-05
-3.490636945703124675e-05
-2.939146444374999984e-05
-2.714994947812499919e-05
-2.606314278359375003e-05
-2.633322321171874828e-05
-2.917555268906249963e-05
-3.148191747499999750e-05
-3.069570877109374668e-05
-2.889860580937499924e-05
-2.832525710390625031e-05
-2.875326591796875029e-05
-3.046606411328124897e-05
-3.353384208359375162e-05
-3.618658120390624627e-05
-3.714712148359374866e-05
-3.643415492968749806e-05
-3.513639558437500060e-05
-3.438909677265624608e-05
-3.388136082656249988e-05
-3.303755022343749995e-05
-3.293760520624999669e-05
-3.486936691249999728e-05
-3.727529524609374565e-05
-3.754423126562499581e-05
-3.592603751406249572e-05
-3.440168526718749548e-05
-3.335569581249999961e-05
-3.227689997812499729e-05
-3.241346607031250066e-05
-3.474195608906249902e-05
-3.592527457499999699e-05
-3.289907678359374975e-05
-2.845610115312499963e-05
-2.665022439218749984e-05
-2.856138674374999740e-05
-3.326643194218749893e-05
-3.817480040078124787e-05
-4.048841310781250063e-05
-3.976476540703124745e-05
-3.708341607187499615e-05
-3.416326681015624880e-05
-3.340719419921874531e-05
-3.603017869609374878e-05
-3.994520049531249565e-05
-4.056699583124999875e-05
-3.618543679531249817e-05
-3.059042318046874552e-05
-2.766722216249999986e-05
-2.720907725546874915e-05
-2.761953847109374782e-05
-2.877653555937499888e-05
-3.114507987890625181e-05
-3.350294305156249877e-05
-3.381536659765625117e-05
-3.363111681406249576e-05
-3.666036636171875147e-05
-4.076307117031249805e-05
-4.148595593203124572e-05
-4.175908811640624568e-05
-4.460408788046874598e-05
-4.642179019687499644e-05
-4.462506870468749498e-05
-4.105718417890624701e-05
-3.889310752812499638e-05
-3.986051425937500091e-05
-4.288022706874999537e-05
-4.552228504218750100e-05
-4.633977424765624726e-05
-4.546811636874999619e-05
-4.481084436640624786e-05
-4.579541722656250096e-05
-4.659650324218749738e-05
-4.565694378671875076e-05
-4.532468382499999746e-05
-4.797208237187500099e-05
-5.215947341640624909e-05
-5.549923916249999682e-05
-5.676075890234375031e-05
-5.567242632968750029e-05
-5.398556806249999915e-05
-5.436398583750000026e-05
-5.621754628984374533e-05
-5.703007639140624983e-05
-5.785786527421874929e-05
-5.874096723906249489e-05
-5.622899037578124663e-05
-5.123936890703124724e-05
-4.835011867734374596e-05
-4.919202193281249906e-05
-5.176045628671874834e-05
-5.263440298281249561e-05
-5.048367776562499989e-05
-4.868619333437499970e-05
-4.988057443671874960e-05
-5.055005346406249797e-05
-4.863316906953124975e-05
-4.759595341406249608e-05
-4.939191196718749880e-05
-5.316464563124999505e-05
-5.702206553124999959e-05
-5.846363888984374514e-05
-5.686070391953124679e-05
-5.390431505234374870e-05
-5.236127079843749566e-05
-5.323102132968749990e-05
-5.390736680859375041e-05
-5.354001164999999446e-05
-5.544125579374999834e-05
-5.970265192734374539e-05
-6.124874793750000013e-05
-5.874935956874999450e-05
-5.652958836640624836e-05
-5.700222911562499869e-05
-5.904347257734375023e-05
-6.108891220390625157e-05
-6.185337714453124111e-05
-6.109196396015624650e-05
-6.090084772499999573e-05
-6.287914871406250026e-05
-6.409107741484374810e-05
-6.293675061328124259e-05
-6.348454086015625352e-05
-6.630398216562499887e-05
-6.740452176328124215e-05
-6.604153112812500149e-05
-6.436649841640625102e-05
-6.435696167812499655e-05
-6.569782708046874688e-05
-6.582714525156249197e-05
-6.441113035156250137e-05
-6.282040240625000305e-05
-6.123882972968750307e-05
-6.049038650937500045e-05
-5.938336192968749763e-05
-5.588223457187499709e-05
-5.319440025468749980e-05
-5.388333422812499970e-05
-5.565526020078124495e-05
-5.671803431484374679e-05
-5.620114309999999549e-05
-5.339924939296874807e-05
-5.041692059765624567e-05
-5.026280690703124437e-05
-5.283353007812499662e-05
-5.555836693984375017e-05
-5.575062758359374904e-05
-5.288464699531249973e-05
-5.024373343046874897e-05
-5.053670203046874983e-05
-5.164448954921874461e-05
-5.311734340937499915e-05
-5.829769964374999995e-05
-6.459156543984374279e-05
-6.571003410546874014e-05
-6.123501503437499586e-05
-5.433690150078124785e-05
-4.807469767578124981e-05
-4.518277715937499620e-05
-4.617078324531250036e-05
-4.879681949843749875e-05
-5.060498507656249474e-05
-5.097195876562499455e-05
-5.031926439765624538e-05
-4.968793232343749459e-05
-5.007550536718750081e-05
-4.985501597812499466e-05
-4.606778647187499540e-05
-3.985784397265624857e-05
-3.685644170078125078e-05
-3.946988945937499976e-05
-4.344670932265624555e-05
-4.315717394843749576e-05
-3.732488628515625130e-05
-3.133009260156249917e-05
-3.009680160703124958e-05
-3.117636038046874724e-05
-3.108213740624999802e-05
-3.031080601406249957e-05
-3.110807733437499556e-05
-3.400648283281249517e-05
-3.547018142421875137e-05
-3.340757566875000146e-05
-3.120115589999999668e-05
-3.161276152421874683e-05
-3.252218488671874611e-05
-3.076971386015624562e-05
-2.853163212031249943e-05
-2.967375189687499813e-05
-3.188513076953124805e-05
-3.351591301562499754e-05
-3.596914357109374860e-05
-3.632238435703125090e-05
-3.232382073046875061e-05
-2.771414291484374979e-05
-2.745512510312500009e-05
-3.111494378593749770e-05
-3.360784717265625056e-05
-3.244894273671874589e-05
-2.936018394218749763e-05
-2.708624406640625006e-05
-2.705992266874999977e-05
-2.863157713749999930e-05
-3.009031662500000019e-05
-3.020552042343749841e-05
-3.038175934687500020e-05
-3.201864510546874971e-05
-3.296964864687499763e-05
-3.330610477343750074e-05
-3.501661415156249644e-05
-3.582380367968749626e-05
-3.443105842109375086e-05
-3.308408950624999712e-05
-3.158071808359374589e-05
-2.876890616874999801e-05
-2.798002717812499824e-05
-3.174818320781249532e-05
-3.592413016640624889e-05
-3.672559765156250145e-05
-3.498838540624999593e-05
-3.214910768515624967e-05
-2.920912200781249803e-05
-2.726553474609375017e-05
-2.712591689765624848e-05
-2.884367419687499908e-05
-3.144911109531249783e-05
-3.368299667031249761e-05
-3.473661551562500112e-05
-3.582227780156249880e-05
-3.930471315234374652e-05
-4.436605089296874867e-05
-4.613606951796874709e-05
-4.038160163906249524e-05
-3.087004034687499825e-05
-2.753523370468749905e-05
-3.375547588124999909e-05
-4.154470223984374971e-05
-4.211881388437500076e-05
-3.649938621953124803e-05
-3.187063492734375182e-05
-3.230055108906249863e-05
-3.511236300390624989e-05
-3.578870848281250040e-05
-3.543851945312499979e-05
-3.693159119843749782e-05
-3.910978222187499532e-05
-4.129712851406249792e-05
-4.461972813124999708e-05
-4.690396768437499447e-05
-4.570920511249999520e-05
-4.357907924999999911e-05
-4.269216258984374630e-05
-4.184377435234374720e-05
-4.070890249687500001e-05
-3.996198515468749485e-05
-3.994939666015624545e-05
-4.130323202656250133e-05
-4.364164025312499676e-05
-4.447629558749999836e-05
-4.172246704140624557e-05
-3.725622176953125026e-05
-3.554075328749999925e-05
-3.712919241562500137e-05
-3.820875118906249564e-05
-3.828542656484374692e-05
-3.947332268515625083e-05
-4.012449117499999575e-05
-3.989065035234374824e-05
-4.077680407343749555e-05
-4.064290826796875130e-05
-3.849561627656249987e-05
-3.724439621406249959e-05
-3.819272946874999517e-05
-4.042165593984374641e-05
-4.130590231328124689e-05
-3.936460386874999861e-05
-3.711011893906249919e-05
-3.685491582265624654e-05
-3.903234390703124530e-05
-4.345128695703124472e-05
-4.883649232968750056e-05
-5.329281939374999881e-05
-5.433499415312499425e-05
-5.122029543046874506e-05
-4.671704761406250027e-05
-4.394033089609374488e-05
-4.414136533906249949e-05
-4.715001553203124879e-05
-5.144650686249999848e-05
-5.425412261249999994e-05
-5.368344419374999996e-05
-5.117375614765624789e-05
-5.056454930625000097e-05
-5.285947000624999416e-05
-5.533291844687499548e-05
-5.833432071875000005e-05
-6.250301975625000212e-05
-6.333691215156249821e-05
-5.939976511953124746e-05
-5.521618877031249980e-05
-5.440823630312499446e-05
-5.618931754453124482e-05
-5.670163112499999696e-05
-5.538785005937499903e-05
-5.480458314609374965e-05
-5.451008866796874455e-05
-5.362507935546874534e-05
-5.249211484765624498e-05
-5.110089546718749704e-05
-5.026852894999999841e-05
-4.997784916718750052e-05
-4.942204806015624614e-05
-4.976651504687499948e-05
-5.201604087265625036e-05
-5.493924189062499941e-05
-5.716702395312499578e-05
-5.834767215234374819e-05
-5.802304158124999575e-05
-5.559460654531249413e-05
-5.180432528281249995e-05
-4.847791097031250036e-05
-4.678304184296874898e-05
-4.592282804999999921e-05
-4.405591616406249924e-05
-4.212606180546874549e-05
-4.311216054374999605e-05
-4.591214690312499664e-05
-4.689862711093749657e-05
-4.599950342578125050e-05
-4.606740500234374604e-05
-4.845502279843749775e-05
-5.090253131093749477e-05
-4.932629920781249946e-05
-4.158933417500000005e-05
-3.245695359687499613e-05
-3.026731848749999733e-05
-3.518980131874999991e-05
-4.051969360937499607e-05
-4.243543359531249618e-05
-4.167859804531250074e-05
-4.088704876796874524e-05
-4.150007030468749937e-05
-4.209287395624999645e-05
-4.049947572421874580e-05
-3.724439621406249959e-05
-3.565481267734374937e-05
-3.763044337968750157e-05
-4.114988127499999876e-05
-4.368589071874999773e-05
-4.467008210937499469e-05
-4.419591548203124690e-05
-4.269216258984374630e-05
-4.217298255781249880e-05
-4.476087185781249962e-05
-4.863126172187499615e-05
-4.998586002734375076e-05
-4.910733569687499755e-05
-4.831616788906249819e-05
-4.812238136718749508e-05
-4.879987125468750046e-05
-5.008084594062499871e-05
-5.087582844374999850e-05
-5.105092295859374880e-05
-5.101620923124999552e-05
-5.119359256328124880e-05
-5.131413693515624491e-05
-5.045773783749999558e-05
-5.028836536562499932e-05
-5.121381044843749907e-05
-4.967419942031249709e-05
-4.674565782890625015e-05
-4.652135374453125033e-05
-4.700849033593749689e-05
-4.391286508984374988e-05
-4.012754293124999746e-05
-4.301030817890624596e-05
-5.111729865703124688e-05
-5.491520931015624870e-05
-5.227658456249999414e-05
-5.011060056406249668e-05
-5.114590887187499675e-05
-5.178296298906249481e-05
-5.073163296093749426e-05
-5.014302547421874698e-05
-5.128552672031249504e-05
-5.378110039375000025e-05
-5.714642459843749615e-05
-6.114346234687499898e-05
-6.379314971093749871e-05
-6.134564119843750169e-05
-5.378300774140624708e-05
-4.579579869609375032e-05
-4.066007439687499987e-05
-3.857419899999999798e-05
-3.893621358515624926e-05
-4.060132808906249588e-05
-4.138753679296874671e-05
-4.040029364609374805e-05
-4.035184701562499727e-05
-4.294278807187499979e-05
-4.476773830937499498e-05
-4.280240728437499599e-05
-3.951185110781249777e-05
-3.855817727968749751e-05
-3.975561013828124912e-05
-4.136197833437499854e-05
-4.246595115781249966e-05
-4.184720757812499827e-05
-3.988988741328124951e-05
-3.973844400937500055e-05
-4.212987650078124592e-05
-4.335363075703125120e-05
-4.168470155781249737e-05
-4.073255360781250135e-05
-4.226491671484374505e-05
-4.308088004218750062e-05
-4.125516686562499992e-05
-3.749692904374999990e-05
-3.484266404531250101e-05
-3.639905973281249541e-05
-3.910978222187499532e-05
-3.919332404921874874e-05
-3.827588982656249922e-05
-3.733594890156249647e-05
-3.497541544218749716e-05
-3.326414312499999595e-05
-3.606031478906249611e-05
-4.167363894140624543e-05
-4.518125128124999873e-05
-4.529874389687499992e-05
-4.378125810156249505e-05
-4.198148485312499866e-05
-3.972661845390624988e-05
-3.712766653749999713e-05
-3.607709944843749531e-05
-3.676221872656250156e-05
-3.688428897656249514e-05
-3.647535363906249733e-05
-3.690679567890624838e-05
-3.777921649687499819e-05
-3.928106204140624518e-05
-4.167630922812499777e-05
-4.354894315703124500e-05
-4.425580619843749898e-05
-4.379041337031250016e-05
-4.187085868906249961e-05
-4.035489877187499897e-05
-4.104230686718750141e-05
-4.244077416875000086e-05
-4.354550993125000071e-05
-4.534070554531249793e-05
-4.610364460781249678e-05
-4.267537793046874710e-05
-3.773611043984374531e-05
-3.626936009218750096e-05
-3.769224144375000048e-05
-3.991124970703124788e-05
-4.228399019140624722e-05
-4.289243409374999540e-05
-4.172895202343749834e-05
-4.149816295703124576e-05
-4.230115632031249579e-05
-4.257314409609374764e-05
-4.327008892968749778e-05
-4.533841672812499496e-05
-4.668118947812499890e-05
-4.574277443125000038e-05
-4.440076462031249517e-05
-4.479596705468749548e-05
-4.647252564453125019e-05
-4.760091251796874461e-05
-4.768788757109374910e-05
-4.689328653749999867e-05
-4.494321429374999465e-05
-4.333493874999999840e-05
-4.377210283281249672e-05
-4.539792597499999767e-05
-4.579618016562499969e-05
-4.369466451796874670e-05
-4.141881729453124892e-05
-4.241521571015624591e-05
-4.564435529218749459e-05
-4.674069872499999484e-05
-4.487187949140624804e-05
-4.274785714140624858e-05
-4.165876162968749983e-05
-4.271848398749999998e-05
-4.604566123906249830e-05
-4.825131806874999758e-05
-4.869000802968750013e-05
-4.932782508593749692e-05
-4.963109336328125099e-05
-4.951627103437499536e-05
-5.001981081562499853e-05
-5.128018614687499714e-05
-5.351559759999999439e-05
-5.677639915312499464e-05
-5.928723160781249480e-05
-5.809552079218749724e-05
-5.243375000937499714e-05
-4.500119766249999990e-05
-3.844602523750000099e-05
-3.369901839062499808e-05
-3.222921628671874525e-05
-3.481023913515625070e-05
-3.881261745703125143e-05
-4.013974995624999749e-05
-3.802640875312500061e-05
-3.528364282343749976e-05
-3.295286398749999843e-05
-2.998236074765625009e-05
-2.741774108906249786e-05
-2.716902295468749798e-05
-2.844160531093750002e-05
-2.842291330390624721e-05
-2.582167257031249826e-05
-2.304648173046875049e-05
-2.269820004843750011e-05
-2.297514692812500049e-05
-2.099493859140624913e-05
-1.896552068515624826e-05
-1.989439899374999908e-05
-2.083128816250000013e-05
-1.965407318906249880e-05
-1.901320437656250030e-05
-1.899718265624999983e-05
-1.608351837656249849e-05
-1.149825461093749943e-05
-1.271514241562499919e-05
-1.995085648437500009e-05
-2.399901114999999926e-05
-2.141226625859374993e-05
-1.759337478124999910e-05
-1.683119865781249898e-05
-1.771163033593749903e-05
-1.760863356250000084e-05
-1.714324073437499863e-05
-1.798094782499999855e-05
-1.881178846406249971e-05
-1.777648015624999964e-05
-1.634825823124999884e-05
-1.716422155859374763e-05
-1.986922200468750028e-05
-2.087553862812499772e-05
-1.886977183281249819e-05
-1.658171758437500037e-05
-1.514662920781249912e-05
-1.357116004374999916e-05
-1.284713087343750000e-05
-1.418532598906249969e-05
-1.590499063593750050e-05
-1.626929403828124797e-05
-1.549529235937500057e-05
-1.368293061640624970e-05
-9.846491540624999244e-06
-4.821774874999999748e-06
-3.831098502343750017e-06
-9.120936492187499233e-06
-1.464156354843749849e-05
-1.708449442656249803e-05
-1.980513512343749839e-05
-2.251967230781249873e-05
-2.231978227343749899e-05
-2.088316801874999859e-05
-2.080305941718749963e-05
-2.032965572890625057e-05
-1.786192933124999989e-05
-1.626700522109374839e-05
-1.705016216874999751e-05
-1.747359334843749833e-05
-1.618117457656249877e-05
-1.433524351484374950e-05
-1.255187345624999956e-05
-1.173629159843750013e-05
-1.329879079843749963e-05
-1.591872353906249800e-05
-1.685065360390625052e-05
-1.636351701250000058e-05
-1.585959576171874804e-05
-1.513137042656249908e-05
-1.447409842421874906e-05
-1.422843204609374918e-05
-1.383437402031249866e-05
-1.510390462031249900e-05
-1.880225172578124863e-05
-1.982115684374999886e-05
-1.507605734453124955e-05
-9.045405524999999434e-06
-7.021328192187499848e-06
-8.581157105468750402e-06
-9.777064085937499464e-06
-9.249491724218748974e-06
-9.021754414062499789e-06
-1.113166239140624899e-05
-1.476287085937500012e-05
-1.745413840234375018e-05
-1.858519556250000032e-05
-1.846198090390624848e-05
-1.737670008750000016e-05
-1.671103575546874884e-05
-1.683348747499999857e-05
-1.610221038359374790e-05
-1.429213745781250001e-05
-1.360167760624999925e-05
-1.623152855468749977e-05
-2.145727966328124964e-05
-2.510527279062499997e-05
-2.511938716328125022e-05
-2.434080785000000027e-05
-2.520216605156249813e-05
-2.648161485937499892e-05
-2.599867443281249878e-05
-2.388228147343750019e-05
-2.221525962187499996e-05
-2.286871692890624785e-05
-2.521475454609374754e-05
-2.608793830312499946e-05
-2.481955211171874722e-05
-2.428587623750000010e-05
-2.571104640624999920e-05
-2.745359922499999923e-05
-2.797583101328124844e-05
-2.637480339062500030e-05
-2.352293717499999787e-05
-2.390478817578125005e-05
-2.851561039999999896e-05
-3.173521324374999655e-05
-3.093107547187499843e-05
-2.836225964843749978e-05
-2.595518690624999992e-05
-2.540472637265625021e-05
-2.766111864999999984e-05
-3.035581941874999928e-05
-3.083036751562499644e-05
-2.989653010312499708e-05
-2.832869032968749799e-05
-2.577742210468749728e-05
-2.422712992968749951e-05
-2.485884347343749967e-05
-2.477339429843749942e-05
-2.337340111874999912e-05
-2.369307258593749964e-05
-2.495344791718749825e-05
-2.505034117812499981e-05
-2.554091099531249743e-05
-2.737692384921874795e-05
-2.842710946874999701e-05
-2.815931785781249834e-05
-2.898519939296874759e-05
-3.088911382343750042e-05
-3.185690202421874754e-05
-3.219183227265624641e-05
-3.226621883125000150e-05
-3.154485994765625129e-05
-3.161161711562499873e-05
-3.294599753593749629e-05
-3.267935033359374911e-05
-3.046263088749999790e-05
-2.992628472656249844e-05
-3.298719624531249557e-05
-3.666303664843749703e-05
-3.737943642812499871e-05
-3.644788783281249555e-05
-3.610418378515624772e-05
-3.493497967187499662e-05
-3.195760998046874953e-05
-2.871778925156249829e-05
-2.583845722968749746e-05
-2.376631473593749985e-05
-2.503241211015624912e-05
-3.002279651796874724e-05
-3.490217329218749695e-05
-3.614080486015624783e-05
-3.380430398124999923e-05
-2.981794737968749897e-05
-2.541082988515625023e-05
-2.226179890468750052e-05
-2.282522940234374900e-05
-2.706945940703124747e-05
-3.156278901562499859e-05
-3.296812276875000017e-05
-3.103636106249999958e-05
-2.824972613671874712e-05
-2.704428241796874867e-05
-2.774809370312499756e-05
-2.927359035859374928e-05
-3.005865465390624862e-05
-2.930906702499999790e-05
-2.819975362812499888e-05
-2.776525983203124951e-05
-2.782057291406249904e-05
-2.815779197968749749e-05
-2.776106366718749971e-05
-2.593229873437499731e-05
-2.516020440312500013e-05
-2.860868896562500008e-05
-3.418119587812499610e-05
-3.634450958984374800e-05
-3.252104047812499801e-05
-2.447546659453125003e-05
-1.749877033750000052e-05
-1.535185981562499846e-05
-1.673277951874999997e-05
-1.967085784843749800e-05
-2.265814574765624893e-05
-2.432707494687499938e-05
-2.560652375468750017e-05
-2.704924152187499720e-05
-2.670935216953124980e-05
-2.452353175546874805e-05
-2.352751480937500042e-05
-2.581137289296874844e-05
-3.120001149140624858e-05
-3.553655712265624945e-05
-3.453062196874999798e-05
-3.159445098671875016e-05
-3.130110091718749994e-05
-3.187406815312499611e-05
-3.142393410624999903e-05
-3.221281309687499541e-05
-3.460157530156249522e-05
-3.619268471640624968e-05
-3.706739435156249568e-05
-3.739088051406250002e-05
-3.700483334843749804e-05
-3.730848309531250147e-05
-3.742750158906250012e-05
-3.620870643671875015e-05
-3.599241321250000057e-05
-3.766744592421875104e-05
-3.860433509296874532e-05
-3.787076918437499507e-05
-3.694150940624999489e-05
-3.619535500312499524e-05
-3.527372461562499592e-05
-3.516805755546874540e-05
-3.738935463593749578e-05
-4.105108066640625038e-05
-4.294965452343749515e-05
-4.216802345390625027e-05
-4.113843718906249746e-05
-4.142263198984374935e-05
-4.255407061953124547e-05
-4.520261357499999710e-05
-5.046078959374999728e-05
-5.430829128593749798e-05
-5.146748768671874748e-05
-4.453008279140624703e-05
-4.015920490234374903e-05
-4.022252884453124541e-05
-4.213407266562499572e-05
-4.433400745234374773e-05
-4.671437732734374794e-05
-4.807660502343749664e-05
-4.703710055078124677e-05
-4.313390430703125056e-05
-3.792036022343750072e-05
-3.532789328906250074e-05
-3.720777513906249948e-05
-4.121282374765624577e-05
-4.420278193359374904e-05
-4.386708874609374466e-05
-3.955190540859374894e-05
-3.362806505781250083e-05
-3.025129676718750024e-05
-3.212278628749999599e-05
-3.677213693437499862e-05
-3.781774491953124513e-05
-3.335378846484374601e-05
-2.783812051250000036e-05
-2.514685296953124861e-05
-2.668226783281249739e-05
-3.146513281562499830e-05
-3.553579418359375071e-05
-3.622091346171875018e-05
-3.418996967734374507e-05
-3.107145625937499545e-05
-2.874334771015624984e-05
-2.871435602578124722e-05
-3.043821683749999783e-05
-3.148954686562499837e-05
-2.998350515624999819e-05
-2.765692248515625004e-05
-2.859571900156249793e-05
-3.237150442187499588e-05
-3.383291419609374911e-05
-3.159292510859374592e-05
-2.928121974921875015e-05
-2.902716104140624898e-05
-2.930067469531249830e-05
-2.869909724453124887e-05
-2.894209333593749810e-05
-3.153303439218750062e-05
-3.427808913906249766e-05
-3.510740390000000136e-05
-3.516080963437500067e-05
-3.527868371953125123e-05
-3.354948233437499594e-05
-2.924459867421875004e-05
-2.579535117265624797e-05
-2.597349744374999997e-05
-2.783277993906249908e-05
-2.754972954687499867e-05
-2.417257978671874871e-05
-2.128447396562499892e-05
-2.221640403046874806e-05
-2.465094257890624969e-05
-2.500685365156249756e-05
-2.498091372343750003e-05
-2.735174686015624915e-05
-3.050955163984374782e-05
-3.145559607734375060e-05
-3.045118680156249998e-05
-2.977522279218749885e-05
-2.916639742031249791e-05
-2.786634925781249748e-05
-2.780416972421874920e-05
-2.936018394218749763e-05
-3.027227759140624925e-05
-3.032263156953125024e-05
-3.060530049218749789e-05
-3.090589848281249962e-05
-3.092497195937500180e-05
-3.039511078046874834e-05
-3.033979769843749881e-05
-3.250959639218749670e-05
-3.526990992031249549e-05
-3.537214375468749494e-05
-3.334539613515624640e-05
-3.239897022812499765e-05
-3.383939917812499510e-05
-3.684118291953124904e-05
-3.761442165937500109e-05
-3.413465659531249893e-05
-3.283689725000000148e-05
-3.681448005234374599e-05
-3.994748931249999862e-05
-3.996885160624999699e-05
-4.014966816406250133e-05
-4.111936371249999528e-05
-4.107244296015624875e-05
-4.002683497499999547e-05
-3.913877390625000133e-05
-3.910024548359374762e-05
-4.042814092187499919e-05
-4.065702264062499816e-05
-3.710248954843749832e-05
-3.453596254218749587e-05
-3.813207581328125113e-05
-4.453542336484374493e-05
-4.864499462500000042e-05
-4.836270717187499536e-05
-4.467542268281249937e-05
-4.216001259375000003e-05
-4.164731754374999853e-05
-3.934476745312499770e-05
-3.571470339375000145e-05
-3.497083780781249800e-05
-3.864667821093749946e-05
-4.377324724140624481e-05
-4.649274352968750046e-05
-4.653241636093749550e-05
-4.560658980859374638e-05
-4.372785236718749574e-05
-4.134328632734374573e-05
-4.129331381874999749e-05
-4.407231935390624908e-05
-4.590985808593750045e-05
-4.497182450859374452e-05
-4.423291802656249637e-05
-4.576718848125000045e-05
-4.664685722031249499e-05
-4.385984082499999994e-05
-4.002378321875000054e-05
-3.929517641406249883e-05
-4.129178794062500003e-05
-4.250829427578124703e-05
-4.128721030625000086e-05
-4.134023457109375080e-05
-4.576146643828124641e-05
-4.921986920859375021e-05
-4.715421169687499859e-05
-4.409406311718749681e-05
-4.405667910312499797e-05
-4.517438482968749659e-05
-4.621427077187499583e-05
-4.792821337578124938e-05
-4.949033110624999782e-05
-5.001981081562499853e-05
-5.029370593906249721e-05
-5.070607450234374610e-05
-5.045239726406249768e-05
-4.938008641171874813e-05
-4.876859075312499825e-05
-4.855344193749999677e-05
-4.689290506796874931e-05
-4.474332425937499491e-05
-4.530942504374999572e-05
-4.749753427499999706e-05
-4.750363778750000046e-05
-4.493100726874999461e-05
-4.134977130937499850e-05
-3.876111907031249895e-05
-3.906553175625000112e-05
-4.106557650859374661e-05
-4.289777466718750008e-05
-4.480092615859375079e-05
-4.609258199140624484e-05
-4.541432916484374751e-05
-4.394834175624999511e-05
-4.329717326640625019e-05
-4.268453319921874543e-05
-4.092290690390624661e-05
-3.870008394531249877e-05
-3.881833949999999870e-05
-4.212835062265624846e-05
-4.495885454453124575e-05
-4.601743249374999780e-05
-4.879414921171874642e-05
-5.270039721171874432e-05
-5.275532882421874787e-05
-4.946362823906249478e-05
-4.725835287890624487e-05
-4.658048152187499691e-05
-4.545514640468749742e-05
-4.373815204453124894e-05
-4.351422942968749850e-05
-4.519765447109374857e-05
-4.621121901562500091e-05
-4.641377933671874621e-05
-4.742543653359374494e-05
-4.834020046953124889e-05
-4.820172702968749870e-05
-4.771153868203125044e-05
-4.718472925937499529e-05
-4.690244180624999701e-05
-4.771153868203125044e-05
-4.911839831328124948e-05
-4.919278487187499780e-05
-4.725644553124999804e-05
-4.500119766249999990e-05
-4.434659594687499713e-05
-4.551770740781249506e-05
-4.738576370234374991e-05
-4.884564759843749890e-05
-4.946286529999999605e-05
-4.912450182578124611e-05
-4.826581391093750058e-05
-4.815556921640625089e-05
-4.907147756093749617e-05
-4.920613630546874593e-05
-4.747922373750000039e-05
-4.562757063281249538e-05
-4.655950069765624791e-05
-5.023686697890624684e-05
-5.227162545859374561e-05
-4.966885884687499919e-05
-4.571569009453124797e-05
-4.551770740781249506e-05
-4.848096272656249528e-05
-4.979054762734375019e-05
-4.750516366562499793e-05
-4.395177498203124618e-05
-4.236676907968749513e-05
-4.362600000234374565e-05
-4.553830676249999470e-05
-4.589269195703124510e-05
-4.471280669687499820e-05
-4.323003462890624661e-05
-4.229390839921875106e-05
-4.202726119687499710e-05
-4.261625015312500052e-05
-4.363019616718749545e-05
-4.357030545078125015e-05
-4.249456137265624953e-05
-4.229581574687499789e-05
-4.329221416249999488e-05
-4.346501986015624899e-05
-4.185292962109374553e-05
-4.028928601249999963e-05
-4.072492421718750048e-05
-4.304540337578124861e-05
-4.469449615937499476e-05
-4.289281556328124477e-05
-3.907544996406249818e-05
-3.733366008437500027e-05
-3.866422580937499740e-05
-4.099729346249999493e-05
-4.224164707343749985e-05
-4.189832449531250138e-05
-4.177282101953124995e-05
-4.267575939999999646e-05
-4.293592162031249765e-05
-4.143522048437499875e-05
-3.859937598906249678e-05
-3.726804732500000093e-05
-4.043386296484374645e-05
-4.599988489531249986e-05
-4.885976197109374576e-05
-4.768140258906249633e-05
-4.607007528906249838e-05
-4.682118879609374656e-05
-4.822957430546874984e-05
-4.758527226718750028e-05
-4.559476425312499571e-05
-4.478833766406249461e-05
-4.460523228906250085e-05
-4.238164639140624751e-05
-3.869550631093749961e-05
-3.731611248593749556e-05
-3.960874436874999932e-05
-4.187467338437500004e-05
-4.069974722812499490e-05
-3.817289305312500104e-05
-3.775289509921875129e-05
-3.916013619999999970e-05
-3.957708239765624775e-05
-3.709104546249999702e-05
-3.383634742187500017e-05
-3.537214375468749494e-05
-4.216382728906250047e-05
-4.706418488749999917e-05
-4.789884022187500078e-05
-4.728352986796875045e-05
-4.415700558984375060e-05
-4.041288214062499745e-05
-4.061811274843749508e-05
-4.426648734531249478e-05
-4.871594795781249767e-05
-5.242573914921874691e-05
-5.450055192968749685e-05
-5.568081865937499989e-05
-5.682522725312499478e-05
-5.564000141953124998e-05
-5.052335059687499492e-05
-4.626500621953124958e-05
-4.654500485546874490e-05
-4.819714939531249953e-05
-4.866597544921874943e-05
-4.793927599218749454e-05
-4.608380819218749587e-05
-4.474332425937499491e-05
-4.525983400468749684e-05
-4.611470722421874872e-05
-4.550702626093749926e-05
-4.441640487109374628e-05
-4.545629081328124552e-05
-4.834439663437499870e-05
-4.994809454374999578e-05
-4.876935369218749698e-05
-4.599149256562500026e-05
-4.427945730937500032e-05
-4.566381023828124612e-05
-4.877545720468750038e-05
-4.892232297421875018e-05
-4.564282941406249712e-05
-4.517514776874999533e-05
-4.893452999921875022e-05
-5.230443183828124528e-05
-5.245511230312499551e-05
-4.901273125312499896e-05
-4.534146848437499666e-05
-4.528348511562499818e-05
-4.644963747265624758e-05
-4.513852669374999522e-05
-4.311292348281249478e-05
-4.305341423593749884e-05
-4.412801390546874458e-05
-4.525678224843749514e-05
-4.648740295624999579e-05
-4.713132352499999598e-05
-4.687535746953124460e-05
-4.601819543281249653e-05
-4.434774035546874523e-05
-4.276426033124999842e-05
-4.242627832656249785e-05
-4.267881115624999817e-05
-4.332578348125000006e-05
-4.471242522734374884e-05
-4.458272558671874761e-05
-4.170682679062500124e-05
-3.917272469453124910e-05
-3.859746864140624996e-05
-3.739927284374999962e-05
-3.311994764218749850e-05
-2.881926014687499901e-05
-3.037031526093749890e-05
-3.580320432499999663e-05
-3.804014165624999811e-05
-3.652036704374999704e-05
-3.441007759687499508e-05
-3.218687316874999788e-05
-3.107527095468749588e-05
-3.223646420781249675e-05
-3.342931943203124919e-05
-3.378217874843749536e-05
-3.505323522656249654e-05
-3.734205241406249987e-05
-4.008710716093749691e-05
-4.402997623593749493e-05
-4.677274216562499578e-05
-4.282148076093749816e-05
-3.283422696328124914e-05
-2.453001673749999743e-05
-2.280310416953124851e-05
-2.575567834140624955e-05
-2.863539183281249974e-05
-2.932737756249999796e-05
-2.946279924609374984e-05
-2.873953301484374941e-05
-2.484701791796874900e-05
-1.966246551874999840e-05
-1.805533438359375025e-05
-2.051695726874999752e-05
-2.175978500156249820e-05
-1.917609186640625057e-05
-1.727713653984374966e-05
-1.839903843124999808e-05
-1.854285244453124956e-05
-1.702612958828125019e-05
-1.783446352499999812e-05
-2.130316597265624834e-05
-2.381361695781249914e-05
-2.315825230312499764e-05
-2.029646787968749814e-05
-1.708678324374999762e-05
-1.447676871093749970e-05
-1.311911864921875016e-05
-1.375083219296874863e-05
-1.534194160781249800e-05
-1.459426132656249920e-05
-1.095427905937499911e-05
-8.316035781249998989e-06
-9.598154875781248727e-06
-1.353453896874999905e-05
-1.664198977031249843e-05
-1.780165714531249844e-05
-1.920546502031249917e-05
-2.120589124218749742e-05
-2.139319278203124776e-05
-1.996115616171874991e-05
-1.991270953124999913e-05
-2.223700338515624769e-05
-2.496565494218749829e-05
-2.680662689999999734e-05
-2.717970410156249716e-05
-2.564924834218750029e-05
-2.460631064374999935e-05
-2.477186842031249857e-05
-2.338942283906249959e-05
-2.019118228906250037e-05
-1.713103370937499859e-05
-1.537436651796874831e-05
-1.447447989375000012e-05
-1.473120888828124854e-05
-1.796797786093749978e-05
-2.228659442421874996e-05
-2.391432491406249774e-05
-2.338064903984374724e-05
-2.271269589062499972e-05
-2.173575242109374749e-05
-2.030524167890625050e-05
-1.955832433671874873e-05
-2.032774838125000035e-05
-2.185858561015624997e-05
-2.146872374921874756e-05
-1.877364151093749875e-05
-1.788558044218749784e-05
-2.016447942187500072e-05
-2.245177073124999981e-05
-2.343825093906249974e-05
-2.431906408671874914e-05
-2.578848472109374922e-05
-2.680967865624999904e-05
-2.579268088593749902e-05
-2.249258797109374971e-05
-1.734847134218749966e-05
-1.344985273281249923e-05
-1.499633021249999995e-05
-1.929701770781249944e-05
-2.105978841171874974e-05
-2.086218719453124959e-05
-2.121275769374999956e-05
-2.193678686406249872e-05
-2.176626998359374758e-05
-1.982115684374999886e-05
-1.656264410781249820e-05
-1.403006788984374860e-05
-1.289862926015624909e-05
-1.286696728906249921e-05
-1.457022874609374849e-05
-1.678542231406250054e-05
-1.786726990468749779e-05
-1.837309850312500054e-05
-1.759795241562499827e-05
-1.445807670390624859e-05
-1.137923611718749908e-05
-1.124267002499999911e-05
-1.372145903906250003e-05
-1.738738123437499935e-05
-2.134932378593749954e-05
-2.404326161562500024e-05
-2.405394276249999942e-05
-2.177885847812500037e-05
-1.879919996953125031e-05
-1.661910159843749921e-05
-1.737288539218749973e-05
-2.212866603828124822e-05
-2.754667779062500035e-05
-2.921102935546874825e-05
-2.567137357499999739e-05
-2.000121046249999770e-05
-1.820296309218749877e-05
-2.193068335156249870e-05
-2.794226169453125003e-05
-3.365934555937499627e-05
-3.739583961796874855e-05
-3.854139262031249831e-05
-3.951871755937499991e-05
-4.299123470234375056e-05
-4.770352782187500020e-05
-4.903104179062499563e-05
-4.516446662187499953e-05
-4.160497442578125116e-05
-4.419553401249999753e-05
-5.064465790781249655e-05
-5.425412261249999994e-05
-5.237576664062499867e-05
-4.847867390937499909e-05
-4.695699194921874441e-05
-4.795224595625000009e-05
-4.878156071718749701e-05
-4.886548401406249980e-05
-5.007397948906249657e-05
-5.230099861249999421e-05
-5.340802319218749704e-05
-5.249020749999999815e-05
-5.018460565312499562e-05
-4.763104861093749872e-05
-4.463689426015624565e-05
-4.179799800859374876e-05
-4.226873141015624548e-05
-4.510343149687499935e-05
-4.612157367578125086e-05
-4.585797822968749860e-05
-4.724194968906249504e-05
-4.982602429374999542e-05
-5.150983080468749485e-05
-5.271374864531249923e-05
-5.461499278906249634e-05
-5.585438729609374595e-05
-5.487362913125000006e-05
-5.276868025781249601e-05
-5.128094908593749588e-05
-5.094983353281249745e-05
-5.159451704062499637e-05
-5.190999234296875047e-05
-5.114323858515624441e-05
-5.053021704843749706e-05
-5.030324267734374491e-05
-4.959866845312500068e-05
-4.906728139609374637e-05
-4.996182744687500005e-05
-5.174672338359375084e-05
-5.270001574218749496e-05
-5.325772419687499617e-05
-5.476300296718749423e-05
-5.590359686562499546e-05
-5.645215005156249834e-05
-5.880238383359374444e-05
-6.199604674921874788e-05
-6.224705370078125073e-05
-5.929104630312499524e-05
-5.683094929609374882e-05
-5.693737929531249807e-05
-5.854107720468749515e-05
-6.078182923124999707e-05
-6.289745925156249693e-05
-6.317249878359374371e-05
-6.062161202812499914e-05
-5.661694488906249544e-05
-5.415722935156249839e-05
-5.514103927265624598e-05
-5.759617717578125064e-05
-5.704724252031249840e-05
-5.329739702812499798e-05
-5.135571711406250033e-05
-5.301549104453124906e-05
-5.486714414921874729e-05
-5.452038834531249776e-05
-5.312344692187499578e-05
-5.325467244062499447e-05
-5.546147367890624861e-05
-5.748021043828124691e-05
-5.723645140781249556e-05
-5.481717164062499905e-05
-5.219990918671874963e-05
-5.258290459609374991e-05
-5.688321062187500003e-05
-6.111447066249999296e-05
-6.182552986875000352e-05
-6.011921665546874407e-05
-5.849072322656249755e-05
-5.805317767421874986e-05
-5.814015272734374758e-05
-5.741116445312499650e-05
-5.503155751718749502e-05
-5.240819155078124897e-05
-5.323865072031250077e-05
-5.731350825312499621e-05
-5.960919189218749490e-05
-5.819165111406250006e-05
-5.564763081015624408e-05
-5.466115060234374415e-05
-5.553509729843749819e-05
-5.682713460078124838e-05
-5.868298387031249642e-05
-6.182324105156249377e-05
-6.392170494296874506e-05
-6.258122101015625087e-05
-5.954968264531249896e-05
-5.783230681562499435e-05
-5.720440796718749462e-05
-5.644871682578124727e-05
-5.626637438984374547e-05
-5.694195692968749724e-05
-5.813710097109374588e-05
-5.938984691171875040e-05
-5.916401694921874635e-05
-5.748249925546874988e-05
-5.697171155312499521e-05
-5.911976648359374537e-05
-6.139294342031249082e-05
-6.054608106093749596e-05
-5.779835602734374658e-05
-5.692631667890624613e-05
-5.866047716796874995e-05
-5.990711959609374429e-05
-5.814434889218749738e-05
-5.414502232656249835e-05
-5.215527725156249929e-05
-5.615040765234374852e-05
-6.266972194140625282e-05
-6.463238267968749947e-05
-6.086384518046874625e-05
-5.594441410546874537e-05
-5.419003573124999806e-05
-5.616909965937499455e-05
-5.972515862968749863e-05
-6.130711277578124120e-05
-5.895344576796874404e-05
-5.524136575937499860e-05
-5.409237953124999777e-05
-5.583493234999999441e-05
-5.695721571093749898e-05
-5.583569528906249992e-05
-5.558697715468750004e-05
-5.788227932421874936e-05
-5.968014522499999892e-05
-5.890309178984374643e-05
-5.748783982890624778e-05
-5.716893130078124939e-05
-5.626522998124999737e-05
-5.224072642656249954e-05
-4.709012481562499671e-05
-4.633977424765624726e-05
-4.988362619296874453e-05
-5.211865617656249918e-05
-5.200841148203124949e-05
-5.235974492031249819e-05
-5.299336581171874518e-05
-5.284878885937499836e-05
-5.318371910781249722e-05
-5.298764376874999792e-05
-4.988515207109374877e-05
-4.660642144999999444e-05
-4.546315726484374765e-05
-4.539601862734375084e-05
-4.727094137343750105e-05
-5.017850214062499899e-05
-5.017735773203125090e-05
-4.656751155781249814e-05
-4.320371323124999971e-05
-4.364545494843749719e-05
-4.620969313749999667e-05
-4.832227140156249482e-05
-5.076443934062500071e-05
-5.330350054062499461e-05
-5.473324834374999626e-05
-5.510251084999999904e-05
-5.474545536874999630e-05
-5.475461063749999463e-05
-5.602948181093749626e-05
-5.690266556796874479e-05
-5.511433640546874971e-05
-5.114094976796874822e-05
-4.752995918515624736e-05
-4.617002030624999486e-05
-4.630086435546875096e-05
-4.757153936406249600e-05
-5.157086592968749503e-05
-5.643994302656249831e-05
-5.781628509531249388e-05
-5.475995121093749931e-05
-4.997632328906249628e-05
-4.635846625468750007e-05
-4.518735479374999536e-05
-4.591672453749999581e-05
-4.560391952187500082e-05
-4.328611064999999825e-05
-4.231107452812499963e-05
-4.390866892500000008e-05
-4.659268854687499694e-05
-4.925610881406250095e-05
-5.064465790781249655e-05
-5.109860665000000085e-05
-5.235860051171875010e-05
-5.418469515781250016e-05
-5.549389858906249892e-05
-5.700566234140624976e-05
-5.847851620156249751e-05
-5.892330967499999670e-05
-5.913845849062499818e-05
-5.856930594999999566e-05
-5.639645549999999606e-05
-5.404698465703124870e-05
-5.138394585937500084e-05
-4.917828902968749479e-05
-5.109402901562499490e-05
-5.559689536249999710e-05
-5.755078230156249479e-05
-5.586430550390624979e-05
-5.222775646250000077e-05
-4.886968017890624960e-05
-4.804379864374999697e-05
-4.884679200703124699e-05
-4.737164932968749626e-05
-4.358136806718749531e-05
-4.209058513906250025e-05
-4.530637328750000079e-05
-5.069234159921874860e-05
-5.425068938671874887e-05
-5.410153479999999611e-05
-5.103184948203124663e-05
-4.694783668046874608e-05
-4.336965247734374490e-05
-4.052884887812500118e-05
-3.755186065624999668e-05
-3.640821500156250052e-05
-3.973386637500000138e-05
-4.401013982031250080e-05
-4.493100726874999461e-05
-4.322965315937499724e-05
-4.010084006406250119e-05
-3.602979722656249941e-05
-3.371732892812500152e-05
-3.463934078515625020e-05
-3.559949959531249645e-05
-3.380506692031249796e-05
-3.073194837656249742e-05
-3.023107888203124997e-05
-3.482778673359374864e-05
-4.042127447031249705e-05
-4.127462181171874468e-05
-3.948018913671874619e-05
-3.811643556250000003e-05
-3.673627879843749725e-05
-3.699071897578125117e-05
-3.874509734999999848e-05
-3.879545132812499609e-05
-3.759725553046874575e-05
-3.797948800078124730e-05
-3.951375845546875137e-05
-3.919179817109375128e-05
-3.641813320937499758e-05
-3.474310049765624712e-05
-3.662450822578125010e-05
-3.852689677812499530e-05
-3.746221531640624662e-05
-3.713453298906249926e-05
-4.103925511093749971e-05
-4.591519865937499834e-05
-4.680020797187499755e-05
-4.422719598359374911e-05
-4.207074872343749935e-05
-4.161908879843749802e-05
-4.127767356796874638e-05
-4.035947640624999814e-05
-4.044225529453124605e-05
-4.256551470546874677e-05
-4.470899200156249777e-05
-4.512097909531249728e-05
-4.490964497499999624e-05
-4.375951433828124731e-05
-4.151571055546875047e-05
-4.117620267265624566e-05
-4.324796369687500068e-05
-4.442594160937500075e-05
-4.371869709843749741e-05
-4.350469269140625080e-05
-4.413983946093749525e-05
-4.457318884843749991e-05
-4.483029931249999940e-05
-4.344632785312499618e-05
-3.959958910000000099e-05
-3.777349445390625093e-05
-4.152829904999999987e-05
-4.568097636718749469e-05
-4.510839060078124788e-05
-4.332959817656250050e-05
-4.386136670312499740e-05
-4.390218394296874731e-05
-4.156110542968749955e-05
-3.984830723437500087e-05
-4.051244568828125134e-05
-4.099920081015624853e-05
-3.933713806249999683e-05
-3.714597707500000057e-05
-3.707464227265624718e-05
-3.969419354374999957e-05
-4.297330563437499649e-05
-4.427678702265624798e-05
-4.334867165312499590e-05
-4.143750930156249495e-05
-3.889501487578124998e-05
-3.779371233906250120e-05
-4.005620812890625085e-05
-4.245336266328125026e-05
-4.212033976249999822e-05
-4.173658141406249921e-05
-4.388120311874999831e-05
-4.634931098593749496e-05
-4.642064578828124834e-05
-4.482572167812500023e-05
-4.361493738593750049e-05
-4.366605430312499683e-05
-4.414556150390624929e-05
-4.405362734687499627e-05
-4.471242522734374884e-05
-4.776074825156249995e-05
-5.153500779375000043e-05
-5.395695784765624928e-05
-5.447117877578124825e-05
-5.098759901640624565e-05
-4.404142032187499623e-05
-4.054487059843749487e-05
-4.272306162187499914e-05
-4.449880228984374482e-05
-4.398458136171874586e-05
-4.437329881406250017e-05
-4.566266582968749803e-05
-4.579045812265624565e-05
-4.512403085156249899e-05
-4.356534634687499484e-05
-3.973577372265624821e-05
-3.765066126484374506e-05
-4.093129923359374622e-05
-4.481771081796874999e-05
-4.534680905781249456e-05
-4.427106497968750072e-05
-4.290578552734375031e-05
-4.074247181562499841e-05
-3.865926670546874887e-05
-3.796041452421874512e-05
-3.850782330156249990e-05
-3.961484788124999595e-05
-3.986394748515624520e-05
-3.890760337031249938e-05
-3.908002759843749735e-05
-4.095800210078124926e-05
-4.171788940703124641e-05
-4.066846672656249947e-05
-4.023397293046874671e-05
-4.111097138281249568e-05
-4.150960704296874706e-05
-4.009168479531249608e-05
-3.778646441796874969e-05
-3.692968385078125099e-05
-3.815801574140624867e-05
-3.933523071484375000e-05
-3.832471792656249937e-05
-3.631322908828124579e-05
-3.641889614843749632e-05
-3.843381821250000096e-05
-3.971555583749999794e-05
-3.977887977968750109e-05
-3.877408903437499772e-05
-3.727491377656249629e-05
-3.786733595859375078e-05
-3.959844469140624612e-05
-3.814008667343750137e-05
-3.432882458671875141e-05
-3.245085008437499950e-05
-3.224561947656249508e-05
-3.063619952421875074e-05
-2.799795624609374893e-05
-2.729757818671874772e-05
-2.894056745781249724e-05
-3.140295328203125002e-05
-3.459318297187499562e-05
-3.731954571171874663e-05
-3.750646578203124760e-05
-3.607862532656249955e-05
-3.505437963515625142e-05
-3.545492264296874963e-05
-3.825567194140624895e-05
-4.271695810937499574e-05
-4.575040382187499447e-05
-4.538800776718750061e-05
-4.242208216171874805e-05
-3.945157892187499632e-05
-3.803518255234374958e-05
-3.740766517343749922e-05
-3.734243388359374924e-05
-3.786542861093749717e-05
-3.711736686015625070e-05
-3.546178909453124499e-05
-3.676069284843749732e-05
-4.070737661874999577e-05
-4.215390908124999663e-05
-3.966977949374999950e-05
-3.760297757343749979e-05
-3.871152803125000008e-05
-4.054105590312500121e-05
-4.084470564999999787e-05
-4.066121880546874796e-05
-4.157293098515625022e-05
-4.382627150624999476e-05
-4.650533202421874986e-05
-4.798657821406249722e-05
-4.676320542734374808e-05
-4.362409265468749882e-05
-4.141233231249999614e-05
-4.072606862578124858e-05
-4.190900564218749718e-05
-4.724957907968749591e-05
-5.389554125312499974e-05
-5.602261535937499412e-05
-5.470540106796874512e-05
-5.481831604921874715e-05
-5.700528087187500039e-05
-5.858075003593749697e-05
-5.858380179218749867e-05
-6.020123260468750003e-05
-6.624370997968749065e-05
-7.298656541406250281e-05
-7.501979801562499734e-05
-7.257076362500000286e-05
-6.880260759531249223e-05
-6.486774938046874445e-05
-6.092221001874999409e-05
-5.895420870703124954e-05
-6.162640277343749574e-05
-6.649242811406249731e-05
-6.663738653593750028e-05
-6.145779324062499143e-05
-5.688015886562499833e-05
-5.560719503984375031e-05
-5.677945090937499634e-05
-5.865704394218749888e-05
-5.876309247187499877e-05
-5.755764875312499693e-05
-5.746189990078125025e-05
-5.858837942656249783e-05
-6.006809973828124773e-05
-6.077381837109374684e-05
-6.001660135156249525e-05
-5.955731203593749983e-05
-6.088101130937499482e-05
-6.281277301562500218e-05
-6.453854117499999285e-05
-6.645237381328125291e-05
-6.729008090390624266e-05
-6.535908213671874081e-05
-6.117283550078124758e-05
-5.709912237656250024e-05
-5.672985987031249746e-05
-6.088558894374999399e-05
-6.499706755156250309e-05
-6.593395672031249059e-05
-6.477657816249999016e-05
-6.262356412812499146e-05
-6.120220865468749619e-05
-6.175228771875000331e-05
-6.245419165625000198e-05
-6.186215094374999685e-05
-6.082340941015624571e-05
-6.035916099062499498e-05
-6.066242926796874905e-05
-6.151348779218749371e-05
-6.159435933281249480e-05
-5.943295296874999650e-05
-5.670773463750000036e-05
-5.567395220781249775e-05
-5.605427733046874569e-05
-5.781514068671874578e-05
-6.064831489531249541e-05
-6.280628803359374263e-05
-6.315724000234374197e-05
-6.141659453124999216e-05
-5.893093906562499757e-05
-5.816304089921875019e-05
-5.882603494453124578e-05
-5.883290139609374792e-05
-5.772740269453124933e-05
-5.622174245468749513e-05
-5.595471378281249858e-05
-5.765339760546875039e-05
-5.902439910078124806e-05
-5.842511046718749820e-05
-5.761944681718749584e-05
-5.830380315624999658e-05
-5.924221820312499509e-05
-5.948941045937499751e-05
-5.914341759453124671e-05
-5.712468083515624841e-05
-5.508420031249999560e-05
-5.625569324296874967e-05
-5.881573526718749935e-05
-5.979458608437499841e-05
-6.018864411015624385e-05
-6.135098177187499281e-05
-6.257321014999999386e-05
-6.317478760078125346e-05
-6.350781050156249872e-05
-6.377941680781249443e-05
-6.328426935624999086e-05
-6.116215435390625179e-05
-5.808255082812499847e-05
-5.702015818359374599e-05
-6.036755332031249458e-05
-6.491619601093750200e-05
-6.531101697578125295e-05
-6.304089179531250243e-05
-6.278568867890624977e-05
-6.446072139062500024e-05
-6.566158747499999614e-05
-6.439854185703125196e-05
-6.029736292656249607e-05
-5.627324084140624761e-05
-5.448147845312499468e-05
-5.326153889218749661e-05
-5.186001983437499546e-05
-5.262295889687499431e-05
-5.512043991796874634e-05
-5.519215618984374909e-05
-5.205876546015624710e-05
-4.989278146171874964e-05
-5.049168862578125013e-05
-5.155255539218749837e-05
-5.284421122499999919e-05
-5.477368411406249681e-05
-5.418774691406249509e-05
-4.946210236093749732e-05
-4.484212486796875007e-05
-4.515187812734375013e-05
-4.982411694609374859e-05
-5.418698397499999636e-05
-5.474698124687500054e-05
-5.321690695703124626e-05
-5.378491508906250068e-05
-5.528370887734374597e-05
-5.337903150781249780e-05
-4.951550809531249663e-05
-4.723699058515624651e-05
-4.564549970078124946e-05
-4.371259358593750078e-05
-4.405362734687499627e-05
-4.805638713828124637e-05
-5.190961087343749433e-05
-5.203435141015624703e-05
-5.039822859062499964e-05
-4.990422554765625094e-05
-4.945981354374999434e-05
-4.727933370312500065e-05
-4.447438823984374475e-05
-4.366529136406249810e-05
-4.552838855468749763e-05
-4.793202807109374981e-05
-4.903714530312499903e-05
-4.889981627187499694e-05
-4.757878728515624751e-05
-4.583356417968749853e-05
-4.577939550625000049e-05
-4.723508323749999968e-05
-4.901769035703124749e-05
-5.017468744531249856e-05
-4.834058193906249826e-05
-4.466474153593749679e-05
-4.351537383828124660e-05
-4.488790121171874851e-05
-4.612119220624999471e-05
-4.674260607265624844e-05
-4.620740432031250047e-05
-4.476697537031249625e-05
-4.430654164609374595e-05
-4.447858440468749455e-05
-4.534375730156249963e-05
-4.805524272968749827e-05
-5.043179790937499804e-05
-5.065724640234374595e-05
-5.042645733593750015e-05
-5.117947819062499516e-05
-5.339734204531249446e-05
-5.737683219531249936e-05
-6.095005729453124523e-05
-6.080548034218749841e-05
-5.702092112265624472e-05
-5.297467380468749915e-05
-5.210454180390624554e-05
-5.417363254140624822e-05
-5.523335489921874837e-05
-5.418164340156249846e-05
-5.354840397968750084e-05
-5.392682175468749517e-05
-5.415036289999999625e-05
-5.352475286874999950e-05
-5.161130169999999558e-05
-4.896771784843749925e-05
-4.735753495703124940e-05
-4.758603520624999901e-05
-4.901463860078124579e-05
-5.134198421093749606e-05
-5.476071414999999804e-05
-5.845486509062499617e-05
-6.102558826171874842e-05
-6.169964492343749595e-05
-5.963208006406249751e-05
-5.417744723671874866e-05
-4.620358962500000004e-05
-3.846280989687500020e-05
-3.575285034687499902e-05
-3.952787282812499824e-05
-4.347684541562499966e-05
-4.253461567343750071e-05
-3.976667275468750106e-05
-3.999479153437500130e-05
-4.217832313124999670e-05
-4.100187109687500087e-05
-3.559797371718749899e-05
-3.091581669062499669e-05
-2.973326114374999745e-05
-2.943342609218749784e-05
-2.708052202343749941e-05
-2.311247595937499920e-05
-2.046545888203124842e-05
-2.158316460859375043e-05
-2.352408158359374935e-05
-2.249220650156250035e-05
-2.173537095156249813e-05
-2.387579649140624742e-05
-2.572630518749999755e-05
-2.590521439765624829e-05
-2.575605981093749891e-05
-2.554472569062499787e-05
-2.580412497187500032e-05
-2.714460890468749790e-05
-2.789839269843749842e-05
-2.645109729687499883e-05
-2.424009989374999828e-05
-2.210158170156249920e-05
-1.899451236953124750e-05
-1.767272044374999934e-05
-2.112921586640624953e-05
-2.501066834687499800e-05
-2.467459368984374765e-05
-2.273291377578125000e-05
-2.395590509296874977e-05
-2.854689090156249778e-05
-3.214529298984374924e-05
-3.192671094843749669e-05
-2.952803053593749982e-05
-2.739943055156249781e-05
-2.687490994609374902e-05
-2.836492993515624873e-05
-3.025625587109374878e-05
-3.080671640468750187e-05
-3.107603389375000139e-05
-3.198774607343749687e-05
-3.220709105390624815e-05
-3.091848697734374902e-05
-2.891767928593749802e-05
-2.796362398828124840e-05
-2.894895978750000023e-05
-2.994535820312499723e-05
-2.930715967734374768e-05
-2.874296624062499709e-05
-2.992208856171874864e-05
-3.143690407031249779e-05
-3.208082463906249799e-05
-3.318212717578124677e-05
-3.359831043437499609e-05
-3.128431625781250073e-05
-3.053129540312499895e-05
-3.355940054218749978e-05
-3.512838472421875037e-05
-3.369863692109374871e-05
-3.287275538593749608e-05
-3.352735710156249884e-05
-3.390882663281250166e-05
-3.390196018124999952e-05
-3.454130311562500055e-05
-3.459356444140624498e-05
-3.221357603593750092e-05
-2.854116885859374713e-05
-2.721251048125000022e-05
-3.071249343046874588e-05
-3.621824317499999785e-05
-3.818471860859374493e-05
-3.535574056484374510e-05
-3.201483041015624928e-05
-3.113630607968749606e-05
-3.048475612031249839e-05
-2.908018530624999892e-05
-2.938459799218749770e-05
-3.151777561093749888e-05
-3.329237187031249646e-05
-3.362997240546874766e-05
-3.241232166171874578e-05
-3.016203289687499956e-05
-2.682074127265624759e-05
-2.231825639531249814e-05
-2.106779927187499998e-05
-2.650526597031250026e-05
-3.243673571171874586e-05
-3.207357671796874648e-05
-2.840727305312499949e-05
-2.779615886406249897e-05
-2.998503103437499904e-05
