-8.634562839843749923e-07
-1.897810917968749851e-06
-2.781675821874999691e-06
-3.491399884765624762e-06
-3.509519687499999709e-06
-2.642820912499999707e-06
-1.968954985546874742e-06
-2.914045749218749868e-06
-4.892156003515624637e-06
-6.176563915234374805e-06
-6.733127961328124532e-06
-7.259174444921875017e-06
-7.284732903515624880e-06
-6.487652317968749341e-06
-5.288121376953124528e-06
-3.727338789843749713e-06
-2.136229374999999915e-06
-1.623915794531249894e-06
-2.411841111328124983e-06
-2.919958526953124779e-06
-1.530455759374999832e-06
1.013564544531250009e-06
2.634619317578124789e-06
2.482794444140624767e-06
9.136195273437499277e-07
-9.069438105468749081e-07
-1.572608142578124850e-06
-1.331519398828124989e-06
-1.638030167187499936e-06
-2.543829569140624946e-06
-2.627943600781249875e-06
-1.534842658984374950e-06
-1.203154901562499930e-06
-3.000639332812499910e-06
-5.071255948437500056e-06
-5.298993258593750089e-06
-3.867338107812499912e-06
-1.922415702734375029e-06
-1.106070905859374963e-06
-2.287482044140625041e-06
-3.872869416015625034e-06
-4.267881115624999817e-06
-3.935048949609375005e-06
-4.058835812500000050e-06
-4.934117651953125183e-06
-5.210301592578125146e-06
-3.813932373437499755e-06
-1.939772566406249974e-06
-1.351355814453124836e-06
-2.485273996093749880e-06
-4.197881456640625141e-06
-4.850766559374999833e-06
-4.290006348437499458e-06
-3.609464704687500002e-06
-2.780722148046875006e-06
-7.768627003906249500e-07
1.231192912109374907e-06
7.629390625000000150e-07
-1.663779360546874905e-06
-3.676221872656249986e-06
-4.194638965624999602e-06
-3.488157393749999646e-06
-3.097914063281249984e-06
-3.791044201562499688e-06
-4.088971905468749927e-06
-3.426550064453124995e-06
-3.161428740234374852e-06
-3.896139057421874467e-06
-5.114171270703124864e-06
-5.955311587109375003e-06
-4.782864982812500057e-06
-1.611708769531249858e-06
7.299419480468749182e-07
5.987164292968749567e-07
-7.089611238281249625e-07
-1.602362766015624937e-06
-2.443121612890625074e-06
-4.149053356640624997e-06
-5.679890585546874618e-06
-5.354115605859374933e-06
-3.682706854687499794e-06
-2.422712992968749697e-06
-2.676580966015624912e-06
-4.231069305859375026e-06
-5.614659295703124639e-06
-6.170460402734374787e-06
-6.299778573828124955e-06
-6.027790798046874792e-06
-5.697819653515624459e-06
-5.868336533984374748e-06
-6.621738858203125053e-06
-8.053775478515624595e-06
-9.490198998437500316e-06
-9.908098869921875166e-06
-9.483904751171873921e-06
-8.189578631640624147e-06
-5.930134598046874506e-06
-4.011915060156250124e-06
-3.574750977343749689e-06
-4.421231867187499843e-06
-5.622288686328124661e-06
-6.368824558984374522e-06
-6.274029380468749562e-06
-5.336758742187499988e-06
-4.083059127734374592e-06
-3.282354581640624996e-06
-2.861212219140625030e-06
-2.144812439453125046e-06
-1.739119592968750020e-06
-2.358244642187499719e-06
-2.875326591796874860e-06
-2.200125521484374997e-06
-9.748453871093750015e-07
-3.717420582031249790e-07
-7.350917867187499333e-07
-1.747702657421874940e-06
-2.493666325781249905e-06
-1.553343931249999899e-06
1.210021353124999950e-06
4.049299074218749811e-06
5.672261194921874596e-06
6.301685921484374325e-06
6.591602765234374329e-06
6.686207208984374606e-06
5.900379974609374842e-06
4.136846331640624962e-06
2.508543637499999737e-06
2.187727761718749854e-06
3.248213058593750001e-06
3.893468770703124671e-06
3.402898953515624926e-06
3.364370530859375024e-06
3.869054720703124599e-06
3.915212533984374947e-06
3.987501010156250053e-06
4.648969177343749876e-06
5.588910102343750093e-06
6.454464468749999456e-06
6.794735290624999607e-06
6.368061619921874943e-06
5.296513706640624976e-06
3.940580257812500127e-06
3.184889116406249815e-06
3.557966317968749640e-06
4.514501167578124799e-06
4.945180268359374580e-06
4.314992602734374425e-06
3.338812072265624738e-06
2.506445555078124837e-06
1.574515490234374855e-06
1.031302877734374955e-06
1.015281157421874908e-06
8.928294378906249726e-07
7.431026468749999568e-07
7.776256394531249522e-07
1.042937698437499884e-06
1.455687731250000036e-06
1.621245507812499886e-06
1.569556386328124841e-06
1.435660580859374871e-06
5.140301933593750259e-07
-1.459120957031249834e-06
-2.742193725390624681e-06
-2.352331864453124808e-06
-2.083777314453124867e-06
-3.243635424218749988e-06
-4.892918942578125062e-06
-5.516621626171874986e-06
-4.619405288671874895e-06
-3.067015031249999681e-06
-2.219771202343749948e-06
-2.952383437109374663e-06
-4.753301094140625076e-06
-6.314465150781250104e-06
-6.932064321875000010e-06
-6.388279505078124368e-06
-5.345914010937500015e-06
-4.813954749609375042e-06
-4.051015687109374498e-06
-2.075766454296875055e-06
2.431868261718749724e-07
1.754950578515624961e-06
1.575087694531249963e-06
-4.175184019531249545e-07
-2.031515988671874925e-06
-1.487158967578125022e-06
3.755567535156249902e-07
1.901625613281249862e-06
1.957129430078124919e-06
8.039470371093749236e-07
-4.653928281249999890e-07
-1.475142677343749881e-06
-2.275465753906249688e-06
-2.926252774218749904e-06
-3.779218646093749865e-06
-4.594419034374999928e-06
-4.871556648828125000e-06
-5.179402560546874844e-06
-5.959317017187500121e-06
-6.857105558984374261e-06
-7.478137955859374389e-06
-8.050914457031249269e-06
-8.962626636718749827e-06
-8.955378715625000017e-06
-6.742092495312499876e-06
-4.006002282421874789e-06
-3.067015031249999681e-06
-3.442762519531249725e-06
-3.363416857031249916e-06
-2.663801736718749981e-06
-2.464865376171874926e-06
-2.656744550390624854e-06
-1.902007082812499863e-06
-4.455564124999999838e-07
-3.305433488281249640e-07
-2.522276540624999777e-06
-5.449101519140624577e-06
-6.954761758984374547e-06
-6.721302405859374709e-06
-5.925366228906249809e-06
-5.600163453515625020e-06
-5.868336533984374748e-06
-5.503079457812499629e-06
-3.700254453124999845e-06
-2.657316754687499750e-06
-4.072759450390624774e-06
-6.055065869531249343e-06
-6.682773983203124385e-06
-6.268879541796874652e-06
-5.605122557421874399e-06
-4.303929986328125028e-06
-2.086447601171875087e-06
-2.719877757812500039e-07
-3.335951050781249729e-07
-1.669882873046874923e-06
-2.201079195312500105e-06
-1.230048503515624903e-06
9.880060859374999872e-08
7.690425749999999271e-07
8.523936675781249599e-07
6.195065187500000177e-07
-1.945494609374999752e-08
-6.870266257812500041e-07
-8.855815167968749513e-07
-5.529400855468749283e-07
5.262372183593749558e-07
2.196310826171874985e-06
3.562162482812499864e-06
3.753660187500000002e-06
2.672957005468750007e-06
1.185416568359374984e-06
-5.283353007812499620e-08
-1.152610188671874888e-06
-1.782988589062499937e-06
-1.434134702734374867e-06
-6.103512499999999908e-07
-3.690717714843749711e-07
-1.618956690624999880e-06
-4.059408016796874946e-06
-5.794903649218749850e-06
-5.382153616406249910e-06
-3.100012145703124884e-06
-4.796979355468749251e-07
9.099955667968749171e-07
5.208966449218749401e-07
-1.808547047656250012e-06
-5.481144959765624671e-06
-8.283610871093750376e-06
-8.813662784765625131e-06
-7.303424910546874300e-06
-4.399297369140624885e-06
-2.203558747265624795e-06
-2.469824480078124729e-06
-4.171369324218750169e-06
-5.771634007812499570e-06
-6.620975919140624627e-06
-6.760784502343749296e-06
-6.720730201562499814e-06
-6.311985598828124991e-06
-5.515477217578124348e-06
-5.397603132421874637e-06
-6.290814039843749611e-06
-7.742877810546874742e-06
-9.519381417578124237e-06
-1.060885839882812405e-05
-9.945864353515625065e-06
-8.746142677734373874e-06
-8.708377194140623975e-06
-9.081072926171874433e-06
-8.654399255468748922e-06
-7.816882899609375383e-06
-7.268711183203124410e-06
-7.159229427734374300e-06
-7.070919231249999570e-06
-6.493755830468749359e-06
-5.510136644140624756e-06
-4.652402403125000098e-06
-4.646871094921874976e-06
-5.546566984374999333e-06
-6.529423231640624358e-06
-7.146831667968749581e-06
-7.621570499609374810e-06
-7.921596285937499102e-06
-7.064434249218749340e-06
-4.609868550390624655e-06
-2.331541775000000065e-06
-1.851080900390624820e-06
-2.412604050390624985e-06
-2.748106503125000016e-06
-2.525519031640624893e-06
-2.171706041406249807e-06
-2.158736077343749769e-06
-2.160834159765625093e-06
-2.363203746093749946e-06
-3.530309776953124876e-06
-4.962918601562499738e-06
-6.169315994140624996e-06
-7.733341072265625349e-06
-8.950038142187498731e-06
-9.001155059375000152e-06
-8.099361087500000047e-06
-6.506153590234374925e-06
-5.127141234765624479e-06
-5.208775714453125142e-06
-6.689449699999999298e-06
-8.447261299999999374e-06
-9.584421972656249534e-06
-9.873003673046874216e-06
-9.794039480078125043e-06
-9.845537866796874135e-06
-9.823984838281249389e-06
-9.098048320312500012e-06
-8.052440335156250121e-06
-8.350368039062499513e-06
-1.032351918945312406e-05
-1.206340172148437514e-05
-1.210231161367187483e-05
-1.133918181640624960e-05
-1.137656583046875013e-05
-1.238192878007812417e-05
-1.332759174804687419e-05
-1.336688310976562494e-05
-1.322631158749999984e-05
-1.356486579648437446e-05
-1.293906503046874964e-05
-1.088275352226562443e-05
-9.405512762499998797e-06
-9.481043729687500289e-06
-9.995264657812499257e-06
-1.025828789960937408e-05
-1.048583447500000027e-05
-1.086387078046875032e-05
-1.137103452226562416e-05
-1.133574859062500023e-05
-1.054400857851562513e-05
-9.330172530078125376e-06
-7.567974030468749970e-06
-5.971333307421874627e-06
-5.227658456250000092e-06
-4.737088639062499923e-06
-4.185674431640625105e-06
-3.828618950390624904e-06
-3.403471157812499821e-06
-2.164648855078125104e-06
-4.625318066406249807e-07
-3.421781695312499981e-07
-2.586172687109374859e-06
-4.933545447656249440e-06
-5.833050602343749962e-06
-6.192776370312499959e-06
-6.250950473828124812e-06
-5.364224548437500069e-06
-4.128454001953124513e-06
-4.065892998828125177e-06
-5.944439705468749442e-06
-8.763690276171875196e-06
-1.048526227070312453e-05
-9.809107526562498711e-06
-7.172390126562499445e-06
-4.381940505468749939e-06
-2.858541932421874811e-06
-2.618979066796874955e-06
-3.064726214062499675e-06
-3.335378846484374939e-06
-3.016470318359374851e-06
-3.289793237499999911e-06
-4.912373888671874908e-06
-6.015774507812499439e-06
-4.549596364453124902e-06
-1.408385509374999897e-06
5.916592429687499360e-07
1.430510742187499962e-07
-1.792334592578124859e-06
-3.601835314062499980e-06
-3.927610293749999665e-06
-2.764318958203124746e-06
-1.621436242578124993e-06
-1.374243986328124903e-06
-1.429175598828124852e-06
-1.594733375390624914e-06
-2.319525484765624712e-06
-3.074072217578124808e-06
-3.113554314062499818e-06
-2.279661918749999912e-06
-6.109234542968749925e-07
8.935923769531249748e-07
1.292800241406249981e-06
1.263617822265625002e-06
1.492308806249999932e-06
1.277350725390625042e-06
-1.810072925781250017e-07
-1.766776133984374996e-06
-1.437186458984374876e-06
4.060743160156249738e-07
1.383017785546874929e-06
7.123943496093749726e-07
-4.924771648437499626e-07
-1.655768500390624882e-06
-2.819059835937499801e-06
-3.419111408593749656e-06
-2.813719262499999785e-06
-1.248740510546874958e-06
2.357481703124999770e-07
5.466458382812500157e-07
-5.603787414062499501e-07
-2.007292673437499960e-06
-2.642630177734375024e-06
-2.439688387109374852e-06
-2.026366150000000016e-06
-1.748084126953124941e-06
-1.260566066015624993e-06
-6.828304609374999917e-07
-1.044272841796874993e-06
-2.393912043359374718e-06
-4.049299074218749811e-06
-5.960270691015624382e-06
-7.290073476953124472e-06
-7.002826919921874265e-06
-5.683323811328124840e-06
-4.016111224999999925e-06
-2.431486792187499934e-06
-2.025031006640624695e-06
-2.892492720703124699e-06
-3.634641693749999653e-06
-3.260801553124999826e-06
-1.917647333593749909e-06
-5.182263582031249323e-07
4.236219144531249724e-07
1.202010492968749927e-06
1.454352587890624926e-06
6.139752105468750015e-07
-5.989071640624999573e-07
-1.188849794140624994e-06
-9.887690249999999365e-07
-9.876246164062499331e-07
-2.307699929296874889e-06
-4.012105794921874807e-06
-4.860112562890624543e-06
-5.647656410156249841e-06
-6.593700847656250076e-06
-6.151577660937499838e-06
-4.426381705859374752e-06
-3.075979565234375025e-06
-2.204893890624999693e-06
-1.549719970703124994e-06
-2.113722672656250061e-06
-4.219625219921874569e-06
-6.323811154296874814e-06
-7.231327169140624723e-06
-6.957432045703124343e-06
-5.275532882421875126e-06
-2.998159780859374797e-06
-1.840971957812499896e-06
-2.158354607812499980e-06
-3.774450276953124745e-06
-6.019970672656250087e-06
-7.291790089843750007e-06
-7.019802314062499844e-06
-5.996319561718749594e-06
-4.811093728124999716e-06
-3.677747750781249991e-06
-2.917288240234374983e-06
-3.207205083984374987e-06
-4.812238136718749508e-06
-6.395908895703124390e-06
-6.644054825781249377e-06
-5.647274940624999629e-06
-4.546544608203124893e-06
-5.046651163671874455e-06
-7.045360772656249707e-06
-8.559604076953123962e-06
-9.040255686328124525e-06
-9.448809554296874665e-06
-9.509272474999999101e-06
-7.929416411328124654e-06
-5.232999029687499684e-06
-3.789709058203124790e-06
-4.651448729296874989e-06
-5.877873272265624988e-06
-5.494114923828125132e-06
-4.669950001562499726e-06
-5.259511162109374656e-06
-6.670757692968749879e-06
-7.423397078124999758e-06
-7.594676897656249625e-06
-7.666011700000000469e-06
-7.085605808203124719e-06
-6.268498072265624440e-06
-6.236645366406249876e-06
-6.226154954296874527e-06
-5.571362503906249618e-06
-4.700658298828124498e-06
-3.994367461718749649e-06
-4.086110883984374601e-06
-4.812810341015624404e-06
-5.545804045312499754e-06
-6.617161223828125039e-06
-8.002086357031249126e-06
-8.649440151562500390e-06
-7.872386716406249593e-06
-6.473537945312499935e-06
-5.962940977734375025e-06
-6.689068230468749932e-06
-7.645221610546874456e-06
-8.109088560546874122e-06
-7.915683508203125461e-06
-6.812282889062500082e-06
-5.268094226562499787e-06
-4.474065397265625104e-06
-4.688451273828124462e-06
-5.038258833984374853e-06
-4.993054694531249615e-06
-4.887578369140624623e-06
-5.066869048828124726e-06
-5.074879908984374961e-06
-4.372594501953124383e-06
-3.670309094921874651e-06
-3.857419899999999459e-06
-4.477307888281249796e-06
-5.127331969531250009e-06
-6.667896671484374553e-06
-9.155078015234375074e-06
-1.092681325312499903e-05
-1.158809068554687417e-05
-1.227015820742187363e-05
-1.251258209453124881e-05
-1.100825699804687416e-05
-8.316607985546874731e-06
-6.285091996874999806e-06
-6.094929435546874989e-06
-7.499881719140624664e-06
-9.052844180859373927e-06
-9.102816689453123862e-06
-7.224460717578124280e-06
-4.915234910156249387e-06
-3.924177067968749443e-06
-4.271886545703124934e-06
-5.090520159765624372e-06
-5.714222843359375143e-06
-5.658146822265624343e-06
-5.138203851171874723e-06
-5.085179586328124779e-06
-6.003758217578124933e-06
-7.332416594921874385e-06
-8.207126230078123775e-06
-8.743472391015624925e-06
-9.637636972265624160e-06
-1.051234660742187524e-05
-1.026782463789062516e-05
-8.920283518749999067e-06
-7.804294405078124287e-06
-7.793422523437500420e-06
-7.978244511328124797e-06
-7.354160358203124660e-06
-6.985088586718749954e-06
-8.117290155468749041e-06
-9.813685160937499571e-06
-1.013621764960937372e-05
-8.748812964453124517e-06
-7.285686577343749989e-06
-6.554600220703124856e-06
-6.378170562500000079e-06
-7.515712704687499605e-06
-9.664912043749999558e-06
-1.089419760820312404e-05
-1.070689606835937370e-05
-9.831042024609374516e-06
-8.483882374999999481e-06
-7.416912096093749527e-06
-7.802196322656249387e-06
-9.019847066406249571e-06
-9.684939194140625146e-06
-1.000327551796874949e-05
-1.058291847070312482e-05
-1.077536984921875006e-05
-9.888071719531249578e-06
-8.566470528515624406e-06
-7.611843026562499887e-06
-7.644458671484374030e-06
-9.580225807812499733e-06
-1.246966677226562400e-05
-1.387442832109374984e-05
-1.371325744414062511e-05
-1.370772613593749914e-05
-1.406306500429687465e-05
-1.387328391250000005e-05
-1.336421282304687429e-05
-1.354121468554687481e-05
-1.402339217304687453e-05
-1.342543868281249916e-05
-1.192836150742187432e-05
-1.076220915039062492e-05
-1.002139532070312486e-05
-9.415049500781249884e-06
-9.132380578124998843e-06
-9.760851630859374310e-06
-1.186732638242187414e-05
-1.437625148945312409e-05
-1.555709042343749948e-05
-1.506442252382812357e-05
-1.329631124648437367e-05
-1.070556092499999922e-05
-8.255763595312499235e-06
-7.657047166015625126e-06
-9.421725217578123950e-06
-1.151122457499999989e-05
-1.237620673710937521e-05
-1.248797730976562405e-05
-1.210536336992187484e-05
-1.140918147539062512e-05
-1.097201739257812511e-05
-1.076316282421875003e-05
-1.140975367968749917e-05
-1.374797117148437500e-05
-1.608657013281250019e-05
-1.569022328984374839e-05
-1.264437981757812494e-05
-1.017856076757812448e-05
-1.065310886445312502e-05
-1.261271784648437505e-05
-1.394919634921874921e-05
-1.476897437187500013e-05
-1.519812759453124991e-05
-1.455554216914062419e-05
-1.290606791601562359e-05
-1.122340581367187394e-05
-1.021804286406249991e-05
-9.894556701562498961e-06
-1.031760641171874872e-05
-1.140765559726562427e-05
-1.225718824335937486e-05
-1.221827835117187517e-05
-1.147918113437499895e-05
-1.028212974531250010e-05
-9.184641903906250055e-06
-8.598513969140625347e-06
-8.465571837499999427e-06
-9.112734897265624314e-06
-1.028212974531250010e-05
-1.079539699960937396e-05
-1.037272875898437526e-05
-9.420580808984374159e-06
-7.547565410546875016e-06
-4.901502007031249346e-06
-3.284071194531249683e-06
-3.897855670312500001e-06
-5.619427664843749335e-06
-6.662746832812499643e-06
-6.765743606249999522e-06
-6.339451405078125071e-06
-5.749318040234374399e-06
-5.718037538671874730e-06
-6.112667768749999300e-06
-6.373592928125000066e-06
-7.074543191796874475e-06
-8.826632748828123898e-06
-1.083812158710937408e-05
-1.152037984374999992e-05
-1.012496429843749879e-05
-7.990833005859374199e-06
-7.231136434375000041e-06
-8.041377718749999877e-06
-9.184832638671874738e-06
-1.017817929804687511e-05
-1.130198853710937375e-05
-1.217727037656249888e-05
-1.193026885507812453e-05
-1.050834117734375013e-05
-8.640666352343749729e-06
-7.394977598046874568e-06
-7.593913958593750046e-06
-8.970256027343749002e-06
-1.057185585429687457e-05
-1.164988874960937477e-05
-1.165542005781249905e-05
-1.064719608671874969e-05
-9.714312348046873750e-06
-9.469218174218749619e-06
-9.729952598828124855e-06
-1.095466052890625017e-05
-1.291922861484374873e-05
-1.406573529101562360e-05
-1.382006891289062373e-05
-1.280879318554687436e-05
-1.177806251210937515e-05
-1.091937459726562453e-05
-1.008147677187499993e-05
-9.489436059374999890e-06
-8.837695365234374143e-06
-7.924648042187499111e-06
-7.929416411328124654e-06
-8.944506833984374456e-06
-9.086413499609374025e-06
-7.889552845312499855e-06
-7.105823693359374991e-06
-7.858272343749999339e-06
-9.366984339843750166e-06
-1.026648949453124899e-05
-1.017054990742187424e-05
-9.795565358203124200e-06
-9.514231578906249328e-06
-9.095759503124998735e-06
-8.963771045312499618e-06
-9.292216311718749100e-06
-9.544939876171874100e-06
-1.006965121640624926e-05
-1.131820099218749890e-05
-1.237544379804687478e-05
-1.208857871054687394e-05
-1.082305354062499872e-05
-9.271235487500000097e-06
-7.475849138671874806e-06
-6.750675559765625007e-06
-8.346934813281250138e-06
-1.122340581367187394e-05
-1.358203192539062472e-05
-1.427306398124999953e-05
-1.357363959570312512e-05
-1.273364368789062393e-05
-1.200351100507812475e-05
-1.101531418437499928e-05
-1.000728094804687461e-05
-9.433360038281249937e-06
-9.789461845703124182e-06
-1.047667920625000025e-05
-9.634966685546875211e-06
-7.500453923437499560e-06
-6.558033446484375077e-06
-7.736774298046874724e-06
-9.649843997265624196e-06
-1.092128194492187475e-05
-1.139163387695312380e-05
-1.101092728476562480e-05
-9.615893208984374732e-06
-8.221431337500000405e-06
-7.632633116015625054e-06
-6.980510952343749940e-06
-6.296345348046874733e-06
-6.744381312499999459e-06
-7.906528239453125434e-06
-8.922381601171873968e-06
-9.671206291015624259e-06
-9.945673618749998688e-06
-9.982676163281249855e-06
-1.016139463867187421e-05
-1.029414603554687376e-05
-1.045665205585937466e-05
-1.082381647968749915e-05
-1.105269819843749982e-05
-1.123294255195312503e-05
-1.180743566601562375e-05
-1.252326324140624969e-05
-1.289595897343750014e-05
-1.287631329257812392e-05
-1.224002211445312460e-05
-1.091155447187499898e-05
-1.019229367070312367e-05
-1.101760300156249887e-05
-1.216525408632812522e-05
-1.257304501523437494e-05
-1.266288108984374967e-05
-1.253985716601562421e-05
-1.206015923046874875e-05
-1.180133215351562373e-05
-1.203059534179687377e-05
-1.264037438749999982e-05
-1.308898255624999944e-05
-1.224994032226562505e-05
-1.110171703320312464e-05
-1.205272057460937426e-05
-1.476592261562500012e-05
-1.681040856835937466e-05
-1.686591238515624887e-05
-1.589717051054687495e-05
-1.593684334179687337e-05
-1.717089727539062509e-05
-1.797751459921874748e-05
-1.757754379570312332e-05
-1.678866480507812354e-05
-1.663321597109374946e-05
-1.648367991484375072e-05
-1.524886304218749858e-05
-1.330203328945312432e-05
-1.175193184921874954e-05
-1.154536609804687404e-05
-1.258258175351562433e-05
-1.361006993593749885e-05
-1.406420941289062444e-05
-1.434897641796874869e-05
-1.436976650742187470e-05
-1.404189344531249927e-05
-1.382045038242187479e-05
-1.412371865976562377e-05
-1.524600202070312495e-05
-1.721839023203124906e-05
-1.920241326406249747e-05
-1.989458972851562376e-05
-1.926077810234374870e-05
-1.826113719570312532e-05
-1.735095089414062392e-05
-1.642588728085937354e-05
-1.560076868476562302e-05
-1.555785336249999821e-05
-1.642226332031249778e-05
-1.676577663320312432e-05
-1.545142336328124896e-05
-1.390418294453124950e-05
-1.346492077929687459e-05
-1.290282542499999889e-05
-1.139735591992187445e-05
-9.957499174218749358e-06
-9.964556360546874484e-06
-1.184443821054687492e-05
-1.481475071562499857e-05
-1.834811224882812304e-05
-2.132834296171875053e-05
-2.162588919609375056e-05
-1.938055953515624948e-05
-1.700858198984374887e-05
-1.596831457812500026e-05
-1.634539720976562521e-05
-1.763018659101562389e-05
-1.904295899999999827e-05
-2.031191739570312456e-05
-2.091807248085937316e-05
-1.984766897617187384e-05
-1.767443705664062487e-05
-1.608752380664062360e-05
-1.581038619218749853e-05
-1.672991849726562295e-05
-1.812800432929687303e-05
-1.917056055820312460e-05
-1.954020453398437336e-05
-1.884860027382812450e-05
-1.753768022968750021e-05
-1.696375931992187384e-05
-1.747530996132812386e-05
-1.850928312578124777e-05
-1.953295661289062524e-05
-2.035349757460937320e-05
-2.075213323476562458e-05
-2.032545956406249738e-05
-1.948737100390624810e-05
-1.892241462812499877e-05
-1.842154513359374793e-05
-1.817244552968749868e-05
-1.912135098867187509e-05
-2.095450282109374859e-05
-2.206496062656249909e-05
-2.183913066406249843e-05
-2.094820857382812389e-05
-1.994704178906249966e-05
-1.900156955585937432e-05
-1.841448794726562450e-05
-1.902979830117187482e-05
-2.072657477617187303e-05
-2.173460801249999940e-05
-2.136858799726562300e-05
-2.048224354140624763e-05
-1.968192046484374994e-05
-1.963919587734374981e-05
-2.095335841250000049e-05
-2.278498436679687314e-05
-2.381895753125000043e-05
-2.438219729414062422e-05
-2.522944112304687523e-05
-2.593821151210937265e-05
-2.601679423554687415e-05
-2.527331011914062345e-05
-2.357290968359374950e-05
-2.185038401523437505e-05
-2.169607958984374907e-05
-2.299059644414062353e-05
-2.410925584453124895e-05
-2.418249799453124917e-05
-2.364157419921875054e-05
-2.327994108359374864e-05
-2.307108651523437525e-05
-2.263869080156249739e-05
-2.263201508476562332e-05
-2.372664190468749804e-05
-2.512205744999999917e-05
-2.577074638789062321e-05
-2.595308882382812502e-05
-2.617395968242187376e-05
-2.638701041562500034e-05
-2.675798953476562526e-05
-2.714880506953124770e-05
-2.668818061054687273e-05
-2.514227533515624944e-05
-2.350100267695312545e-05
-2.237643049882812469e-05
-2.169169269023437459e-05
-2.154024928632812563e-05
-2.176054794062500032e-05
-2.175158340664062328e-05
-2.122343884062499874e-05
-2.096766351992187543e-05
-2.173327286914062323e-05
-2.264841827460937316e-05
-2.260760103476562325e-05
-2.150992245859375022e-05
-1.948489145195312383e-05
-1.763037732578124858e-05
-1.760348372382812424e-05
-1.875628464726562550e-05
-1.920947045039062429e-05
-1.860255242617187357e-05
-1.743392051718749991e-05
-1.640051955703125005e-05
-1.623419884140624872e-05
-1.698798263515624923e-05
-1.849555022265625027e-05
-2.021082796992187321e-05
-2.062281506367187272e-05
-1.895045263867187459e-05
-1.660250767382812469e-05
-1.587599895156249788e-05
-1.719931675546875028e-05
-1.889533029140624975e-05
-2.024611390156250053e-05
-2.117022384101562412e-05
-2.094115138750000046e-05
-2.022971071171875070e-05
-2.001589703945312539e-05
-1.935214005507812429e-05
-1.745623648476562508e-05
-1.520899947617187378e-05
-1.384505516718749954e-05
-1.394671679726562494e-05
-1.471003732929687486e-05
-1.513709246953124973e-05
-1.536826300546874829e-05
-1.543101474335937401e-05
-1.543292209101562422e-05
-1.611212859140624836e-05
-1.754359300742187555e-05
-1.890925392929687532e-05
-1.954688025078124742e-05
-1.922987907031249925e-05
-1.822260877304687500e-05
-1.708067973124999760e-05
-1.594809669296874999e-05
-1.481990055429687348e-05
-1.349734568945312490e-05
-1.219634385312499936e-05
-1.250609711249999942e-05
-1.473445137929687493e-05
-1.630267262226562508e-05
-1.530322245039062300e-05
-1.310118958124999948e-05
-1.202849725937499887e-05
-1.260871241640624994e-05
-1.394404651054687430e-05
-1.528071574804687314e-05
-1.625479819609374835e-05
-1.666812043320312404e-05
-1.666812043320312404e-05
-1.624468925351562322e-05
-1.544703646367187448e-05
-1.510981739804687433e-05
-1.574992327148437579e-05
-1.682070824570312448e-05
-1.790522612304687407e-05
-1.879157057890624944e-05
-1.851881986406249885e-05
-1.649912943085937375e-05
-1.421813236874999936e-05
-1.401709792578124983e-05
-1.606768739101562270e-05
-1.795786891835937464e-05
-1.798724207226562325e-05
-1.704196057382812259e-05
-1.632537005937499962e-05
-1.559466517226562300e-05
-1.458186356679687448e-05
-1.429499847929687364e-05
-1.500052637734374975e-05
-1.571044117499999866e-05
-1.679762933906250058e-05
-1.884325970039062322e-05
-2.035883814804687449e-05
-1.976775110937499955e-05
-1.787776031679687568e-05
-1.656817541601562417e-05
-1.591529031328125032e-05
-1.525439435039062455e-05
-1.524485761210937346e-05
-1.609667907539062532e-05
-1.682223412382812533e-05
-1.688536733125000041e-05
-1.617125636874999832e-05
-1.481284336796875005e-05
-1.373671782031250007e-05
-1.346492077929687459e-05
-1.374644529335937415e-05
-1.483229831406249990e-05
-1.651305306874999932e-05
-1.749457417265625072e-05
-1.707686503593750055e-05
-1.585864208789062463e-05
-1.506308738046874909e-05
-1.490306091210937415e-05
-1.476840216757812439e-05
-1.521872694921874955e-05
-1.640433425234375049e-05
-1.708506663085937547e-05
-1.690711109453124815e-05
-1.643771283632812421e-05
-1.588534495507812428e-05
-1.508101644843749978e-05
-1.407069439492187383e-05
-1.348113323437499974e-05
-1.378363857265625000e-05
-1.440238215234374969e-05
-1.477069098476562397e-05
-1.509722890351562493e-05
-1.473120888828124854e-05
-1.280230820351562498e-05
-1.072844909687500014e-05
-1.065978458124999909e-05
-1.267146415429687396e-05
-1.512889087460937481e-05
-1.649893869609374907e-05
-1.605738771367187288e-05
-1.410102122265624923e-05
-1.217078539453124950e-05
-1.118621253437499979e-05
-1.056918556757812393e-05
-1.021975947695312375e-05
-1.082038325390624977e-05
-1.225051252656249910e-05
-1.291941934960937511e-05
-1.178740851562499986e-05
-9.771532777734375188e-06
-7.830997272265623942e-06
-6.624409144921874849e-06
-6.732746491796874319e-06
-7.707591878906249109e-06
-8.942218016796874873e-06
-9.719843656249999719e-06
-9.136767477734375020e-06
-7.506938905468749791e-06
-6.206890742968749365e-06
-6.610676241796874808e-06
-8.841128591015625212e-06
-1.157225970000000007e-05
-1.341914443554687446e-05
-1.371230377031250000e-05
-1.244258243554687498e-05
-1.070994782460937371e-05
-1.038436357968749955e-05
-1.150893575781249862e-05
-1.239203772265624930e-05
-1.225070326132812378e-05
-1.155204181484374980e-05
-1.137351407421875012e-05
-1.183318485937499999e-05
-1.188411104179687503e-05
-1.182212224296874975e-05
-1.251200989023437476e-05
-1.320246974179687382e-05
-1.328543936484374980e-05
-1.413039437656249953e-05
-1.656245337304687351e-05
-1.855677608242187513e-05
-1.803473502890625061e-05
-1.581877852187499813e-05
-1.398104905507812378e-05
-1.360587377109374905e-05
-1.487712098398437492e-05
-1.689585774335937492e-05
-1.799716028007812370e-05
-1.768378306015624789e-05
-1.668509582734374792e-05
-1.544188662499999787e-05
-1.459960189999999879e-05
-1.530188730703125022e-05
-1.742667259609374840e-05
-1.942595440937499855e-05
-2.008952065898437497e-05
-1.956900548359374791e-05
-1.860751153007812549e-05
-1.739234033828124788e-05
-1.644400708359374891e-05
-1.637477036367187381e-05
-1.651438821210937549e-05
-1.652888405429687511e-05
-1.733035153945312428e-05
-1.909827208203124780e-05
-1.995238236249999755e-05
-1.857661249804687265e-05
-1.699980819062499990e-05
-1.729468413828124759e-05
-1.848067291093749790e-05
-1.925295797695312315e-05
-1.980780541015625073e-05
-2.021559633906250044e-05
-2.039126305820312480e-05
-2.035426051367187532e-05
-1.945551829804687523e-05
-1.770972298828124881e-05
-1.625956656523437559e-05
-1.563128624726562311e-05
-1.575030474101562515e-05
-1.664866548710937588e-05
-1.732462949648437363e-05
-1.632727740703124984e-05
-1.464766706093749851e-05
-1.420191991367187421e-05
-1.427916749374999954e-05
-1.339015275117187352e-05
-1.200656276132812476e-05
-1.120890997148437432e-05
-1.098651323476562473e-05
-1.087951103124999973e-05
-1.079425259101562417e-05
-1.066493441992187400e-05
-1.062106542382812408e-05
-1.085910241132812478e-05
-1.087836662265624994e-05
-1.045607985156249891e-05
-1.065253666015624928e-05
-1.217154833359374992e-05
-1.404875989687499971e-05
-1.498412318749999992e-05
-1.443156457148437361e-05
-1.312026305781249996e-05
-1.303004551367187416e-05
-1.458701340546874939e-05
-1.554373898984374796e-05
-1.467875682773437434e-05
-1.300849248515624942e-05
-1.124419590312499996e-05
-9.558863514062499670e-06
-8.544726765234374977e-06
-8.658786155078125100e-06
-9.462733192187500235e-06
-1.025847863437499876e-05
-1.117915534804687466e-05
-1.242675144999999919e-05
-1.298522284374999914e-05
-1.214789722265624858e-05
-1.088427940039062528e-05
-9.988398206249998813e-06
-9.947008762109374856e-06
-1.192340240351562409e-05
-1.517447648359374857e-05
-1.659163579218750082e-05
-1.499957270351562465e-05
-1.225947706054687444e-05
-1.053714212695312468e-05
-1.029643485273437503e-05
-1.015548186093749888e-05
-9.292407046484373783e-06
-8.524699614843749389e-06
-8.580775635937499342e-06
-8.972735579296874962e-06
-8.214755620703124644e-06
-6.043431048828125050e-06
-4.662129876171875020e-06
-5.956074526171874582e-06
-9.128184413281249042e-06
-1.217097612929687418e-05
-1.412371865976562377e-05
-1.520728286328124994e-05
-1.596659796523437473e-05
-1.671599485937500076e-05
-1.707419474921874822e-05
-1.609496246249999979e-05
-1.431483489492187454e-05
-1.401347396523437408e-05
-1.521014388476562357e-05
-1.515464006796874936e-05
-1.301898289726562392e-05
-1.075992033320312534e-05
-9.568209517578124380e-06
-9.230418247656250189e-06
-9.816927651953124263e-06
-1.109370617304687441e-05
-1.175822609648437424e-05
-1.126193423632812427e-05
-1.068610597890624938e-05
-1.068343569218749873e-05
-1.039428178750000000e-05
-8.957476798046874918e-06
-7.482524855468749719e-06
-8.045001679296873934e-06
-1.036567157265625013e-05
-1.232547128945312485e-05
-1.298732092617187404e-05
-1.272792164492187497e-05
-1.224212019687499950e-05
-1.194228514531249989e-05
-1.156939867851562475e-05
-1.142901789101562433e-05
-1.250647858203124879e-05
-1.397513627734375013e-05
-1.364306705039062490e-05
-1.121653936210937519e-05
-8.497806012890625051e-06
-6.804462763671874530e-06
-6.128880223828124453e-06
-6.586643661328124950e-06
-7.987399780078124824e-06
-8.923907479296874819e-06
-8.572955510546873789e-06
-7.461734766015624552e-06
-6.261059416406249947e-06
-5.474469242968749757e-06
-5.311200283593750125e-06
-5.797383201171874963e-06
-7.148548280859374269e-06
-9.070391779296875249e-06
-1.067828585351562383e-05
-1.125640292812499999e-05
-1.093844807382812501e-05
-1.065864017265624930e-05
-1.069507051289062472e-05
-1.034411854414062369e-05
-9.700388710156249874e-06
-1.001395666484375037e-05
-1.133593932539062491e-05
-1.209391928398437523e-05
-1.133345977343749895e-05
-9.542078854687498774e-06
-7.995410640234375059e-06
-7.232471577734374515e-06
-6.867023766796874713e-06
-7.100292385156249868e-06
-8.100314761328125156e-06
-9.257884053906250270e-06
-9.635920359375000320e-06
-8.685107552734375389e-06
-7.768436269140624605e-06
-8.372874741406249367e-06
-9.546656489062499635e-06
-1.012019592929687494e-05
-1.016826109023437466e-05
-1.023940515781249997e-05
-1.086196343281250011e-05
-1.137103452226562416e-05
-1.098880205195312431e-05
-1.019286587499999941e-05
-9.262652423046874119e-06
-8.439822644140624881e-06
-8.495707930468750151e-06
-9.629816846875000302e-06
-1.120051764179687472e-05
-1.206282951718749939e-05
-1.142386805234374942e-05
-1.014327483593749884e-05
-9.999270087890624374e-06
-1.117667579609374870e-05
-1.229743327890624902e-05
-1.277369798867187510e-05
-1.302375126640624946e-05
-1.281565963710937480e-05
-1.188735353281249973e-05
-1.107615857460937478e-05
-1.069621492148437451e-05
-1.079692287773437481e-05
-1.199111324531250003e-05
-1.369761719335937400e-05
-1.493758390468749936e-05
-1.560744440156250048e-05
-1.575621751875000049e-05
-1.570109517148437565e-05
-1.595057624492187426e-05
-1.650199045234375077e-05
-1.675395107773437365e-05
-1.656836615078124885e-05
-1.646498790781249791e-05
-1.640147323085937347e-05
-1.622256402070312273e-05
-1.634940263984375032e-05
-1.657809362382812462e-05
-1.597499029492187433e-05
-1.463832105742187380e-05
-1.374339353710937414e-05
-1.357325812617187406e-05
-1.341189651445312465e-05
-1.285838422460937493e-05
-1.194457396249999947e-05
-1.142024409179687367e-05
-1.201724390820312394e-05
-1.304301547773437462e-05
-1.342219619179687446e-05
-1.263675042695312407e-05
-1.134623900273437473e-05
-1.088179984843749932e-05
-1.092070974062499901e-05
-1.071757721523437458e-05
-1.069850373867187410e-05
-1.083793085234374940e-05
-1.085109155117187454e-05
-1.090983785898437514e-05
-1.066321780703125016e-05
-9.545321345703125160e-06
-7.957835891406249843e-06
-7.303615645312499830e-06
-8.357234490624999956e-06
-1.017169431601562403e-05
-1.140746486249999959e-05
-1.178607337226562369e-05
-1.179236761953125008e-05
-1.151618367890625012e-05
-1.062564305820312494e-05
-9.502406023437500352e-06
-9.079547048046875276e-06
-9.590334750390624869e-06
-1.050528942109375012e-05
-1.153277760351562464e-05
-1.274051013945312437e-05
-1.351794504414062453e-05
-1.305484103320312360e-05
-1.185950625703125028e-05
-1.115111733749999884e-05
-1.114501382499999882e-05
-1.130580323242187418e-05
-1.141585719218749919e-05
-1.150245077578124923e-05
-1.174678201054687463e-05
-1.189002381953124868e-05
-1.105822950664062409e-05
-9.152789198046873797e-06
-6.962200414843749887e-06
-5.607411374609374829e-06
-5.946156318359374976e-06
-7.319255896093749240e-06
-8.533091944531248990e-06
-9.286112799218749082e-06
-9.547228693359375377e-06
-9.446902206640624448e-06
-9.564013352734374580e-06
-9.916491199609374767e-06
-1.003283940664062447e-05
-1.076278135468749897e-05
-1.319102565585937421e-05
-1.600188389687499867e-05
-1.702899060976562382e-05
-1.649741281796874822e-05
-1.623438957617187340e-05
-1.656817541601562417e-05
-1.679858301289062399e-05
-1.743449272148437395e-05
-1.867350575898437420e-05
-1.931113208046874970e-05
-1.894606573906250011e-05
-1.815051103164062288e-05
-1.747759877851562345e-05
-1.715201453359374760e-05
-1.672743894531249868e-05
-1.634635088359374862e-05
-1.682757469726562323e-05
-1.744498313359374846e-05
-1.640757674335937348e-05
-1.425418123945312373e-05
-1.349429393320312489e-05
-1.487540437109374939e-05
-1.732310361835937278e-05
-1.991919451328124852e-05
-2.175616104101562245e-05
-2.213324367265624739e-05
-2.166537129257812430e-05
-2.167147480507812432e-05
-2.262343202031249904e-05
-2.401961050468749890e-05
-2.516935967187499846e-05
-2.548845893476562493e-05
-2.485197702187499753e-05
-2.363890391249999821e-05
-2.235049057070312377e-05
-2.155913202812499973e-05
-2.113913407421874998e-05
-1.998709608984374744e-05
-1.777590795195312559e-05
-1.587294719531249956e-05
-1.572112232187499785e-05
-1.684397788710937307e-05
-1.739081446015625041e-05
-1.679419611328124951e-05
-1.592730660351562567e-05
-1.508597555234375001e-05
-1.437072018124999981e-05
-1.436938503789062364e-05
-1.503256981796874900e-05
-1.602763309023437491e-05
-1.742705406562499777e-05
-1.894053443085937414e-05
-1.979865014140624901e-05
-1.924265829960937333e-05
-1.772116707421875011e-05
-1.695479478593750019e-05
-1.765383770195312523e-05
-1.922568290546874945e-05
-2.063235180195312381e-05
-2.066515818164062348e-05
-1.947421030507812465e-05
-1.850031859179687412e-05
-1.824091931054687505e-05
-1.824263592343750058e-05
-1.804656058437499789e-05
-1.708354075273437462e-05
-1.554545560273437349e-05
-1.428012116757812465e-05
-1.358756323359374900e-05
-1.327800070898437362e-05
-1.295661262890624926e-05
-1.194075926718749904e-05
-1.008700808007812421e-05
-8.840174917187500103e-06
-9.204478319531249266e-06
-9.849924766406250313e-06
-1.009997804414062467e-05
-1.096038257187499912e-05
-1.208094931992187476e-05
-1.269587820429687403e-05
-1.278800309609375004e-05
-1.210345602226562462e-05
-1.203688958906250016e-05
-1.411570779960937353e-05
-1.659087285312499870e-05
-1.789549864999999830e-05
-1.885222423437500026e-05
-1.934317552109375064e-05
-1.851214414726562479e-05
-1.685313315585937479e-05
-1.528300456523437272e-05
-1.460837569921874945e-05
-1.524581128593749857e-05
-1.643981091874999911e-05
-1.649207224453125032e-05
-1.426715120351562419e-05
-1.110247997226562507e-05
-9.481043729687500289e-06
-9.564776291796875005e-06
-9.725374964453123994e-06
-9.638018441796875220e-06
-9.891504945312498952e-06
-9.753031505468748758e-06
-8.450694525781250442e-06
-7.220455287500000009e-06
-7.271572204687499736e-06
-7.807536896093748979e-06
-7.864757325781250417e-06
-8.153339026171875099e-06
-9.728235985937499320e-06
-1.162528396484375002e-05
-1.190795288749999936e-05
-1.097583208789062385e-05
-1.109408764257812377e-05
-1.328982626445312429e-05
-1.657504186757812292e-05
-1.896800023710937253e-05
-1.872996324960937521e-05
-1.615008480976562463e-05
-1.387805228164062390e-05
-1.332873615664062398e-05
-1.321925440117187472e-05
-1.269358938710937444e-05
-1.193332061132812454e-05
-1.080016536874999950e-05
-9.343523963671875203e-06
-8.802218698828123827e-06
-9.875864694531249542e-06
-1.114215280351562519e-05
-1.180915227890624928e-05
-1.248721437070312363e-05
-1.295298866835937521e-05
-1.284293470859375020e-05
-1.264514275664062367e-05
-1.239814123515624932e-05
-1.187686312070312522e-05
-1.144656548945312396e-05
-1.121844670976562372e-05
-1.173896188515624908e-05
-1.401671645624999877e-05
-1.715373114648437313e-05
-1.913641903515624876e-05
-1.992319994335937363e-05
-2.093600154882812385e-05
-2.200831240117187340e-05
-2.165621602382812258e-05
-1.986025747070312324e-05
-1.781405490507812316e-05
-1.623019341132812360e-05
-1.560877954492187326e-05
-1.573981432890625065e-05
-1.543864413398437488e-05
-1.444777702656249877e-05
-1.331004414960937456e-05
-1.248072938867187424e-05
-1.258506130546874860e-05
-1.350974344921874962e-05
-1.482276157578124881e-05
-1.668566803164062536e-05
-1.857050898554687263e-05
-1.925906148945312317e-05
-1.880263319531249799e-05
-1.842020999023437515e-05
-1.891802772851562428e-05
-2.043780234101562536e-05
-2.250021736171875058e-05
-2.406500537890624797e-05
-2.428206154218749967e-05
-2.340430015078124858e-05
-2.255152501367187499e-05
-2.218779381562499818e-05
-2.195223638007812514e-05
-2.181223706210937409e-05
-2.202624146914062409e-05
-2.255190648320312436e-05
-2.303427470546875046e-05
-2.309511909570312256e-05
-2.213228999882812397e-05
-1.990508014062499826e-05
-1.762236646562499834e-05
-1.653174507578124874e-05
-1.679762933906250058e-05
-1.814421678437499818e-05
-1.993731431601562389e-05
-2.158068505664062278e-05
-2.287939807578125043e-05
-2.331103085039062277e-05
-2.293661850546875017e-05
-2.296961561992187453e-05
-2.367132882265624851e-05
-2.448919949765624752e-05
-2.540892253750000001e-05
-2.630022609726562392e-05
-2.687223965937500007e-05
-2.725657021210937313e-05
-2.695940544726562247e-05
-2.542322764492187495e-05
-2.387407987851562527e-05
-2.341498129765624776e-05
-2.360075695937499725e-05
-2.385348052382812225e-05
-2.396429742265624937e-05
-2.367552498749999831e-05
-2.221144492656249952e-05
-1.928004231367187556e-05
-1.630019307031250081e-05
-1.516989884921874940e-05
-1.633395312382812390e-05
-1.819552443632812259e-05
-1.902274111484374800e-05
-1.910799955507812357e-05
-1.931857073632812249e-05
-1.942957836992187430e-05
-1.941126783242187425e-05
-1.964186616406249876e-05
-2.003687786367187439e-05
-2.038554101523437414e-05
-2.054194352304687503e-05
-2.026022827421874740e-05
-1.897353154531249849e-05
-1.674784756523437363e-05
-1.524104291679687472e-05
-1.588458201601562555e-05
-1.765727092773437291e-05
-1.837939275039062524e-05
-1.774920508476562255e-05
-1.729811736406249866e-05
-1.770304727148437474e-05
-1.784800569335937432e-05
-1.724509309921874872e-05
-1.713427620039062498e-05
-1.789244689374999998e-05
-1.855315212187499938e-05
-1.869925495234375044e-05
-1.845149049179687397e-05
-1.837195409453124906e-05
-1.879023543554687327e-05
-1.884058941367187427e-05
-1.803626090703124807e-05
-1.717013433632812297e-05
-1.745871603671874934e-05
-1.914404842578124963e-05
-2.055949112148437296e-05
-2.031496915195312288e-05
-1.914538356914062241e-05
-1.813963914999999901e-05
-1.752699908281249764e-05
-1.718539311757812471e-05
-1.736945216640624866e-05
-1.847151764218749956e-05
-1.983565268593749848e-05
-2.060259717851562245e-05
-2.083701020546874740e-05
-2.079829104804687239e-05
-2.035902888281249917e-05
-1.956614446210937428e-05
-1.904372193906250039e-05
-1.926936116679687299e-05
-2.018031040742187312e-05
-2.178267317343749742e-05
-2.356261000624999968e-05
-2.421721172187499906e-05
-2.402380666953124870e-05
-2.451304134335937355e-05
-2.558268190898437415e-05
-2.629526699335937539e-05
-2.697332908515624804e-05
-2.791861058359374869e-05
-2.850244970117187212e-05
-2.817667472148437498e-05
-2.696531822499999780e-05
-2.626741971757812425e-05
-2.692755274140624960e-05
-2.754934807734374930e-05
-2.724188363515624883e-05
-2.625692930546874975e-05
-2.485541024765624860e-05
-2.367666939609374980e-05
-2.301234020742187465e-05
-2.214678584101562359e-05
-2.106074208554687316e-05
-2.123583660039062346e-05
-2.300776257304687548e-05
-2.472113297265624821e-05
-2.561358094101562360e-05
-2.615622134921874776e-05
-2.571238154960937537e-05
-2.347315540117187431e-05
-2.101878043710937515e-05
-2.000311781015624792e-05
-1.978434503398437407e-05
-2.016543309570312413e-05
-2.157973138281249936e-05
-2.291201372070312541e-05
-2.295454757343749747e-05
-2.187174630898437342e-05
-2.098807213984375038e-05
-2.113531937890624954e-05
-2.137278416210937280e-05
-2.116431106328124878e-05
-2.120322095546874847e-05
-2.176398116640624800e-05
-2.218378838554687307e-05
-2.158449975195312321e-05
-2.034605891875000040e-05
-1.969317381601562317e-05
-1.989439899374999908e-05
-2.071131599492187468e-05
-2.193812200742187489e-05
-2.336500878906249952e-05
-2.470682786523437327e-05
-2.477530164609374963e-05
-2.309626350429687405e-05
-2.148550840859375015e-05
-2.171820482265624956e-05
-2.349756945117187438e-05
-2.527979510117187283e-05
-2.611101720976562337e-05
-2.609099005937499778e-05
-2.577952018710937218e-05
-2.596109968398437526e-05
-2.647589281640624827e-05
-2.606714821367187514e-05
-2.474840804414062530e-05
-2.352293717499999787e-05
-2.269285947499999882e-05
-2.263487610625000034e-05
-2.322310212343749826e-05
-2.352732407460937235e-05
-2.350653398515624803e-05
-2.327440977539062267e-05
-2.258185184140625040e-05
-2.235201644882812462e-05
-2.342070334062499841e-05
-2.460364035703125040e-05
-2.457598381601562394e-05
-2.365339975468749783e-05
-2.298048750156249839e-05
-2.343310110039062313e-05
-2.461241415624999937e-05
-2.522982259257812459e-05
-2.507494596289062456e-05
-2.486113229062499925e-05
-2.454222376249999747e-05
-2.353686081289062344e-05
-2.160204735039062454e-05
-1.941107709765624957e-05
-1.819495223203124854e-05
-1.839427006210937423e-05
-1.980284630624999881e-05
-2.154959528984374864e-05
-2.229899218398437468e-05
-2.147368285312499948e-05
-1.939219435585937546e-05
-1.758994155546874803e-05
-1.759165816835937357e-05
-1.901530245898437520e-05
-2.097224115429687459e-05
-2.302454723242187469e-05
-2.427729317304687243e-05
-2.387636869570312486e-05
-2.216891107382812408e-05
-2.027663146406250062e-05
-1.896513921562499889e-05
-1.837347997265624991e-05
-1.845835694335937272e-05
-1.896800023710937253e-05
-1.923388450039062436e-05
-1.894682867812499884e-05
-1.822432538593750053e-05
-1.703852734804687491e-05
-1.583460950742187392e-05
-1.540488408046874840e-05
-1.570815235781249908e-05
-1.638659591914062448e-05
-1.699236953476562372e-05
-1.639422530976562535e-05
-1.425856813906249991e-05
-1.194686277968749905e-05
-1.110362438085937486e-05
-1.177005165195312491e-05
-1.234359109218750022e-05
-1.199435573632812472e-05
-1.149501211992187474e-05
-1.148661979023437514e-05
-1.170291301445312471e-05
-1.201285700859374946e-05
-1.265925712929687392e-05
-1.325148857656249865e-05
-1.311625762773437484e-05
-1.221675247304687432e-05
-1.082820337929687532e-05
-9.502978227734374401e-06
-9.393115002734374078e-06
-1.084517877343749921e-05
-1.235770546484374878e-05
-1.252803161054687523e-05
-1.176699989570312490e-05
-1.118201636953124999e-05
-1.079158230429687522e-05
-1.045474470820312444e-05
-1.109561352070312463e-05
-1.232184732890624909e-05
-1.207370139882812496e-05
-1.030177542617187463e-05
-8.775134362109374806e-06
-8.403964508203125199e-06
-9.442133837499998904e-06
-1.121291540156249944e-05
-1.250037506953124877e-05
-1.320266047656250020e-05
-1.342734603046874937e-05
-1.336993486601562495e-05
-1.373500120742187454e-05
-1.419238317539062482e-05
-1.386889701289062387e-05
-1.326884544023437359e-05
-1.293753915234374878e-05
-1.224498121835937482e-05
-1.134185210312500024e-05
-1.082953852265624980e-05
-1.005114994414062453e-05
-8.770938197265625006e-06
-8.402820099609375408e-06
-9.991259227734374139e-06
-1.284846601679687448e-05
-1.504058067812499924e-05
-1.490210723828124904e-05
-1.348590160351562359e-05
-1.345462110195312477e-05
-1.462134566328124991e-05
-1.471671304609374892e-05
-1.412123910781249950e-05
-1.454161853124999862e-05
-1.552180449179687554e-05
-1.604785097539062518e-05
-1.585806988359375058e-05
-1.487368775820312385e-05
-1.362876194296874996e-05
-1.283835707421874934e-05
-1.272429768437499922e-05
-1.333064350429687420e-05
-1.420554387421874996e-05
-1.452349872851562494e-05
-1.396350145664062415e-05
-1.296958259296874972e-05
-1.239070257929687483e-05
-1.297225287968749867e-05
-1.480464177304687513e-05
-1.667918304960937259e-05
-1.714934424687499865e-05
-1.639002914492187555e-05
-1.521205123242187379e-05
-1.385287529257812509e-05
-1.295794777226562374e-05
-1.300944615898437452e-05
-1.329821859414062389e-05
-1.341494827070312466e-05
-1.408309215468749855e-05
-1.513308703945312461e-05
-1.540068791562499860e-05
-1.521052535429687463e-05
-1.503771965664062391e-05
-1.414298287109374893e-05
-1.292228037109374874e-05
-1.257495236289062516e-05
-1.287555035351562519e-05
-1.306914614062499853e-05
-1.357421179999999917e-05
-1.443328118437499915e-05
-1.390818837460937462e-05
-1.172656412539062436e-05
-1.088485160468749933e-05
-1.252612426289062501e-05
-1.358050604726562387e-05
-1.263789483554687386e-05
-1.167640088203124974e-05
-1.170176860585937492e-05
-1.189708100585937380e-05
-1.142367731757812474e-05
-1.026114892109374940e-05
-8.825106870703124741e-06
-7.591243671874999403e-06
-7.115169696874999700e-06
-7.401081110546874586e-06
-7.573696073437499775e-06
-7.029148317578124554e-06
-6.298252695703124950e-06
-5.611607539453124630e-06
-4.705045198437499829e-06
-4.550740773046874694e-06
-6.135365205859374684e-06
-8.641810760937499521e-06
-1.089248099531250020e-05
-1.194438322773437479e-05
-1.089038291289062529e-05
-8.819384827734374089e-06
-7.990833005859374199e-06
-8.496852339062499943e-06
-8.910556045703124992e-06
-9.294695863671875060e-06
-1.059913092578124997e-05
-1.220759720429687429e-05
-1.260947535546874867e-05
-1.153716450312499912e-05
-1.025695275624999960e-05
-9.772677186328124980e-06
-9.907335930859374740e-06
-1.041335526406249879e-05
-1.123141667382812418e-05
-1.208628989335937436e-05
-1.240767797343749871e-05
-1.138400448632812463e-05
-9.339900003124999451e-06
-8.102031374218748996e-06
-9.017367514453125305e-06
-1.175441140117187381e-05
-1.443881249257812512e-05
-1.500014490781249869e-05
-1.341380386210937486e-05
-1.176185005703124999e-05
-1.120681188906249942e-05
-1.087645927499999972e-05
-1.044101180507812525e-05
-1.058883124843750015e-05
-1.123351475624999908e-05
-1.176089638320312488e-05
-1.179751745820312499e-05
-1.140727412773437491e-05
-1.148814566835937430e-05
-1.245993929921874992e-05
-1.332911762617187504e-05
-1.366442934414062496e-05
-1.420268285273437464e-05
-1.494330594765625001e-05
-1.483859256132812460e-05
-1.326293266249999995e-05
-1.107539563554687436e-05
-1.032580800664062533e-05
-1.206073143476562449e-05
-1.496943661054687392e-05
-1.666010957304687380e-05
-1.593798775039062486e-05
-1.416930426874999922e-05
-1.331786427500000011e-05
-1.324633873789062374e-05
-1.325778282382812504e-05
-1.387595419921874900e-05
-1.502436822304687408e-05
-1.559504664179687576e-05
-1.543692752109374934e-05
-1.551493804023437341e-05
-1.625765921757812537e-05
-1.702288709726562381e-05
-1.694888200820312486e-05
-1.613711484570312587e-05
-1.554392972460937264e-05
-1.563853416835937461e-05
-1.641425246015624755e-05
-1.750582752382812395e-05
-1.797179255625000021e-05
-1.742610039179687435e-05
-1.660899265585937407e-05
-1.602896823359374769e-05
-1.534060646445312522e-05
-1.490306091210937415e-05
-1.519374069492187373e-05
-1.551417510117187467e-05
-1.592597146015624951e-05
-1.681956383710937300e-05
-1.715811804609374761e-05
-1.655158149140624965e-05
-1.581401015273437428e-05
-1.516265092812499959e-05
-1.461295333359374862e-05
-1.409720652734374880e-05
-1.353625558164062459e-05
-1.364917056289062492e-05
-1.419238317539062482e-05
-1.361884373515624951e-05
-1.191005096992187426e-05
-1.047152936757812534e-05
-1.016597227304687508e-05
-1.142730127812499880e-05
-1.397704362499999866e-05
-1.608466278515624997e-05
-1.644553296171874976e-05
-1.562232171328124946e-05
-1.428355439335937403e-05
-1.266230888554687393e-05
-1.180610052265624928e-05
-1.224650709648437398e-05
-1.292113596249999895e-05
-1.348857189023437424e-05
-1.421965824687499852e-05
-1.444529747460937450e-05
-1.398791550664062422e-05
-1.330413137187499922e-05
-1.276873888476562488e-05
-1.285933789843750004e-05
-1.329325949023437366e-05
-1.340922622773437400e-05
-1.345290448906249924e-05
-1.384753471914062381e-05
-1.426734193828124887e-05
-1.425723299570312374e-05
-1.411780588203125013e-05
-1.415919532617187409e-05
-1.429461700976562427e-05
-1.501712030195312427e-05
-1.625594260468749984e-05
-1.669482330039062369e-05
-1.608714233710937424e-05
-1.591662545664062310e-05
-1.664446932226562270e-05
-1.656016455585937393e-05
-1.524371320351562367e-05
-1.454753130898437395e-05
-1.509608449492187345e-05
-1.577300217812499969e-05
-1.592272896914062312e-05
-1.582373762578125005e-05
-1.545180483281249833e-05
-1.473139962304687492e-05
-1.436213711679687383e-05
-1.446093772539062391e-05
-1.451319905117187512e-05
-1.461619582460937500e-05
-1.456393449882812379e-05
-1.371707213945312385e-05
-1.215133044843749965e-05
-1.102561386171874910e-05
-1.158351305117187500e-05
-1.307658479648437472e-05
-1.448687765351562484e-05
-1.577586319960937332e-05
-1.555956997539062375e-05
-1.340789108437499953e-05
-1.145610222773437505e-05
-1.043528976210937459e-05
-1.001319372578124994e-05
-1.099528703398437370e-05
