-3.876741331757812365e-05
-3.716104512148437424e-05
-3.651731528749999533e-05
-3.712614065937499966e-05
-3.766782739375000040e-05
-3.702219021210937467e-05
-3.595521993320312303e-05
-3.607461989648437105e-05
-3.794515574296875016e-05
-4.073465169023437625e-05
-4.315469439648437149e-05
-4.421727777578124527e-05
-4.363172204531249969e-05
-4.217336402734374817e-05
-4.081151780078124883e-05
-3.979051460039062369e-05
-3.926942722070312259e-05
-3.960149644765624782e-05
-4.074552357187500012e-05
-4.198892350898437146e-05
-4.226033908046874588e-05
-4.121187007382812574e-05
-3.964078780937500026e-05
-3.862989355156250026e-05
-3.897226245585937193e-05
-4.060304470195312142e-05
-4.212396372304687059e-05
-4.233701445624999716e-05
-4.170091401289062591e-05
-4.134557514453124870e-05
-4.182622675390624926e-05
-4.265821180156249853e-05
-4.312207875156249989e-05
-4.308965384140624958e-05
-4.209115734335937091e-05
-4.016416400624999756e-05
-3.909929180976562082e-05
-3.988015994023437374e-05
-4.142740035898436981e-05
-4.248712271679686996e-05
-4.236753201875000064e-05
-4.134691028789062487e-05
-4.078634081171875002e-05
-4.146650098593750096e-05
-4.298074429023437606e-05
-4.448468791718749796e-05
-4.498174271640624836e-05
-4.452684030039062404e-05
-4.420659662890624947e-05
-4.408452637890624911e-05
-4.374482776132812301e-05
-4.325463941367187475e-05
-4.247071952695312012e-05
-4.190995931601562398e-05
-4.214666116015624512e-05
-4.209859599921875049e-05
-4.152238627226562454e-05
-4.195459125117187432e-05
-4.349057831874999716e-05
-4.482801049531249643e-05
-4.565770672578124949e-05
-4.646718507109374552e-05
-4.764325563593749876e-05
-4.906155935312499911e-05
-4.937207555156249790e-05
-4.806229991601562170e-05
-4.674966325898437188e-05
-4.593446287070312181e-05
-4.493768298554687545e-05
-4.417150143203124683e-05
-4.402196537578124470e-05
-4.403302799218749663e-05
-4.351747192070312150e-05
-4.238202786093749687e-05
-4.093988229804687389e-05
-3.935315978281249730e-05
-3.854501658085937067e-05
-3.926446811679687405e-05
-4.069135489843749530e-05
-4.169767152187499613e-05
-4.191816091093749551e-05
-4.153917093164062374e-05
-4.117353238593750010e-05
-4.142320419414062001e-05
-4.210813273749999819e-05
-4.300172511445312507e-05
-4.439332596445312237e-05
-4.572408242421874757e-05
-4.582936801484374873e-05
-4.453466042578124620e-05
-4.295690244453124665e-05
-4.271238047499999657e-05
-4.391935007187499588e-05
-4.516980719531249743e-05
-4.571569009453124797e-05
-4.516561103046874763e-05
-4.300687495312499489e-05
-4.014261097773437112e-05
-3.868940279843749620e-05
-3.930070772226562480e-05
-4.050958466679687093e-05
-4.119241512773437420e-05
-4.136026172148437300e-05
-4.154508370937499907e-05
-4.214437234296874893e-05
-4.224965793359375008e-05
-4.136045245625000107e-05
-4.126489433867187569e-05
-4.317166979062499877e-05
-4.543187676328124544e-05
-4.597375423242187426e-05
-4.483373253828125047e-05
-4.372155811992187104e-05
-4.376199389023437158e-05
-4.439580551640624664e-05
-4.458234411718749825e-05
-4.368417410585937220e-05
-4.211919535390625012e-05
-4.109609407109375009e-05
-4.086396986132812134e-05
-4.071500600937499664e-05
-4.038427192578124757e-05
-4.026754224921874511e-05
-4.105661197460937635e-05
-4.310147939687500025e-05
-4.503228742929687404e-05
-4.535501065273437287e-05
-4.501836379140624847e-05
-4.576966803320312472e-05
-4.781987602890624652e-05
-4.952466336406249496e-05
-4.948861449335937229e-05
-4.851090808476562133e-05
-4.751012276953124646e-05
-4.608762288749999631e-05
-4.465978243203124826e-05
-4.466645814882812233e-05
-4.621560591523437200e-05
-4.781567986406249672e-05
-4.813535133125000062e-05
-4.720208612304687193e-05
-4.585874116874999733e-05
-4.498746475937499562e-05
-4.538228572421874657e-05
-4.714448422382812282e-05
-4.942014071249999931e-05
-5.117718937343749896e-05
-5.226018137265624430e-05
-5.318886894648437383e-05
-5.371682277773437029e-05
-5.327336444765624728e-05
-5.242249665820312391e-05
-5.186917510312500057e-05
-5.107133157851562037e-05
-4.915501938828124959e-05
-4.707639191249999921e-05
-4.677140702226561961e-05
-4.788510731874999650e-05
-4.834630398203124552e-05
-4.771840513359374580e-05
-4.754540870117187040e-05
-4.857499496601562321e-05
-4.950940458281250000e-05
-4.908330311640624684e-05
-4.827153595390624785e-05
-4.801499769414062580e-05
-4.691369515742187024e-05
-4.500978072695312079e-05
-4.471013641015624587e-05
-4.625375286835936957e-05
-4.791123798164062211e-05
-4.932706214687499819e-05
-5.089032428593749473e-05
-5.159013014101562528e-05
-5.048730172617187225e-05
-4.886910797460937216e-05
-4.837090876679687367e-05
-4.911534655703124778e-05
-5.009763059999999791e-05
-5.018384271406249689e-05
-4.928605417226562021e-05
-4.831235319374999775e-05
-4.863393200859374849e-05
-5.050923622421874806e-05
-5.234811009960937560e-05
-5.333115708164062446e-05
-5.411126227304687187e-05
-5.468957008242187272e-05
-5.441853598046874767e-05
-5.374905695312499931e-05
-5.375287164843749974e-05
-5.424992644765625014e-05
-5.484501891640625019e-05
-5.612732874570312461e-05
-5.774247074101562300e-05
-5.826432105976562284e-05
-5.784222502343749819e-05
-5.788666622382812046e-05
-5.824066994882812150e-05
-5.785881894804686932e-05
-5.715252811093749955e-05
-5.691792434921874653e-05
-5.631024338593749708e-05
-5.434929926054686919e-05
-5.201890189414062399e-05
-5.045010844687499471e-05
-4.935605383124999743e-05
-4.813306251406249765e-05
-4.654405118164062487e-05
-4.488217916875000124e-05
-4.407346376249999718e-05
-4.438130967421875041e-05
-4.470555877578124670e-05
-4.470899200156249777e-05
-4.531858031250000083e-05
-4.654099942539062317e-05
-4.770448149570312023e-05
-4.849469562968749956e-05
-4.866578471445312136e-05
-4.844243430390624835e-05
-4.842297935781249681e-05
-4.908978809843749961e-05
-5.049893654687499485e-05
-5.169732307929687326e-05
-5.172097419023437460e-05
-5.122296571718749740e-05
-5.123269319023437317e-05
-5.157468062499999547e-05
-5.195386133906249531e-05
-5.220792004687499987e-05
-5.150239214882812206e-05
-4.950749723515624639e-05
-4.751622628203124987e-05
-4.694077949414062265e-05
-4.776399074257812295e-05
-4.919736250624999696e-05
-5.021626762421874720e-05
-4.987752268046874790e-05
-4.867818247421874946e-05
-4.780938561679687202e-05
-4.737889725078124777e-05
-4.743897870195312114e-05
-4.816567815898437603e-05
-4.840161706406249844e-05
-4.732511004687499909e-05
-4.582841434101562193e-05
-4.432752247031249496e-05
-4.254548755507812457e-05
-4.127595695507812085e-05
-4.137971666757812454e-05
-4.259717667656249835e-05
-4.418027523124999580e-05
-4.506738262617186990e-05
-4.484002678554687517e-05
-4.423215508749999764e-05
-4.333932564960937627e-05
-4.178846127031250106e-05
-4.086511426992187621e-05
-4.202649825781249837e-05
-4.380262039531250019e-05
-4.410054809921874958e-05
-4.357202206367187568e-05
-4.331720041679687239e-05
-4.320028000546874864e-05
-4.374482776132812301e-05
-4.512651040351562325e-05
-4.585778749492187053e-05
-4.530198638789062292e-05
-4.467847443906250107e-05
-4.457185370507812374e-05
-4.418866756093749540e-05
-4.385564466015625014e-05
-4.449708567695312607e-05
-4.526307649570311984e-05
-4.501588423945312420e-05
-4.359929713515624938e-05
-4.192178487148437465e-05
-4.189222098281249798e-05
-4.367559104140625130e-05
-4.537274898593749887e-05
-4.581525364218749509e-05
-4.504163343281250044e-05
-4.415567044648437443e-05
-4.439160935156249684e-05
-4.498479447265625006e-05
-4.472406004804687144e-05
-4.431531544531249492e-05
-4.428842184335937058e-05
-4.406087526796874777e-05
-4.353921568398437601e-05
-4.237611508320312154e-05
-4.040658789335937275e-05
-3.871801301328124607e-05
-3.772314047578124654e-05
-3.756883605039062395e-05
-3.918722053671874533e-05
-4.205720655507812314e-05
-4.417646053593749536e-05
-4.450337992421875077e-05
-4.378163957109375119e-05
-4.359853419609375065e-05
-4.454476936835937134e-05
-4.525811739179687131e-05
-4.436528795390624994e-05
-4.249265402499999593e-05
-4.094503213671875049e-05
-4.028222882617187619e-05
-4.066617790937499650e-05
-4.147813580664062356e-05
-4.132268697265624609e-05
-4.013212056562499662e-05
-3.976896157187499725e-05
-4.119069851484374867e-05
-4.293363280312499468e-05
-4.371659901601562251e-05
-4.420659662890624947e-05
-4.525010653164062108e-05
-4.648473266953125023e-05
-4.712598295156249809e-05
-4.677808273906250045e-05
-4.552781635039062020e-05
-4.436090105429687207e-05
-4.416082028515625103e-05
-4.447629558749999836e-05
-4.449040996015624522e-05
-4.384420057421874883e-05
-4.305799187031249801e-05
-4.324624708398437515e-05
-4.442174544453125095e-05
-4.550988728242187290e-05
-4.577653448476562008e-05
-4.477479549570312519e-05
-4.283769321601561993e-05
-4.125516686562499992e-05
-4.108426851562499942e-05
-4.259107316406249494e-05
-4.411103851132812409e-05
-4.379384659609375123e-05
-4.318959885859374606e-05
-4.458520513867187188e-05
-4.713361234218749895e-05
-4.904458395898437183e-05
-5.009496031328124557e-05
-5.035626694218749486e-05
-4.971902209023437551e-05
-4.898030634296874866e-05
-4.894864437187499708e-05
-4.972894029804687257e-05
-5.088708179492187173e-05
-5.115830663164062486e-05
-4.999463382656249973e-05
-4.903123252539062370e-05
-4.985806773437499636e-05
-5.149266467578124629e-05
-5.276925246210937344e-05
-5.369126431914062212e-05
-5.361573335195312572e-05
-5.284096873398436942e-05
-5.248086149648437175e-05
-5.201813895507812526e-05
-5.076062464531250028e-05
-4.938065861601562557e-05
-4.887730956953125047e-05
-4.943635316757812108e-05
-5.009476957851562428e-05
-5.001447024218750063e-05
-4.975488022617187010e-05
-4.998776737499999759e-05
-5.029008197851562485e-05
-4.987656900664062110e-05
-4.870030770703124656e-05
-4.718377558554687527e-05
-4.547803457656250003e-05
-4.444196332968750122e-05
-4.514958931015624716e-05
-4.633328926562499449e-05
-4.580075779999999886e-05
-4.360997828203124518e-05
-4.144284987499999962e-05
-4.063451593828124492e-05
-4.123571191953124838e-05
-4.205243818593749590e-05
-4.230001191171874769e-05
-4.241445277109374718e-05
-4.258992875546874685e-05
-4.276998237421874568e-05
-4.341085118671875095e-05
-4.415814999843749869e-05
-4.374425555703124557e-05
-4.222371800546874577e-05
-4.110486787031249905e-05
-4.129789145312499666e-05
-4.238908504726562030e-05
-4.308583914609374915e-05
-4.215238320312499916e-05
-4.009511802109374715e-05
-3.898351580703124516e-05
-3.964517470898437136e-05
-4.077298937812499512e-05
-4.129541190117187239e-05
-4.118593014570312143e-05
-4.046418979257812186e-05
-3.986432895468750134e-05
-4.042203740937499578e-05
-4.187448264960937197e-05
-4.318540269374999626e-05
-4.354150450117187220e-05
-4.265516004531249683e-05
-4.135778216953124874e-05
-4.106309695664062234e-05
-4.195764300742187603e-05
-4.320047074023436993e-05
-4.420621515937500011e-05
-4.466950990507812403e-05
-4.472234343515624590e-05
-4.443147291757811994e-05
-4.346349398203124475e-05
-4.273259836015624684e-05
-4.353559172343749687e-05
-4.543473778476562585e-05
-4.692628365195311964e-05
-4.684007153789062066e-05
-4.550569111757812310e-05
-4.430158254218749742e-05
-4.361894281601562222e-05
-4.329717326640625019e-05
-4.361932428554687158e-05
-4.415700558984375060e-05
-4.409692413867187044e-05
-4.377916001914062015e-05
-4.427163718398437138e-05
-4.502027113906249530e-05
-4.439981094648437514e-05
-4.284150791132812036e-05
-4.197938677070312376e-05
-4.251229970585937554e-05
-4.386651654179687400e-05
-4.494493090664062018e-05
-4.552724414609374954e-05
-4.544217644062499865e-05
-4.452703103515624533e-05
-4.381826064609375130e-05
-4.349115052304687460e-05
-4.239862178554687478e-05
-4.093282511171875045e-05
-4.044626072460937456e-05
-4.084451491523436980e-05
-4.133165150664062313e-05
-4.159276740078125112e-05
-4.186761619804686983e-05
-4.279649450664062065e-05
-4.412934904882812075e-05
-4.473016356054687484e-05
-4.431893940585937406e-05
-4.383905073554687223e-05
-4.437730424414062190e-05
-4.564645337460936949e-05
-4.642770297460937178e-05
-4.670464985429687217e-05
-4.669244282929687213e-05
-4.551026875195312226e-05
-4.335019753125000014e-05
-4.190595388593749547e-05
-4.189584494335937034e-05
-4.215009438593749619e-05
-4.163129582343749806e-05
-4.095075417968749775e-05
-4.085805708359374600e-05
-4.127881797656250126e-05
-4.160707250820312606e-05
-4.105336948359374657e-05
-4.035699685429687387e-05
-4.076040088359374571e-05
-4.163434757968749976e-05
-4.223172886562499601e-05
-4.270761210585937611e-05
-4.298055355546874799e-05
-4.290845581406249588e-05
-4.262731276953124569e-05
-4.244916649843750046e-05
-4.271619517031249701e-05
-4.323690108046874874e-05
-4.323728254999999811e-05
-4.234311796875000057e-05
-4.138143328046875008e-05
-4.138601091484374924e-05
-4.211576212812499906e-05
-4.280336095820312279e-05
-4.311101613515624795e-05
-4.306886375195312188e-05
-4.287297914765625064e-05
-4.272344309140624851e-05
-4.329335857109374976e-05
-4.438493363476562277e-05
-4.399526250859374843e-05
-4.160974279492187162e-05
-3.974321237851562101e-05
-4.040239172851562295e-05
-4.235303617656249763e-05
-4.320409470078124907e-05
-4.242665979609374721e-05
-4.119890010976562020e-05
-4.068677726406249613e-05
-4.085500532734375107e-05
-4.101636693906249710e-05
-4.139287736640625138e-05
-4.248254508242187079e-05
-4.387509960624999490e-05
-4.493844592460937418e-05
-4.530160491835937356e-05
-4.505441266210937114e-05
-4.480664820156249806e-05
-4.517324042109374850e-05
-4.635503302890624900e-05
-4.788815907499999820e-05
-4.910104144960937284e-05
-4.990613289531249777e-05
-5.066964416210937406e-05
-5.123402833359374934e-05
-5.102021466132812403e-05
-5.047623910976562032e-05
-5.082413932226562472e-05
-5.181958406406249492e-05
-5.153767808046874599e-05
-4.908559193359374981e-05
-4.569642588320312450e-05
-4.329011608007811998e-05
-4.299466792812499486e-05
-4.425199150312499855e-05
-4.553830676249999470e-05
-4.648053650468750043e-05
-4.765241090468749709e-05
-4.827744873164062318e-05
-4.757726140703125004e-05
-4.660508630664062505e-05
-4.627110973203124621e-05
-4.655416012421875001e-05
-4.683396802539062403e-05
-4.610726856835937592e-05
-4.530274932695312165e-05
-4.637944707890624907e-05
-4.823930177851562561e-05
-4.875848181054687311e-05
-4.862859143515625059e-05
-4.923913341992187367e-05
-4.990575142578124841e-05
-4.912488329531249548e-05
-4.741017775234374998e-05
-4.670522205859374960e-05
-4.701726413515624586e-05
-4.687249644804687096e-05
-4.630258096835936972e-05
-4.677789200429687238e-05
-4.865224254609374515e-05
-5.026986409335937458e-05
-5.023686697890624684e-05
-4.873273261718749687e-05
-4.746491863007812546e-05
-4.855039018124999506e-05
-5.131985897812499896e-05
-5.302407410898436996e-05
-5.308854245976562120e-05
-5.337655195585937353e-05
-5.459515637343749544e-05
-5.539357210234374630e-05
-5.507523577851562534e-05
-5.423371399257812160e-05
-5.337044844335937012e-05
-5.268437549140625063e-05
-5.219952771718750027e-05
-5.184495178789062179e-05
-5.172211859882812270e-05
-5.100285779765624739e-05
-4.850690265468749960e-05
-4.546983298164062172e-05
-4.387853283203124597e-05
-4.363763482304687503e-05
-4.382112166757812493e-05
-4.427621481835937055e-05
-4.506146984843749457e-05
-4.513452126367187349e-05
-4.354550993125000071e-05
-4.145276808281249669e-05
-4.064863031093749856e-05
-4.132077962499999926e-05
-4.258344377343750085e-05
-4.366529136406249810e-05
-4.380281113007812149e-05
-4.295003599296875129e-05
-4.197137591054687353e-05
-4.103620335468749801e-05
-4.030416332421874522e-05
-4.057481595664062091e-05
-4.180791621640624582e-05
-4.325425794414062538e-05
-4.398610723984375010e-05
-4.310949025703125049e-05
-4.062230891328124489e-05
-3.816926909257812190e-05
-3.810174898554687572e-05
-4.033296427382812317e-05
-4.204995863398437164e-05
-4.176881558945312145e-05
-4.111650269101562165e-05
-4.167649996289062584e-05
-4.239766811171874798e-05
-4.194982288203124709e-05
-4.136865405117187260e-05
-4.176271207695312482e-05
-4.211709727148437522e-05
-4.156949775937499915e-05
-4.108121675937499771e-05
-4.156396645117187318e-05
-4.240644191093749694e-05
-4.261205398828125072e-05
-4.215009438593749619e-05
-4.183538202265624760e-05
-4.221799596249999851e-05
-4.279477789374999512e-05
-4.321057968281249507e-05
-4.361684473359374732e-05
-4.318635636757812307e-05
-4.126374993007812081e-05
-3.920762915664062368e-05
-3.864133763749999479e-05
-3.920419593085937261e-05
-3.972432963671874691e-05
-4.019582597734374914e-05
-4.092939188593749939e-05
-4.108579439374999688e-05
-4.015806049375000093e-05
-3.954522969179687488e-05
-4.023568954335937224e-05
-4.131601125585937203e-05
-4.202382797109374603e-05
-4.221666081914062234e-05
-4.170167695195312464e-05
-4.088170819453124734e-05
-4.048803163828125127e-05
-4.051301789257812200e-05
-4.044206455976562476e-05
-4.023912276914062331e-05
-4.043271855624999835e-05
-4.100015448398437533e-05
-4.142644668515624979e-05
-4.193570850937500022e-05
-4.262731276953124569e-05
-4.282090855664062072e-05
-4.241502497539062462e-05
-4.226663332773437058e-05
-4.280145361054687596e-05
-4.297940914687499990e-05
-4.136865405117187260e-05
-3.837659778281250121e-05
-3.660657915781249602e-05
-3.738611214492187278e-05
-3.875844878359374662e-05
-3.902204422968749887e-05
-3.856103830117187114e-05
-3.805635411132811987e-05
-3.798768959570312560e-05
-3.817766142226562150e-05
-3.772409414960937335e-05
-3.667543440820312514e-05
-3.661096605742187389e-05
-3.856962136562499882e-05
-4.093435098984374792e-05
-4.168088686249999693e-05
-4.158475654062500089e-05
-4.174459227421874945e-05
-4.158380286679687408e-05
-4.106977267343749641e-05
-4.039933997226562124e-05
-3.920057197031250024e-05
-3.813474609999999669e-05
-3.816698027539062570e-05
-3.886087335273437414e-05
-3.960702775585937379e-05
-4.056546995312500128e-05
-4.138028887187499520e-05
-4.138143328046875008e-05
-4.111097138281249568e-05
-4.136140613007812110e-05
-4.197366472773436972e-05
-4.288652131601562007e-05
-4.408071168359374868e-05
-4.487512198242187103e-05
-4.485795585351562247e-05
-4.423596978281249808e-05
-4.355600034335937521e-05
-4.337270423359374660e-05
-4.361360224257812432e-05
-4.397561682773437559e-05
-4.399736059101562333e-05
-4.345739046953124812e-05
-4.302404108203125024e-05
-4.292104430859374528e-05
-4.312436756874999609e-05
-4.396512641562500109e-05
-4.473054503007812421e-05
-4.441793074921875052e-05
-4.357049618554687144e-05
-4.319703751445312564e-05
-4.313371357226562249e-05
-4.284055423750000033e-05
-4.221685155390625041e-05
-4.126947197304687485e-05
-4.023797836054687522e-05
-3.913762949765624646e-05
-3.778112384453124502e-05
-3.706396112578125139e-05
-3.763425807499999522e-05
-3.813112213945312433e-05
-3.758409483164062569e-05
-3.723657608867187064e-05
-3.829343742499999716e-05
-4.059636898515624735e-05
-4.291360565273437248e-05
-4.375302935624999454e-05
-4.322126082968749764e-05
-4.261548721406249502e-05
-4.281652165703124963e-05
-4.370401052148437310e-05
-4.431302662812499873e-05
-4.437253587499999467e-05
-4.459874730703124808e-05
-4.559419204882812505e-05
-4.719235864999999616e-05
-4.807355326718749494e-05
-4.737641769882812350e-05
-4.575688880390624724e-05
-4.394071236562500102e-05
-4.253442493867187264e-05
-4.232614257460937330e-05
-4.318769151093749924e-05
-4.402978550117187364e-05
-4.422338128828124867e-05
-4.417665127070312343e-05
-4.448220836523437369e-05
-4.498651108554687560e-05
-4.502141554765625017e-05
-4.450795755859374993e-05
-4.399411810000000033e-05
-4.365632683007812106e-05
-4.328344036328124592e-05
-4.275052742812500092e-05
-4.196641680664062499e-05
-4.078176317734375086e-05
-3.977010598046874535e-05
-4.021299210624999771e-05
-4.209897746874999985e-05
-4.354131376640625091e-05
-4.294374174570311981e-05
-4.101636693906249710e-05
-3.952367666328124844e-05
-3.899095446289062473e-05
-3.884523310195312304e-05
-3.874299926757812358e-05
-3.912561320742187449e-05
-4.008462760898437265e-05
-4.093129923359374622e-05
-4.143636489296874685e-05
-4.179017788320311982e-05
-4.169481050039062250e-05
-4.114320555820312470e-05
-4.111001770898437566e-05
-4.192559956679687509e-05
-4.273698525976562471e-05
-4.329965281835937446e-05
-4.385430951679687397e-05
-4.389150279609374474e-05
-4.339425726210937304e-05
-4.329049754960937613e-05
-4.359624537890624768e-05
-4.326703717343749608e-05
-4.211957682343749949e-05
-4.146573804687499545e-05
-4.243867608632812596e-05
-4.440019241601562451e-05
-4.599797754765624626e-05
-4.710671874023437462e-05
-4.807660502343749664e-05
-4.844891928593749434e-05
-4.791505267695312254e-05
-4.696042517499999548e-05
-4.615113756445312075e-05
-4.590661559492187067e-05
-4.616277238515625013e-05
-4.647691254414062129e-05
-4.677999008671874728e-05
-4.690339548007812381e-05
-4.658296107382812117e-05
-4.598634272695312366e-05
-4.555394701328124580e-05
-4.582707919765624576e-05
-4.704282259375000081e-05
-4.869000802968750013e-05
-4.964082083632811998e-05
-4.956033076523437504e-05
-4.906232229218749784e-05
-4.841630364101562274e-05
-4.821031009414061960e-05
-4.871251473203124660e-05
-4.885537507148437467e-05
-4.869134317304686953e-05
-4.941518160859375078e-05
-5.065438538085937232e-05
-5.146233784804687088e-05
-5.182168214648436982e-05
-5.178715915390624461e-05
-5.202862936718749976e-05
-5.344483500195312521e-05
-5.538613344648437350e-05
-5.668866116093749819e-05
-5.700127544179687188e-05
-5.615784630820312132e-05
-5.417763797148436995e-05
-5.230881873789062315e-05
-5.219838330859374539e-05
-5.372635951601562477e-05
-5.478169497421874704e-05
-5.371873012539062390e-05
-5.177323551601562581e-05
-5.118634464218749729e-05
-5.138833275898437193e-05
-5.026204396796874564e-05
-4.803140088398437564e-05
-4.661748406640624638e-05
-4.660928247148437485e-05
-4.705483888398437277e-05
-4.765546266093749879e-05
-4.895455714960937242e-05
-4.990804024296874460e-05
-4.924161297187499794e-05
-4.855382340703124613e-05
-4.941079470898437291e-05
-5.073010708281249680e-05
-5.152051195156249743e-05
-5.213162614062499795e-05
-5.243336853984374778e-05
-5.180089205703124888e-05
-5.083997030781249712e-05
-5.068490294335937580e-05
-5.104310283320311986e-05
-5.061394961054687178e-05
-4.936749791718749873e-05
-4.879033451640624598e-05
-4.885346772382812106e-05
-4.811112801601562185e-05
-4.687898143007812374e-05
-4.651811125351562056e-05
-4.715363949257812115e-05
-4.765088502656249963e-05
-4.717957942070312547e-05
-4.649732116406249963e-05
-4.627168193632812365e-05
-4.595639736874999762e-05
-4.573667091874999697e-05
-4.623925702617187334e-05
-4.690015298906250081e-05
-4.701306797031249606e-05
-4.654004575156249637e-05
-4.565084027421874736e-05
-4.485108940195312033e-05
-4.450585947617187503e-05
-4.455983741484374500e-05
-4.518907140664062090e-05
-4.614503405195312412e-05
-4.661252496249999785e-05
-4.656732082304687007e-05
-4.640767582421874958e-05
-4.565122174374999672e-05
-4.372918751054687191e-05
-4.173925170078124477e-05
-4.140661026953124888e-05
-4.242322657031249615e-05
-4.348886170585937163e-05
-4.444463361640624678e-05
-4.538495601093749891e-05
-4.607999349687499544e-05
-4.628865733046875092e-05
-4.607617880156249500e-05
-4.625871197226562488e-05
-4.751470040390624563e-05
-4.915044175390625043e-05
-4.969823200078124780e-05
-4.902989738203124753e-05
-4.829862029062500026e-05
-4.796731400273437375e-05
-4.767186585078124863e-05
-4.746606303867187355e-05
-4.753892371914062440e-05
-4.747807932890624552e-05
-4.754865119218750017e-05
-4.837033656249999623e-05
-4.933087684218749863e-05
-4.971768694687499934e-05
-4.973847703632812027e-05
-4.963891348867187315e-05
-4.981782269882812389e-05
-5.090310351523437220e-05
-5.233723821796874495e-05
-5.342709666874999921e-05
-5.450074266445312492e-05
-5.500371024140625066e-05
-5.426041685976562464e-05
-5.320679801445312113e-05
-5.297066837460937065e-05
-5.352742315546874506e-05
-5.396744825976562378e-05
-5.403515910156249803e-05
-5.400216198710937028e-05
-5.358140109414062180e-05
-5.281598247968749869e-05
-5.218827436601562026e-05
-5.162636974648436924e-05
-5.097443831757812559e-05
-5.129582639765624825e-05
-5.295807988007812124e-05
-5.412633031953124554e-05
-5.440690115976562507e-05
-5.560948385703124651e-05
-5.776097201328124774e-05
-5.909878565937499637e-05
-5.909191920781249423e-05
-5.843159544921874420e-05
-5.751778518710937382e-05
-5.618760093164061928e-05
-5.483262115664062209e-05
-5.506550830546874957e-05
-5.776116274804686903e-05
-6.128136358242187174e-05
-6.348148910390624504e-05
-6.375843598359374543e-05
-6.249176640507812211e-05
-6.089550715156249783e-05
-6.037956961054687333e-05
-6.112629621796874363e-05
-6.177059825624999997e-05
-6.079270111289062094e-05
-5.884587136015624668e-05
-5.751435196132812275e-05
-5.688855119531249793e-05
-5.669247585624999862e-05
-5.691983169687500014e-05
-5.734021112031249925e-05
-5.798870932343749862e-05
-5.884720650351562285e-05
-5.939366160703124406e-05
-5.916268180585937018e-05
-5.787388699453124976e-05
-5.589005469726561926e-05
-5.481278474101562118e-05
-5.549809475390624872e-05
-5.662438354492187501e-05
-5.697819653515624798e-05
-5.699688854218749401e-05
-5.704495370312499542e-05
-5.663487395703124951e-05
-5.587365150742186942e-05
-5.535428074062500063e-05
-5.524937661953124884e-05
-5.524899514999999947e-05
-5.458638257421874647e-05
-5.316178460976562142e-05
-5.223748393554686977e-05
-5.240513979453124727e-05
-5.244309601289062355e-05
-5.165154673554687482e-05
-5.069043425156249499e-05
-5.006539642460937567e-05
-4.988801309257812240e-05
-5.013863857460937589e-05
-5.034215256953124799e-05
-4.954774227070312564e-05
-4.793698717499999835e-05
-4.726827108671874871e-05
-4.782445366328124569e-05
-4.835622218984374937e-05
-4.898488397734374782e-05
-4.978082015429687442e-05
-4.951150266523437490e-05
-4.828126342695312362e-05
-4.761216586914062462e-05
-4.785153799999999810e-05
-4.817750371445311992e-05
-4.826161774609375078e-05
-4.860379591562499437e-05
-4.955117549648436993e-05
-5.062424928789062498e-05
-5.120961428359374927e-05
-5.126912353046874521e-05
-5.104996928476562200e-05
-5.036179825039062083e-05
-4.887101532226562577e-05
-4.751470040390624563e-05
-4.761121219531249781e-05
-4.855058091601562314e-05
-4.937703465546874643e-05
-5.060422213749999601e-05
-5.200097282617186992e-05
-5.231244269843749551e-05
-5.170380806132811926e-05
-5.165631510468749528e-05
-5.276333968437499811e-05
-5.392300705937499473e-05
-5.403935526640624783e-05
-5.360295412265624824e-05
-5.351884009101562416e-05
-5.344559794101562395e-05
-5.287758980898436953e-05
-5.247285063632812151e-05
-5.302121308749999632e-05
-5.414273350937499538e-05
-5.479065950820312408e-05
-5.460679119414062481e-05
-5.413415044492187448e-05
-5.388810259726562016e-05
-5.373398890664062564e-05
-5.324074880273437567e-05
-5.239484011718750084e-05
-5.166280008671874806e-05
-5.125024078867187110e-05
-5.121590853085937397e-05
-5.195996485156249872e-05
-5.286137735390624776e-05
-5.247857267929687555e-05
-5.094716324609374511e-05
-4.979340864882812382e-05
-5.012051877187500052e-05
-5.161816815156249771e-05
-5.287015115312499673e-05
-5.298878817734374602e-05
-5.251671963242187313e-05
-5.222279735859374546e-05
-5.214326096132812055e-05
-5.182416169843750086e-05
-5.094010605976562168e-05
-5.002419771523436962e-05
-4.956071223476562441e-05
-4.917809829492187349e-05
-4.931123116132812579e-05
-5.101582776171874616e-05
-5.318371910781249722e-05
-5.323865072031250077e-05
-5.112912421249999755e-05
-4.959218347109374791e-05
-4.978082015429687442e-05
-5.009152708749999450e-05
-4.951913205585937577e-05
-4.898583765117187462e-05
-4.926030497890625075e-05
-4.964902243124999829e-05
-4.956986750351562274e-05
-4.918134078593749649e-05
-4.829423339101562238e-05
-4.712789029921874491e-05
-4.653966428203124700e-05
-4.671437732734374794e-05
-4.722878899023437497e-05
-4.725968802226562104e-05
-4.624288098671874571e-05
-4.475648495820312174e-05
-4.341924351640625055e-05
-4.230783203710936985e-05
-4.174630888710937498e-05
-4.242799493945312338e-05
-4.442098250546874544e-05
-4.654920102031249470e-05
-4.759499974023437605e-05
-4.798676894882812529e-05
-4.927441935156249761e-05
-5.123841523320312043e-05
-5.174290868828125041e-05
-5.042245190585937164e-05
-4.925019603632812561e-05
-4.934689856249999910e-05
-4.988877603164062113e-05
-5.013902004414062526e-05
-5.069424894687499543e-05
-5.184247223593749752e-05
-5.270917101093750007e-05
-5.241868196289062347e-05
-5.094296708124999531e-05
-4.962422691171874885e-05
-4.946076721757812115e-05
-4.943692537187499851e-05
-4.875924474960937184e-05
-4.800012038242187343e-05
-4.797837661914062569e-05
-4.916760788281249899e-05
-5.092999711718749654e-05
-5.180260866992187442e-05
-5.177323551601562581e-05
-5.223347850546874804e-05
-5.318867821171874576e-05
-5.393330673671874794e-05
-5.474831639023436993e-05
-5.552899378593749479e-05
-5.559308066718749667e-05
-5.497548149609375015e-05
-5.419003573124999806e-05
-5.360009310117187461e-05
-5.342576152539062304e-05
-5.363232727656249685e-05
-5.371472469531249539e-05
-5.323979512890624887e-05
-5.296284824921874848e-05
-5.412900060624999788e-05
-5.620514853007812400e-05
-5.702568949179687196e-05
-5.591523168632812484e-05
-5.455548354218750040e-05
-5.423543060546874713e-05
-5.448395800507812572e-05
-5.460087841640624948e-05
-5.466248574570312032e-05
-5.469624579921874679e-05
-5.452057908007811905e-05
-5.414197057031249665e-05
-5.336415419609374542e-05
-5.194585047890624507e-05
-5.042149823203124484e-05
-4.989754983085937010e-05
-5.075394892851561944e-05
-5.170418953085937540e-05
-5.147568928164062579e-05
-5.118252994687499686e-05
-5.240513979453124727e-05
-5.450875352460937516e-05
-5.558774009374999877e-05
-5.483700805624999996e-05
-5.348279122031249471e-05
-5.271699113632812223e-05
-5.200688560390624525e-05
-5.110699897968750045e-05
-5.095631851484375022e-05
-5.140778770507812347e-05
-5.162045696875000068e-05
-5.151746019531249572e-05
-5.086991566601562316e-05
-4.955231990507812480e-05
-4.879720096796874812e-05
-4.995076483046874811e-05
-5.213467789687499965e-05
-5.330922258359374865e-05
-5.268494769570312129e-05
-5.096032394492187195e-05
-5.008809386171875021e-05
-5.113198523398437118e-05
-5.191762173359374457e-05
-5.066659240585937236e-05
-4.900205010624999639e-05
-4.836919215390624813e-05
-4.826924713671874488e-05
-4.793088366249999494e-05
-4.714772671484374582e-05
-4.674870958515624507e-05
-4.717652766445312376e-05
-4.771935880742187260e-05
-4.820268070351562550e-05
-4.843671226093750108e-05
-4.779717859179687198e-05
-4.684808239804687089e-05
-4.632565987500000040e-05
-4.595181973437499845e-05
-4.558026841093749948e-05
-4.528577393281250116e-05
-4.481065363164061979e-05
-4.408452637890624911e-05
-4.392221109335937628e-05
-4.481122583593749722e-05
-4.558866074062499908e-05
-4.521348545664062097e-05
-4.424722313398437131e-05
-4.377935075390624822e-05
-4.413125639648437436e-05
-4.457738501328124971e-05
-4.467465974375000063e-05
-4.485128013671874840e-05
-4.475343320195312004e-05
-4.403646121796874770e-05
-4.350602783476562019e-05
-4.316556627812499536e-05
-4.262731276953124569e-05
-4.244115563828125022e-05
-4.308011710312499511e-05
-4.428289053515624461e-05
-4.477689357812500009e-05
-4.326455762148437181e-05
-4.102380559492186990e-05
-4.072797597343749541e-05
-4.215657936796874896e-05
-4.264009199882812316e-05
-4.117334165117187203e-05
-3.952253225468750034e-05
-3.920915503476562114e-05
-3.940637478242187532e-05
-3.900373369218749543e-05
-3.829973167226562186e-05
-3.779104205234374886e-05
-3.750226961718749780e-05
-3.755186065624999668e-05
-3.782785386210937026e-05
-3.799055061718749923e-05
-3.812330201406249539e-05
-3.807180362734374968e-05
-3.760335904296874916e-05
-3.738172524531249491e-05
-3.768957115703124814e-05
-3.824346491640624892e-05
-3.956411243359374898e-05
-4.193914173515625129e-05
-4.415090207734374719e-05
-4.452016458359374997e-05
-4.340284032656250071e-05
-4.289968201484374691e-05
-4.398515356601562329e-05
-4.608132864023437161e-05
-4.769818724843749553e-05
-4.781930382460937586e-05
-4.738156753750000011e-05
-4.734914262734374980e-05
-4.701478458320312159e-05
-4.565236615234374482e-05
-4.411389953281249772e-05
-4.349496521835937503e-05
-4.347932496757812393e-05
-4.339025183203125131e-05
-4.320161514882812481e-05
-4.295194334062499812e-05
-4.270150859335937270e-05
-4.256093707109374761e-05
-4.233968474296874950e-05
-4.196756121523437309e-05
-4.145696424765624649e-05
-4.083802993320312380e-05
-4.059999294570311971e-05
-4.080102738867187433e-05
-4.078004656445312532e-05
-4.046342685351562312e-05
-4.036348183632811987e-05
-4.058511563398437412e-05
-4.083078201210937230e-05
-4.076211749648437125e-05
-4.058664151210937158e-05
-4.099252509335937447e-05
-4.183538202265624760e-05
-4.234597899023437420e-05
-4.253518787773437137e-05
-4.280812932734375003e-05
-4.301164332226562213e-05
-4.303262414648437113e-05
-4.276921943515624695e-05
-4.195554492500000113e-05
-4.089868358867187461e-05
-3.986604556757812010e-05
-3.902395157734374570e-05
-3.921659369062500071e-05
-4.087693982539062010e-05
-4.315297778359374596e-05
-4.486558524414062334e-05
-4.521119663945312477e-05
-4.429338094726562589e-05
-4.313848194140624973e-05
-4.210698832890625009e-05
-4.090593150976562612e-05
-4.012792440078124682e-05
-4.049299074218749980e-05
-4.143350387148437322e-05
-4.217374549687499753e-05
-4.254796710703124884e-05
-4.234235502968749506e-05
-4.178464657500000062e-05
-4.149701854843749766e-05
-4.161260381640624525e-05
-4.204671614296874864e-05
-4.289910981054687625e-05
-4.410741455078124495e-05
-4.517953466835937320e-05
-4.579713383945311972e-05
-4.613378070078125089e-05
-4.652974607421874994e-05
-4.703443026406249443e-05
-4.718968836328125060e-05
-4.714887112343750069e-05
-4.805867595546874934e-05
-5.025956441601562137e-05
-5.280911602812499655e-05
-5.505272907617187210e-05
-5.686413714531249786e-05
-5.774495029296874727e-05
-5.764252572382811974e-05
-5.784222502343749819e-05
-5.887600745312499402e-05
-5.932366194804687362e-05
-5.864464618242187078e-05
-5.794693840976562191e-05
-5.765320687070312231e-05
-5.786034482617187356e-05
-5.855690819023437433e-05
-5.843159544921874420e-05
-5.675007775546874774e-05
-5.513951339453124852e-05
-5.524041208554687180e-05
-5.639855358242187096e-05
-5.702855051328124559e-05
-5.653073277499999646e-05
-5.529839545429687028e-05
-5.387322528554687456e-05
-5.258614708710937291e-05
-5.221345135507812584e-05
-5.350529792265624796e-05
-5.523030314296874666e-05
-5.557324425156249576e-05
-5.475613651562499887e-05
-5.401055431679686989e-05
-5.415513126914062349e-05
-5.486371092343749622e-05
-5.524193796367186926e-05
-5.555092828398437059e-05
-5.634819960429687336e-05
-5.741440694414061950e-05
-5.814778211796874845e-05
-5.792500391171874610e-05
-5.677811576601562017e-05
-5.549141903710937465e-05
-5.469662726874999616e-05
-5.431782802421874568e-05
-5.366036528710936928e-05
-5.244214233906249674e-05
-5.159604291875000061e-05
-5.161626080390625088e-05
-5.159108381484374530e-05
-5.092694536093749484e-05
-5.031888292812499602e-05
-5.078198693906249865e-05
-5.263364004374999688e-05
-5.497319267890624718e-05
-5.629975297382812258e-05
-5.646779030234374945e-05
-5.690113968984374733e-05
-5.799385916210937522e-05
-5.852696283203124829e-05
-5.778977296289061890e-05
-5.600258820898437192e-05
-5.405938241679687003e-05
-5.329033984179687455e-05
-5.398881055351562215e-05
-5.505082172851562527e-05
-5.542370819531250041e-05
-5.470845282421874683e-05
-5.302559998710937420e-05
-5.151307329570312463e-05
-5.141808738242186990e-05
-5.209805682187499954e-05
-5.217415999335937339e-05
-5.239751040390624640e-05
-5.379426109257812031e-05
-5.501400991874999709e-05
-5.524098428984374924e-05
-5.588566779765624816e-05
-5.741669576132812247e-05
-5.811650161640624624e-05
-5.717160158749999495e-05
-5.581948283398437138e-05
-5.489251187304687417e-05
-5.468861640859374592e-05
-5.569302568437499993e-05
-5.693165725234374403e-05
-5.696923200117187094e-05
-5.639779064335937223e-05
-5.633713698789062142e-05
-5.716244631874999662e-05
-5.899617035546874755e-05
-6.091343621953124513e-05
-6.164776506718750088e-05
-6.116825786640624164e-05
-6.017834443281249742e-05
-5.958477784218749483e-05
-5.993172438085937244e-05
-6.048161271015624471e-05
-6.003929878867186979e-05
-5.835911623828124949e-05
-5.660550080312499413e-05
-5.636345838554687509e-05
-5.799042593632812415e-05
-6.050411941249999795e-05
-6.237656260664062389e-05
-6.230045943515624327e-05
-5.996205120859374784e-05
-5.659958802539062558e-05
-5.424210632226562120e-05
-5.381810293828124972e-05
-5.466229501093749902e-05
-5.569779405351562039e-05
-5.649010626992187462e-05
-5.715233737617187148e-05
-5.751683151328124702e-05
-5.709225592499999810e-05
-5.577733045078124530e-05
-5.446354938515624738e-05
-5.449349474335937342e-05
-5.577981000273436957e-05
-5.715748721484374808e-05
-5.805603869570312350e-05
-5.842663634531249567e-05
-5.834633700898437202e-05
-5.772740269453124933e-05
-5.691639847109374907e-05
-5.727860379101562164e-05
-5.924546069414062487e-05
-6.150395105390625279e-05
-6.295715923320312094e-05
-6.315933808476562365e-05
-6.201740904296875303e-05
-6.004807258789062553e-05
-5.784832853593749482e-05
-5.614315973124999701e-05
-5.592915532421875041e-05
-5.726868558320312457e-05
-5.878693431757812141e-05
-5.905567960234375026e-05
-5.824143288789062023e-05
-5.759980113632812300e-05
-5.738541525976562026e-05
-5.717160158749999495e-05
-5.741650502656249440e-05
-5.819165111406250006e-05
-5.794960869648437424e-05
-5.586850166874999960e-05
-5.379311668398437221e-05
-5.343949442851562054e-05
-5.367352598593749612e-05
-5.328309192070312304e-05
-5.329453600664062435e-05
-5.469395698203125060e-05
-5.668732601757812202e-05
-5.767762092070312239e-05
-5.720307282382812523e-05
-5.657879793593749787e-05
-5.705830513671875033e-05
-5.833699100546874561e-05
-5.964810178437499798e-05
-6.033589134921874979e-05
-5.951744846992186995e-05
-5.732533380859374688e-05
-5.452305863203125009e-05
-5.171487067773437120e-05
-5.052563941406249790e-05
-5.194146357929687398e-05
-5.430714687734374988e-05
-5.514218368124999408e-05
-5.388753039296874950e-05
-5.264241384296874585e-05
-5.316331048789062566e-05
-5.451962540624999903e-05
-5.534779575859374786e-05
-5.571381577382812086e-05
-5.569474229726562546e-05
-5.470997870234374429e-05
-5.341450817421874981e-05
-5.334889541484375046e-05
-5.390030962226562020e-05
-5.315663477109374482e-05
-5.135380976640624673e-05
-5.030000018632812192e-05
-5.110490089726562555e-05
-5.344845896249999758e-05
-5.533749608124999465e-05
-5.531289129648437328e-05
-5.496098565390624714e-05
-5.641209575078124717e-05
-5.871331069804687182e-05
-5.938641368593749933e-05
-5.777584932500000011e-05
-5.513455429062499998e-05
-5.346371774374999932e-05
-5.373684992812499927e-05
-5.480668122851562455e-05
-5.571610459101562383e-05
-5.677067711015624737e-05
-5.759407909335936896e-05
-5.750748550976562062e-05
-5.750214493632812272e-05
-5.851685388945312315e-05
-5.988041672890624803e-05
-6.126267157539061893e-05
-6.272923118828124876e-05
-6.360794625351562327e-05
-6.330715752812499347e-05
-6.223141344999999285e-05
-6.160828297070312714e-05
-6.204106015390624081e-05
-6.269070276562500182e-05
-6.266991267617186734e-05
-6.227680832421874193e-05
-6.211620965156249463e-05
-6.210858026093749376e-05
-6.194416689296875281e-05
-6.172730146445311902e-05
-6.198898956289061767e-05
-6.247536321523436550e-05
-6.201435728671874455e-05
-6.071717014570312453e-05
-5.974022667617187230e-05
-5.904614286406249579e-05
-5.800625692187499655e-05
-5.672604517499999703e-05
-5.579487804921875001e-05
-5.594307896210936920e-05
-5.709187445546874874e-05
-5.843216765351562164e-05
-5.949780278906249711e-05
-5.996643810820311894e-05
-5.967709346874999722e-05
-5.875241132499999620e-05
-5.766465095664062362e-05
-5.699288311210937228e-05
-5.700165691132812125e-05
-5.774914645781249707e-05
-5.883766976523437515e-05
-5.974423210624999403e-05
-6.011654636874999851e-05
-5.946385200078124934e-05
-5.784890074023437225e-05
-5.631958938945312348e-05
-5.548569699414062061e-05
-5.490090420273437377e-05
-5.456959791484374727e-05
-5.461575572812499507e-05
-5.443856313085936987e-05
-5.470788061992186939e-05
-5.627724627148436934e-05
-5.773083592031250040e-05
-5.760018260585937237e-05
-5.601307862109374642e-05
-5.440899924218749997e-05
-5.409371467460937394e-05
-5.417229739804687205e-05
-5.367447965976562292e-05
-5.369355313632812510e-05
-5.493695307343749644e-05
-5.631577469414062305e-05
-5.621335012499999553e-05
-5.427224241523437531e-05
-5.223195262734375057e-05
-5.162808635937499478e-05
-5.205533223437499603e-05
-5.266835377109375016e-05
-5.300442842812499712e-05
-5.286194955820312520e-05
-5.262334036640625045e-05
-5.263592886093749985e-05
-5.291516455781249644e-05
-5.372559657695311926e-05
-5.476643619296874530e-05
-5.483357483046874889e-05
-5.414578526562499708e-05
-5.430085263007812518e-05
-5.532605199531250012e-05
-5.581795695585937392e-05
-5.525700601015624971e-05
-5.420529451249999980e-05
-5.345894937460937208e-05
-5.385682209570312473e-05
-5.484025054726562296e-05
-5.489155819921874736e-05
-5.414692967421874518e-05
-5.380627738281249905e-05
-5.407368752421874496e-05
-5.419423189609374786e-05
-5.417611209335937249e-05
-5.458714551328124520e-05
-5.500218436328124642e-05
-5.462433879257812275e-05
-5.372445216835937116e-05
-5.329625261953124988e-05
-5.348927620234374749e-05
-5.379979240078124628e-05
-5.422589386718749943e-05
-5.449807237773437259e-05
-5.357186435585937410e-05
-5.140740623554687411e-05
-4.937760685976562387e-05
-4.838025477031250007e-05
-4.809510629570312138e-05
-4.788949421835937437e-05
-4.775788723007811954e-05
-4.815232672539062112e-05
-4.887711883476562240e-05
-4.914948808007812362e-05
-4.913213121640624698e-05
-5.007798491914062508e-05
-5.177495212890624457e-05
-5.199353417031249712e-05
-5.059792789023437131e-05
-4.983556103203124989e-05
-5.023190787499999830e-05
-5.065324097226562422e-05
-5.068776396484374943e-05
-5.091931597031250074e-05
-5.169675087499999583e-05
-5.283314860859374725e-05
-5.367676847695311912e-05
-5.318638939453124956e-05
-5.170857643046874650e-05
-5.083730002109374479e-05
-5.114991430195312526e-05
-5.223920054843749530e-05
-5.397622205898437275e-05
-5.633809066171874822e-05
-5.826165077304687050e-05
-5.841576446367187180e-05
-5.702950418710937239e-05
-5.559212699335936987e-05
-5.556809441289061916e-05
-5.678975058671874955e-05
-5.750252640585937208e-05
-5.722138336132812189e-05
-5.737530631718749512e-05
-5.865818835078124698e-05
-5.982338703398436958e-05
-5.976998129960937027e-05
-5.872895094882812293e-05
-5.692669814843749550e-05
-5.525662454062500034e-05
-5.518414532968749886e-05
-5.611989008984374504e-05
-5.665718992460937469e-05
-5.653225865312500070e-05
-5.558793082851562007e-05
-5.395428756093749694e-05
-5.275380294609375041e-05
-5.272290391406249757e-05
-5.351903082578124545e-05
-5.458676404374999583e-05
-5.527741463007812127e-05
-5.533310918164062355e-05
-5.534035710273437506e-05
-5.562130941249999718e-05
-5.606553068164062570e-05
-5.667416531874999518e-05
-5.700776042382812466e-05
-5.657822573164062043e-05
-5.567357073828124839e-05
-5.502583547421874776e-05
-5.511052171015624928e-05
-5.520970378828124703e-05
-5.445820881171874948e-05
-5.363194580703124748e-05
-5.354821324492187276e-05
-5.380417930039062415e-05
-5.384213551875000043e-05
-5.372922053749999840e-05
-5.391614060781249937e-05
-5.410267920859374420e-05
-5.350529792265624796e-05
-5.260941672851562488e-05
-5.257813622695312267e-05
-5.287110482695312353e-05
-5.234315099570312029e-05
-5.164220073203124842e-05
-5.137727014257811999e-05
-5.083386679531250049e-05
-5.010659513398437495e-05
-4.982163739414062432e-05
-4.985310863046874783e-05
-4.990536995624999904e-05
-4.944112153671874831e-05
-4.848897358671874552e-05
-4.833199887460937059e-05
-4.957158411640624827e-05
-5.115544561015624445e-05
-5.201298911640624866e-05
-5.222394176718750034e-05
-5.271145982812499626e-05
-5.446068836367187375e-05
-5.718647889921874732e-05
-5.906826809687499967e-05
-5.889431799062499746e-05
-5.795475853515624407e-05
-5.773064518554687233e-05
-5.772435093828124763e-05
-5.772740269453124933e-05
-5.839993347812499940e-05
-5.929772201992186930e-05
-5.915505241523436931e-05
-5.809189683164062487e-05
-5.705029427656250010e-05
-5.579659466210937555e-05
-5.475480137226562270e-05
-5.501668020546874943e-05
-5.545594237070312264e-05
-5.499150321640625062e-05
-5.489537289453124780e-05
-5.566861163437499986e-05
-5.594861027031249517e-05
-5.544716857148437368e-05
-5.538956667226562457e-05
-5.627209643281249951e-05
-5.727993893437499781e-05
-5.758931072421874850e-05
-5.711800511835937434e-05
-5.636822675468749556e-05
-5.647046058906249501e-05
-5.791756525585937330e-05
-5.959641266289062420e-05
-6.049496414374999962e-05
-6.074978579062499613e-05
-6.056095837265624833e-05
-5.995976239140624487e-05
-5.972840112070312163e-05
-6.034619102656249622e-05
-6.128498754296875088e-05
-6.243530891445312110e-05
-6.357456766953125294e-05
-6.357742869101561979e-05
-6.223313006289061839e-05
-6.069142095234374829e-05
-5.966049954414061931e-05
-5.911557031874999557e-05
-5.887066687968749612e-05
-5.883385506992187472e-05
-5.863587238320312181e-05
-5.740258138867187560e-05
-5.567204486015624415e-05
-5.494591760742187348e-05
-5.491406490156250061e-05
-5.475384769843749590e-05
-5.503975911210937333e-05
-5.589158057539062350e-05
-5.595414157851562114e-05
-5.448529314843749511e-05
-5.275189559843749680e-05
-5.220143506484374709e-05
-5.241791902382812474e-05
-5.224110789609374891e-05
-5.191304409921874540e-05
-5.271069688906249753e-05
-5.424840056953124590e-05
-5.476834354062499891e-05
-5.419613924374999469e-05
-5.362450715117187468e-05
-5.379578697070312455e-05
-5.500027701562499959e-05
-5.661446533710937117e-05
-5.785519498749999695e-05
-5.853459222265624916e-05
-5.846669064609374684e-05
-5.753666792890624793e-05
-5.655514682499999653e-05
-5.672871546171874937e-05
-5.793911828437499974e-05
-5.896126589335937298e-05
-5.889698827734374980e-05
-5.760991007890624814e-05
-5.595509525234374794e-05
-5.504128499023437079e-05
-5.515820540156249455e-05
-5.607449521562499596e-05
-5.694977705507811940e-05
-5.661732635859374480e-05
-5.545250914492187158e-05
-5.517746961289062479e-05
-5.616433129023437409e-05
-5.707470832656250017e-05
-5.754105482851561902e-05
-5.829769964374999995e-05
-5.893208347421874567e-05
-5.883404580468749601e-05
-5.850846155976562355e-05
-5.814892652656249655e-05
-5.733448907734374521e-05
-5.639912578671874840e-05
-5.607010831601562487e-05
-5.612065302890625055e-05
-5.611645686406249397e-05
-5.597989077187499738e-05
-5.540425324921874887e-05
-5.447327685820312315e-05
-5.372368922929687243e-05
-5.359761354921875034e-05
-5.481125886289062372e-05
-5.702397287890624642e-05
-5.826317665117187474e-05
-5.814244154453125055e-05
-5.809037095351562063e-05
-5.802189717265624766e-05
-5.697018567499999775e-05
-5.603711120156249713e-05
-5.667511899257812199e-05
-5.770794774843749779e-05
-5.768658545468749942e-05
-5.687539049648437109e-05
-5.581604960820312031e-05
-5.544411681523437197e-05
-5.654561008671874883e-05
-5.789105312343749833e-05
-5.768696692421874879e-05
-5.658699953085936940e-05
-5.666901548007812536e-05
-5.773312473749999660e-05
-5.778424165468749971e-05
-5.635964369023437466e-05
-5.510022203281249607e-05
-5.557000176054687277e-05
-5.716854983125000002e-05
-5.794464959257811893e-05
-5.749012864609374398e-05
-5.711419042304687391e-05
-5.735356255390624739e-05
-5.732571527812499625e-05
-5.660435639453124604e-05
-5.599572175742186978e-05
-5.593544957148437511e-05
-5.609356869218749814e-05
-5.576073652617187417e-05
-5.457760877499999750e-05
-5.371548763437499413e-05
-5.386521442539062433e-05
-5.403782938828125037e-05
-5.391080003437499470e-05
-5.356461643476562260e-05
-5.234982671249999435e-05
-5.112950568203124691e-05
-5.177304478124999774e-05
-5.364644164921875049e-05
-5.447251391914062442e-05
-5.368954770624999659e-05
-5.313336512968749962e-05
-5.387990100234374863e-05
-5.391556840351562194e-05
-5.191304409921874540e-05
-4.968221028046874733e-05
-4.868543039531250097e-05
-4.827058228007812104e-05
-4.752862404179687120e-05
-4.658563136054687351e-05
-4.580056706523437078e-05
-4.524533816250000061e-05
-4.493310535117186951e-05
-4.454534157265624877e-05
-4.410035736445312151e-05
-4.454705818554687431e-05
-4.625947491132812361e-05
-4.760549015234375055e-05
-4.729001484999999645e-05
-4.671704761406250027e-05
-4.747617198124999869e-05
-4.910294879726561967e-05
-5.087773579140624533e-05
-5.243375000937499714e-05
-5.284554636835937536e-05
-5.203473287968749639e-05
-5.119530917617187433e-05
-5.113827948124999588e-05
-5.113427405117187415e-05
-5.038411421796874600e-05
-4.999959293046874826e-05
-5.109383828085937361e-05
-5.287034188789062480e-05
-5.370804897851562133e-05
-5.271908921874999713e-05
-5.022561362773437360e-05
-4.759194798398437435e-05
-4.619729537773437534e-05
-4.599969416054687179e-05
-4.675271501523437358e-05
-4.877240544843749868e-05
-5.093915238593749487e-05
-5.147282826015624538e-05
-5.081803580976562132e-05
-5.066544799726562426e-05
-5.129143949804687038e-05
-5.194718562226562124e-05
-5.210969164257812214e-05
-5.178448886718749905e-05
-5.172269080312500014e-05
-5.263478445234374498e-05
-5.382954702421874425e-05
-5.390069109179686956e-05
-5.261952567109375002e-05
-5.094945206328124808e-05
-4.956281031718749931e-05
-4.879739170273436941e-05
-4.942033144726562061e-05
-5.123746155937500041e-05
-5.213105393632812051e-05
-5.093934312070312294e-05
-4.940049503164061970e-05
-4.895341274101562432e-05
-4.881379489257812603e-05
-4.841210747617187294e-05
-4.852521319218749626e-05
-4.966199239531249706e-05
-5.118138553828124876e-05
-5.242554841445312561e-05
-5.314137598984374985e-05
-5.238835513515624807e-05
-4.939038608906249456e-05
-4.612729571874999812e-05
-4.573590797968749824e-05
-4.771611631640624960e-05
-4.910809863593749628e-05
-4.898793573359374952e-05
-4.830644041601562242e-05
-4.806706828515624894e-05
-4.826619538046874995e-05
-4.795892167304687415e-05
-4.697473028242187042e-05
-4.613339923124999475e-05
-4.574697059609375018e-05
-4.540154993554687004e-05
-4.500176986679687056e-05
-4.467828370429687300e-05
-4.445817578476562299e-05
-4.468591309492187387e-05
-4.519727300156249920e-05
-4.550435597421874693e-05
-4.625871197226562488e-05
-4.766824189023436949e-05
-4.854504960781249717e-05
-4.898602838593749592e-05
-4.988152811054686963e-05
-5.028912830468749805e-05
-4.948327391992187439e-05
-4.874856360273437605e-05
-4.899270410273436999e-05
-4.950883237851562256e-05
-4.925954203984374524e-05
-4.789254597460937608e-05
-4.614160082617187306e-05
-4.538018764179687167e-05
-4.604775932148437320e-05
-4.702413058671874800e-05
-4.729611836249999985e-05
-4.731366596093749779e-05
-4.767682495468749716e-05
-4.771325529492187597e-05
-4.700887180546874626e-05
-4.678189743437500089e-05
-4.759271092304687308e-05
-4.837071803203124560e-05
-4.888856292070312370e-05
-5.008542357499999787e-05
-5.172593329414062313e-05
-5.251195126328124589e-05
-5.253693751757812340e-05
-5.241448579804687367e-05
-5.160290937031249597e-05
-5.015199000820312402e-05
-4.906709066132812507e-05
-4.863736523437499955e-05
-4.847161672304687566e-05
-4.844167136484374962e-05
-4.872739204374999897e-05
-4.907719960390625021e-05
-4.861256971484375012e-05
-4.729058705429687389e-05
-4.648816589531249452e-05
-4.704492067617187571e-05
-4.829308898242187429e-05
-4.920956953124999700e-05
-4.965779623046874725e-05
-4.954659786210937076e-05
-4.847257039687499568e-05
-4.767091217695312183e-05
-4.868390451718749673e-05
-5.059811862499999938e-05
-5.169312691445312346e-05
-5.200555046054687586e-05
-5.222165294999999737e-05
-5.162579754218749858e-05
-4.957330072929687381e-05
-4.759595341406249608e-05
-4.747960520703124976e-05
-4.886128784921875000e-05
-5.037400527539062086e-05
-5.126893279570312391e-05
-5.119664431953125050e-05
-5.060002597265624621e-05
-5.016305262460937596e-05
-4.940430972695312013e-05
-4.824807557773437458e-05
-4.797151016757812355e-05
-4.909551014140624688e-05
-5.023438742695312257e-05
-4.973180131953124620e-05
-4.775540767812499527e-05
-4.574391883984374848e-05
-4.470479583671874797e-05
-4.516522956093749826e-05
-4.684293255937500107e-05
-4.843175315703124578e-05
-4.902531974765624836e-05
-4.898011560820312058e-05
-4.876344091445312164e-05
-4.854676622070312270e-05
-4.861905469687499611e-05
