-1.102599533125000016e-05
-1.178798071992187391e-05
-1.186293948281249965e-05
-1.168059704687499954e-05
-1.119002722968750022e-05
-9.822077490624999172e-06
-8.526797697265624289e-06
-9.362978909765625049e-06
-1.215304706132812519e-05
-1.436080197343749936e-05
-1.472472390624999916e-05
-1.415309181367187407e-05
-1.371535552656250001e-05
-1.372584593867187451e-05
-1.381510980898437350e-05
-1.332530293085937460e-05
-1.235560738242187388e-05
-1.194056853242187435e-05
-1.260928462070312399e-05
-1.365126864531249982e-05
-1.391219380468749974e-05
-1.279296219999999857e-05
-1.145953545351562442e-05
-1.193999632812499861e-05
-1.415461769179687492e-05
-1.608084808984374954e-05
-1.617335445117187322e-05
-1.495951840273437347e-05
-1.441668725976562463e-05
-1.507319632304687423e-05
-1.533488442148437457e-05
-1.430415374804687366e-05
-1.355914375351562381e-05
-1.445597862148437369e-05
-1.555422940195312585e-05
-1.551684538789062362e-05
-1.504992668164062395e-05
-1.445616935625000006e-05
-1.383914238945312421e-05
-1.418837774531249970e-05
-1.517810044414062432e-05
-1.541442081874999949e-05
-1.496562191523437349e-05
-1.512660205742187354e-05
-1.633547900195312475e-05
-1.740111413750000023e-05
-1.716593817148437317e-05
-1.585139416679687312e-05
-1.481551365468749900e-05
-1.528853587343749869e-05
-1.671561338984374801e-05
-1.768073130390624957e-05
-1.796549830898437551e-05
-1.784705201953124752e-05
-1.682013604140625043e-05
-1.435069303085937422e-05
-1.197890622031249999e-05
-1.226329175585937488e-05
-1.452178211562499941e-05
-1.614779599257812505e-05
-1.674059964414062552e-05
-1.652773964570312362e-05
-1.503562157421874901e-05
-1.342086104843749999e-05
-1.282996474453124974e-05
-1.256083799023437490e-05
-1.289099986953124992e-05
-1.457308976757812382e-05
-1.659278020078124892e-05
-1.723288607421874868e-05
-1.560820734062499921e-05
-1.293410592656249941e-05
-1.154765491523437362e-05
-1.218947740156249892e-05
-1.353968880742187396e-05
-1.415328254843749875e-05
-1.427249177695312378e-05
-1.462439741953124992e-05
-1.472243508906249957e-05
-1.407336468164062447e-05
-1.286925610624999880e-05
-1.166743634804687440e-05
-1.221446365585937473e-05
-1.518382248710937497e-05
-1.790865934882812513e-05
-1.833743110195312385e-05
-1.719988895976562433e-05
-1.574725298476562345e-05
-1.503390496132812348e-05
-1.522502119648437425e-05
-1.587447307343750041e-05
-1.727065155781250027e-05
-1.882761944960937550e-05
-1.898802738749999811e-05
-1.762942365195312516e-05
-1.564692649804687422e-05
-1.380194911015625005e-05
-1.308421418710937390e-05
-1.407984966367187385e-05
-1.545752687578124898e-05
-1.543139621289062337e-05
-1.476363379843749885e-05
-1.484393313476562419e-05
-1.492575834921874869e-05
-1.402472731640624901e-05
-1.255988431640624979e-05
-1.177977912499999899e-05
-1.252421691523437479e-05
-1.413993111484374892e-05
-1.522120650117187381e-05
-1.539248632070312368e-05
-1.485995485507812466e-05
-1.316355984960937413e-05
-1.066226413320312505e-05
-9.025759844140624906e-06
-9.104533302343749396e-06
-1.011447388632812429e-05
-1.083239954414062512e-05
-1.098269853945312430e-05
-1.082877558359374937e-05
-1.027163933320312390e-05
-9.633631542187499043e-06
-9.581179481640624842e-06
-1.028003166289062520e-05
-1.158999803320312438e-05
-1.277674974492187511e-05
-1.308993623007812455e-05
-1.255931211210937405e-05
-1.186541903476562392e-05
-1.239756903085937358e-05
-1.405543561367187378e-05
-1.475447852968749882e-05
-1.417330969882812434e-05
-1.368617310742187439e-05
-1.351146006210937515e-05
-1.342753676523437406e-05
-1.348857189023437424e-05
-1.325167931132812502e-05
-1.266993827617187480e-05
-1.246852236367187421e-05
-1.297892859648437443e-05
-1.374701749765624989e-05
-1.411074869570312500e-05
-1.401366469999999876e-05
-1.407031292539062446e-05
-1.461314406835937499e-05
-1.527861766562499824e-05
-1.585063122773437439e-05
-1.665209871289062357e-05
-1.749400196835937328e-05
-1.742095055312499775e-05
-1.630057453984375018e-05
-1.486796571523437489e-05
-1.345023420234374859e-05
-1.208037711562499902e-05
-1.111583140585937490e-05
-1.132602111757812446e-05
-1.288203533554687457e-05
-1.469096385273437438e-05
-1.555537381054687395e-05
-1.565322074531249892e-05
-1.585616253593750036e-05
-1.572436481289062423e-05
-1.460322586054687454e-05
-1.401080367851562513e-05
-1.555728115820312416e-05
-1.778887791601562436e-05
-1.863955497070312304e-05
-1.834334387968749919e-05
-1.759757094609374890e-05
-1.672591306718749783e-05
-1.633643267578124817e-05
-1.658038244101562420e-05
-1.713942603906249820e-05
-1.751612720117187377e-05
-1.738967005156249893e-05
-1.739214960351562320e-05
-1.780947727070312400e-05
-1.772593544335937396e-05
-1.692713824492187374e-05
-1.597880499023437477e-05
-1.506003562421874908e-05
-1.490401458593749926e-05
-1.605490816171874861e-05
-1.725901673710937429e-05
-1.768549967304687342e-05
-1.740969720195312452e-05
-1.594866889726562404e-05
-1.409491771015624922e-05
-1.358050604726562387e-05
-1.450080129140624871e-05
-1.590117594062500007e-05
-1.734026974726562474e-05
-1.901701907187500074e-05
-2.040327934843750015e-05
-2.015227239687500068e-05
-1.892603858867187452e-05
-1.888503061406249993e-05
-1.997431686054687336e-05
-2.074068914882812328e-05
-2.099436638710937508e-05
-2.140063143789062395e-05
-2.185953928398437339e-05
-2.129935127734374791e-05
-1.949042276015624980e-05
-1.752909716523437254e-05
-1.618823176289062559e-05
-1.577452805625000054e-05
-1.617354518593749790e-05
-1.623458031093749808e-05
-1.567305716093749982e-05
-1.504935447734374990e-05
-1.393241168984375001e-05
-1.289119060429687460e-05
-1.353606484687499990e-05
-1.569193990273437392e-05
-1.806429891757812390e-05
-1.993025712968750045e-05
-2.102297660195312495e-05
-2.144869659882812536e-05
-2.139967776406250053e-05
-2.069033517070312567e-05
-1.915701838984374840e-05
-1.745986044531250083e-05
-1.679877374765624868e-05
-1.727217743593749774e-05
-1.792429959960937285e-05
-1.808642415039062439e-05
-1.745509207617187359e-05
-1.624869468359374833e-05
-1.506747428007812357e-05
-1.386660819570312429e-05
-1.298827459999999914e-05
-1.398791550664062422e-05
-1.645487896523437277e-05
-1.748084126953124983e-05
-1.585463665781249951e-05
-1.316680234062499882e-05
-1.126956362695312514e-05
-1.073321746601562399e-05
-1.140250575859374936e-05
-1.319007198203124910e-05
-1.542987033476562591e-05
-1.653212654531249811e-05
-1.538638280820312366e-05
-1.281184494179687437e-05
-1.071395325468749882e-05
-9.654803101171874422e-06
-9.455676005859375109e-06
-1.079291744765624969e-05
-1.359481115468749881e-05
-1.623305443281250062e-05
-1.691073505507812390e-05
-1.520613845468749845e-05
-1.286753949335937495e-05
-1.180514684882812417e-05
-1.178855292421874965e-05
-1.213473652382812513e-05
-1.318911830820312399e-05
-1.431063873007812474e-05
-1.425875887382812459e-05
-1.333865436445312443e-05
-1.250094727382812451e-05
-1.207980491132812497e-05
-1.185359347929687494e-05
-1.206416466054687387e-05
-1.370810760546874850e-05
-1.641635054257812584e-05
-1.825522441796874999e-05
-1.804694205390625065e-05
-1.608370911132812317e-05
-1.415194740507812428e-05
-1.385039574062499913e-05
-1.453036518007812369e-05
-1.489657593007812477e-05
-1.473178109257812428e-05
-1.473101815351562386e-05
-1.515196978124999872e-05
-1.496905514101562456e-05
-1.389388326718749968e-05
-1.292208963632812406e-05
-1.263751336601562449e-05
-1.343974379023437409e-05
-1.516284166289062428e-05
-1.623801353671874915e-05
-1.582850599492187390e-05
-1.510008992499999856e-05
-1.497649379687499905e-05
-1.499880976445312422e-05
-1.475505073398437456e-05
-1.430052978749999961e-05
-1.357497473906249960e-05
-1.252745940624999949e-05
-1.162680984296874917e-05
-1.167926190351562507e-05
-1.262950250585937426e-05
-1.362475651289062485e-05
-1.414794197499999916e-05
-1.421260106054687509e-05
-1.437663295898437515e-05
-1.493663023085937425e-05
-1.548213166054687373e-05
-1.577605393437499801e-05
-1.540030644609374923e-05
-1.406001324804687464e-05
-1.265239067773437517e-05
-1.202258448164062523e-05
-1.218604417578124954e-05
-1.285418805976562513e-05
-1.354903481093749867e-05
-1.424063907109374922e-05
-1.483687594843749906e-05
-1.444148277929687407e-05
-1.302279759257812435e-05
-1.193885191953124882e-05
-1.185893405273437454e-05
-1.245765048203124865e-05
-1.386355643945312428e-05
-1.558398402539062382e-05
-1.566199454453124788e-05
-1.372508299960937408e-05
-1.225604383476562507e-05
-1.267718619726562461e-05
-1.362857120820312359e-05
-1.422156559453124874e-05
-1.514929949453124977e-05
-1.665705781679687549e-05
-1.788081207304687399e-05
-1.761759809648437449e-05
-1.594275611953124871e-05
-1.461543288554687458e-05
-1.444548820937499918e-05
-1.486338808085937403e-05
-1.523150617851562363e-05
-1.501406854570312426e-05
-1.469535075234374886e-05
-1.477565008867187420e-05
-1.502017205820312428e-05
-1.563185845156250055e-05
-1.659030064882812465e-05
-1.758936935117187399e-05
-1.851119047343749798e-05
-1.939124068203124866e-05
-2.011355323945312567e-05
-1.971110288398437386e-05
-1.837462438124999801e-05
-1.795596157070312443e-05
-1.887644754960937564e-05
-1.984366354609374872e-05
-2.000254560585937387e-05
-1.942652661367187260e-05
-1.877840988007812260e-05
-1.881751050703125037e-05
-1.949938729414062345e-05
-2.015398900976562283e-05
-2.014178198476562279e-05
-1.954478216835937252e-05
-1.945971446289062503e-05
-2.024821198398437543e-05
-2.066477671210937412e-05
-1.989726001523437271e-05
-1.846407898632812338e-05
-1.699961745585937522e-05
-1.597842352070312540e-05
-1.623400810664062403e-05
-1.807192830820312477e-05
-2.006548807851562426e-05
-2.027949248554687426e-05
-1.872920031054687309e-05
-1.708067973124999760e-05
-1.598776952421874842e-05
-1.482943729257812457e-05
-1.381758936093749946e-05
-1.407832378554687470e-05
-1.575297502773437410e-05
-1.731089659335937275e-05
-1.734313076874999837e-05
-1.622370842929687421e-05
-1.507300558828124954e-05
-1.437968471523437516e-05
-1.362838047343749890e-05
-1.234759652226562364e-05
-1.162509323007812364e-05
-1.246451693359374909e-05
-1.428145631093749913e-05
-1.618994837578124774e-05
-1.745509207617187359e-05
-1.762656263046874814e-05
-1.681613061132812532e-05
-1.525401288085937349e-05
-1.369914307148437485e-05
-1.340560226718749995e-05
-1.477793890585937378e-05
-1.661051853398437493e-05
-1.696852768906249769e-05
-1.585387371875000078e-05
-1.546057863203125068e-05
-1.648158183242187582e-05
-1.701563917617187569e-05
-1.618022090273437536e-05
-1.548556488632812480e-05
-1.566447409648437554e-05
-1.596659796523437473e-05
-1.621874932539062568e-05
-1.649626840937500012e-05
-1.629504323164062421e-05
-1.580580855781249936e-05
-1.593855995468749891e-05
-1.643389814101562377e-05
-1.655215369570312370e-05
-1.693972673945312314e-05
-1.789206542421875062e-05
-1.768435526445312532e-05
-1.568125875585937474e-05
-1.409377330156249942e-05
-1.435412625664062360e-05
-1.530665567617187406e-05
-1.610850463085937261e-05
-1.735323971132812350e-05
-1.877383224570312344e-05
-1.872710222812499819e-05
-1.679534052187499761e-05
-1.473521431835937366e-05
-1.406954998632812403e-05
-1.463336195351562357e-05
-1.554507413320312413e-05
-1.612166532968749944e-05
-1.578864242890625080e-05
-1.466139996406249939e-05
-1.388701681562499924e-05
-1.394480944960937473e-05
-1.424750552265624966e-05
-1.436957577265625002e-05
-1.409205668867187389e-05
-1.392459156445312446e-05
-1.489161682617187454e-05
-1.635188219179687459e-05
-1.685084433867187521e-05
-1.644457928789062296e-05
-1.545085115898437491e-05
-1.393985034570312450e-05
-1.303958225195312355e-05
-1.306704805820312363e-05
-1.267165488906249864e-05
-1.152667409101562462e-05
-1.067027499335937528e-05
-1.066131045937499994e-05
-1.072654174921874992e-05
-1.000155890507812396e-05
-9.531969912109375333e-06
-1.048335492304687431e-05
-1.183375706367187404e-05
-1.232585275898437421e-05
-1.190013276210937381e-05
-1.139525783749999955e-05
-1.203517297617187463e-05
-1.370066894960937401e-05
-1.504210655625000009e-05
-1.557063259179687569e-05
-1.574134020703124812e-05
-1.571063190976562334e-05
-1.523303205664062448e-05
-1.404570814062499971e-05
-1.256713223749999960e-05
-1.185073245781249962e-05
-1.236762367265624923e-05
-1.394576312343749984e-05
-1.572398334335937487e-05
-1.684168906992187349e-05
-1.689890949960937323e-05
-1.497573085781249862e-05
-1.197814328124999957e-05
-1.086253563710937415e-05
-1.209468222304687396e-05
-1.380557307070312411e-05
-1.502818291835937452e-05
-1.605319154882812308e-05
-1.721152378046875031e-05
-1.792849576445312265e-05
-1.737002437070312271e-05
-1.591853280429687332e-05
-1.463774885312499975e-05
-1.412829629414062463e-05
-1.457862107578124979e-05
-1.559580958085937449e-05
-1.626261832148437390e-05
-1.595362800117187257e-05
-1.528700999531249784e-05
-1.543101474335937401e-05
-1.612834104648437351e-05
-1.630782246093749830e-05
-1.630515217421874935e-05
-1.685618491210937311e-05
-1.708754618281249974e-05
-1.590174814492187412e-05
-1.368693604648437482e-05
-1.206111290429687386e-05
-1.232852304570312486e-05
-1.355857154921874976e-05
-1.377619991679687381e-05
-1.311110778906249993e-05
-1.323680199960937434e-05
-1.430434448281250004e-05
-1.474875648671874986e-05
-1.430434448281250004e-05
-1.438216426718749942e-05
-1.510142506835937473e-05
-1.568507345117187517e-05
-1.623953941484375000e-05
-1.689509480429687280e-05
-1.709155161289062485e-05
-1.611231932617187304e-05
-1.472033700664062467e-05
-1.441210962539062377e-05
-1.493224333124999977e-05
-1.578635361171874783e-05
-1.716574743671874848e-05
-1.887492167148437479e-05
-2.069033517070312567e-05
-2.146891448398437563e-05
-2.001551556992187263e-05
-1.794947658867187504e-05
-1.735495632421874904e-05
-1.757678085664062458e-05
-1.753500994296874787e-05
-1.735323971132812350e-05
-1.718367650468749917e-05
-1.702155195390624764e-05
-1.684435935664062582e-05
-1.688670247460937319e-05
-1.737116877929687419e-05
-1.790217436679687575e-05
-1.817187332539062464e-05
-1.815852189179687311e-05
-1.797427210820312448e-05
-1.781062167929687548e-05
-1.724528383398437340e-05
-1.585711620976562377e-05
-1.448172781484374993e-05
-1.429805023554687365e-05
-1.553324857773437346e-05
-1.760405592812499829e-05
-1.916083308515624883e-05
-1.924914328164062271e-05
-1.851881986406249885e-05
-1.779364628515624821e-05
-1.706732829765624947e-05
-1.638087387617187383e-05
-1.623210075898437382e-05
-1.699656569960937352e-05
-1.835783972187499881e-05
-1.948832467773437490e-05
-1.992911272109374897e-05
-1.965807861914062391e-05
-1.874102586601562376e-05
-1.770495461914062496e-05
-1.711443978476562407e-05
-1.723155093085937251e-05
-1.830462472226562418e-05
-1.969508116367187339e-05
-2.015818517460937263e-05
-1.958197544765625007e-05
-1.884058941367187427e-05
-1.863383292773437578e-05
-1.909541106054687417e-05
-2.020548739648437531e-05
-2.181319073593749751e-05
-2.273424891914062278e-05
-2.191847632656249866e-05
-2.036608606914062260e-05
-1.976946772226562509e-05
-2.052763841562500009e-05
-2.135313848124999997e-05
-2.085398559960937467e-05
-1.974657955039062248e-05
-1.919955224257812384e-05
-1.883353222734374745e-05
-1.822585126406249799e-05
-1.791094816601562472e-05
-1.813410784179687304e-05
-1.799716028007812370e-05
-1.717356756210937404e-05
-1.689948170390625067e-05
-1.785964051406250031e-05
-1.898535710078124916e-05
-1.919878930351562511e-05
-1.825770396992187425e-05
-1.623057488085937296e-05
-1.442641473281249871e-05
-1.428660614960937404e-05
-1.522635633984374872e-05
-1.627482534648437394e-05
-1.724986146835937257e-05
-1.795653377499999847e-05
-1.817149185585937527e-05
-1.743372978242187522e-05
-1.576289323554687456e-05
-1.409034007578125005e-05
-1.326522147968749953e-05
-1.392592670781249893e-05
-1.543120547812499869e-05
-1.612509855546875051e-05
-1.603926791093750090e-05
-1.615790493515625019e-05
-1.643008344570312334e-05
-1.657275305039062333e-05
-1.679629419570312441e-05
-1.749152241640624902e-05
-1.837214482929687374e-05
-1.805495291406249749e-05
-1.629656910976562506e-05
-1.475466926445312350e-05
-1.433142881953124906e-05
-1.467227184570312496e-05
-1.534213234257812269e-05
-1.613444455898437353e-05
-1.726016114570312577e-05
-1.872824663671874968e-05
-1.976145686210937485e-05
-1.995123795390624946e-05
-1.974409999843749821e-05
-1.884860027382812450e-05
-1.673792935742187318e-05
-1.506327811523437377e-05
-1.588915965039062471e-05
-1.834486975781250004e-05
-2.025622284414062567e-05
-2.097529291054687291e-05
-2.085360413007812530e-05
-2.023562348945312264e-05
-1.980399071484375030e-05
-2.024039185859374988e-05
-2.131899695820312413e-05
-2.247103494257812327e-05
-2.348612536523437308e-05
-2.386778563124999718e-05
-2.306097757265625011e-05
-2.174242813789062495e-05
-2.100008843007812235e-05
-2.070921791249999978e-05
-2.059573072695312370e-05
-2.120951520273437317e-05
-2.239321515820312389e-05
-2.300719036874999805e-05
-2.275942590820312497e-05
-2.224272542812499835e-05
-2.164400899882812254e-05
-2.091978909374999870e-05
-2.073000800195312409e-05
-2.180136518046875023e-05
-2.316588169374999851e-05
-2.341402762382812435e-05
-2.287367603281249977e-05
-2.211207211367187370e-05
-2.094954371718750006e-05
-1.971548978359374834e-05
-1.914481136484374836e-05
-1.983107505156249932e-05
-2.148207518281249908e-05
-2.253741064101562474e-05
-2.239283368867187453e-05
-2.177065688320312545e-05
-2.068842782304687546e-05
-1.886672007656249987e-05
-1.727522919218749944e-05
-1.752299365273437252e-05
-1.926745381914062277e-05
-2.079733737421874897e-05
-2.183531596874999800e-05
-2.203596894218749986e-05
-2.034605891875000040e-05
-1.777876897343749922e-05
-1.632784961132812388e-05
-1.627444387695312457e-05
-1.688880055703124810e-05
-1.787241974335937439e-05
-1.903170564882812504e-05
-1.967352813515625034e-05
-1.924075095195312311e-05
-1.824053784101562568e-05
-1.763915112499999754e-05
-1.767138530039062317e-05
-1.847781188945312426e-05
-2.036532313007812387e-05
-2.298907056601562268e-05
-2.521093985078125049e-05
-2.546557076289062232e-05
-2.346857776679687514e-05
-2.073229681914062368e-05
-1.834372534921874855e-05
-1.703814587851562554e-05
-1.782168429570312403e-05
-1.983431754257812570e-05
-2.112482896679687504e-05
-2.137755253125000004e-05
-2.125872477226562268e-05
-2.139700747734374819e-05
-2.240027234453124733e-05
-2.398661339023437454e-05
-2.516935967187499846e-05
-2.561644196249999723e-05
-2.592047317890625003e-05
-2.621019928789062450e-05
-2.580851187148437481e-05
-2.484587350937499751e-05
-2.376459812304687432e-05
-2.245482248749999812e-05
-2.120608197695312549e-05
-2.060450452617187267e-05
-2.066573038593749753e-05
-2.079695590468749961e-05
-2.001208234414062495e-05
-1.804732352343750001e-05
-1.651839364218750061e-05
-1.679724786953124783e-05
-1.825503368320312530e-05
-1.983031211250000058e-05
-2.108858936132812430e-05
-2.212637722109374864e-05
-2.275599268242187390e-05
-2.206705870898437399e-05
-2.036456019101562514e-05
-1.901968935859374969e-05
-1.824206371914062315e-05
-1.826151866523437469e-05
-1.978987634218750004e-05
-2.208842100273437236e-05
-2.340792411132812433e-05
-2.303923380937499899e-05
-2.198160953398437374e-05
-2.065676585195312388e-05
-1.874217027460937525e-05
-1.765269329335937375e-05
-1.833323493710937405e-05
-1.955203008945312403e-05
-2.025851166132812525e-05
-1.996764114374999929e-05
-1.860865593867187359e-05
-1.739596429882812363e-05
-1.733721799101562303e-05
-1.788767852460937274e-05
-1.841448794726562450e-05
-1.875685685156249955e-05
-1.901949862382812501e-05
-1.944216686445312370e-05
-1.944331127304687519e-05
-1.849173552734374983e-05
-1.720084263359374774e-05
-1.637419815937499976e-05
-1.653117287148437469e-05
-1.768206644726562574e-05
-1.867312428945312484e-05
-1.813677812851562538e-05
-1.648425211914062477e-05
-1.550082366757812315e-05
-1.571253925742187356e-05
-1.617106563398437364e-05
-1.654814826562499858e-05
-1.710681039414062321e-05
-1.758650832968750035e-05
-1.811141040468749851e-05
-1.893862708320312392e-05
-1.928290333515624919e-05
-1.885737407304687347e-05
-1.831931129921874848e-05
-1.843852052773437521e-05
-1.979655205898437411e-05
-2.151831478828124982e-05
-2.206686797421874931e-05
-2.106665486328124849e-05
-1.897582036249999808e-05
-1.718978001718749919e-05
-1.716746404960937402e-05
-1.845873841289062548e-05
-1.953772498203124909e-05
-1.981924949609374865e-05
-2.011107368749999802e-05
-2.081850893320312266e-05
-2.107218617148437446e-05
-2.083662873593749803e-05
-2.096213221171874946e-05
-2.131594520195312243e-05
-2.183607890781250012e-05
-2.255533970898437543e-05
-2.226942829531249800e-05
-2.104643697812499822e-05
-2.034701259257812382e-05
-2.002276349101562414e-05
-1.991385393984375062e-05
-2.079409488320312259e-05
-2.203177277734375006e-05
-2.223662191562499833e-05
-2.139338351679687244e-05
-2.094572902187499962e-05
-2.175406295859374755e-05
-2.283095144531249965e-05
-2.315100438203124953e-05
-2.271498470781249931e-05
-2.226675800859374905e-05
-2.287825366718749894e-05
-2.434786503632812370e-05
-2.542151103203124941e-05
-2.520807882929687347e-05
-2.372759557851562484e-05
-2.224844747109374900e-05
-2.216814813476562535e-05
-2.345579853749999767e-05
-2.492827092812499945e-05
-2.573660486484374737e-05
-2.570761318046874814e-05
-2.489756263085937468e-05
-2.385863036249999885e-05
-2.368639686914062218e-05
-2.447680173789062281e-05
-2.503336578398437253e-05
-2.475813551718749768e-05
-2.403963765507812449e-05
-2.378710482539062417e-05
-2.449854550117187393e-05
-2.531508103281250016e-05
-2.479342144882812501e-05
-2.270220547851562522e-05
-2.064875499179687364e-05
-1.998518874218750062e-05
-1.997927596445312528e-05
-1.944941478554687521e-05
-1.886843668945312541e-05
-1.909731840820312439e-05
-1.995753220117187416e-05
-2.056063553007812445e-05
-1.984538015898437425e-05
-1.829337137109374756e-05
-1.775111243242187277e-05
-1.899928073867187473e-05
-2.153719753007812392e-05
-2.380350801523437401e-05
-2.394846643710937359e-05
-2.224482351054687325e-05
-2.084711914804687253e-05
-2.082957154960937460e-05
-2.142485475312499933e-05
-2.212542354726562522e-05
-2.341574423671874988e-05
-2.513540888359374730e-05
-2.564142821679687474e-05
-2.382124634843750001e-05
-2.120016919921875016e-05
-1.967371886992187502e-05
-1.932410204453124846e-05
-1.984156546367187382e-05
-2.089270475703124968e-05
-2.201498811796874747e-05
-2.248038094609374968e-05
-2.111758104570312354e-05
-1.874598496992187569e-05
-1.785925904453124755e-05
-1.892565711914062515e-05
-2.063521282343749744e-05
-2.213572322460937504e-05
-2.299975171289062525e-05
-2.288626452734374917e-05
-2.191542457031250035e-05
-2.058295149765624962e-05
-1.929148639960937347e-05
-1.808451680273437417e-05
-1.750124988945312479e-05
-1.897925358828124915e-05
-2.216795739999999728e-05
-2.396143640117187235e-05
-2.278345848867187228e-05
-2.062167065507812462e-05
-1.952647163085937247e-05
-1.924227683007812397e-05
-1.910571073789062399e-05
-1.973551693398437393e-05
-2.113837113515624786e-05
-2.215956507031249768e-05
-2.244623942304687384e-05
-2.202128236523437555e-05
-2.117995131406249989e-05
-2.121371136757812297e-05
-2.253836431484374815e-05
-2.407969195585937228e-05
-2.498377474492187366e-05
-2.530554429453124907e-05
-2.537516248398437354e-05
-2.496775302460937319e-05
-2.374018407304687424e-05
-2.224844747109374900e-05
-2.155703394570312483e-05
-2.215346155781249766e-05
-2.338637108281249789e-05
-2.396601403554687491e-05
-2.342833273124999928e-05
-2.229441454960937551e-05
-2.104910726484375056e-05
-2.009905739726562267e-05
-1.988638813359374884e-05
-2.057303328984374916e-05
-2.192934820820312253e-05
-2.343596212187500015e-05
-2.484186807929687239e-05
-2.636355003945312368e-05
-2.762354390117187293e-05
-2.761477010195312397e-05
-2.647722795976562444e-05
-2.561205506289062275e-05
-2.575453393281249806e-05
-2.595461470195312248e-05
-2.541559825429687408e-05
-2.505510954726562366e-05
-2.529581682148437330e-05
-2.523401875742187439e-05
-2.450579342226562543e-05
-2.360743267617187470e-05
-2.317675357539062238e-05
-2.322443726679687443e-05
-2.346819629726562239e-05
-2.385386199335937500e-05
-2.395228113242187402e-05
-2.365072946796874888e-05
-2.356241927148437499e-05
-2.381495210117187531e-05
-2.447451292070312322e-05
-2.589682206796874869e-05
-2.711370987265624845e-05
-2.700727987343749920e-05
-2.617529482578124993e-05
-2.534903182109374793e-05
-2.503908782695312319e-05
-2.554644230351562340e-05
-2.588881120781249846e-05
-2.550276404218749986e-05
-2.500189454765624903e-05
-2.432783788593749811e-05
-2.352389084882812467e-05
-2.358053907421875036e-05
-2.437208835156249909e-05
-2.431200690039062232e-05
-2.314718968671874909e-05
-2.284983418710937375e-05
-2.406214435742187434e-05
-2.501619965507812397e-05
-2.486208596445312267e-05
-2.427385994726562475e-05
-2.371653296210937290e-05
-2.340143912929687494e-05
-2.373064733476562316e-05
-2.497881564101562513e-05
-2.674978793984375035e-05
-2.755716820273437486e-05
-2.637880882070312542e-05
-2.423762034179687401e-05
-2.280119682187499829e-05
-2.296885268085937241e-05
-2.417067243906249850e-05
-2.492235815039062411e-05
-2.521818777187499861e-05
-2.613104436015624895e-05
-2.743338133984374896e-05
-2.777288922265624699e-05
-2.654799055781250039e-05
-2.479227704023437352e-05
-2.375601505859375003e-05
-2.349528063398437480e-05
-2.391966548749999903e-05
-2.523745198320312546e-05
-2.670267645273437235e-05
-2.705992266874999977e-05
-2.621325104414062282e-05
-2.506197599882812241e-05
-2.397211754804687493e-05
-2.290095110429687348e-05
-2.222460562539062297e-05
-2.227381519492187248e-05
-2.273501185820312490e-05
-2.287653705429687340e-05
-2.226218037421874988e-05
-2.114924301679687511e-05
-2.025832092656250057e-05
-1.978186548203124981e-05
-1.943263012617187262e-05
-1.965331025000000007e-05
-2.092570187148437403e-05
-2.227877429882812440e-05
-2.213343440742187546e-05
-2.015189092734374793e-05
-1.814517045820312498e-05
-1.866053579492187543e-05
-2.154749720742187374e-05
-2.410258012773437488e-05
-2.472284958554687374e-05
-2.398012840820312516e-05
-2.312945135351562309e-05
-2.256735599921874739e-05
-2.190264534101562288e-05
-2.122572765781249833e-05
-2.088831785742187519e-05
-2.131022315898437516e-05
-2.284373067460937373e-05
-2.431887335195312446e-05
-2.415274337109374781e-05
-2.293680924023437485e-05
-2.239989087499999796e-05
-2.301844371992187467e-05
-2.388170926914062275e-05
-2.416609480468749933e-05
-2.454088861914062469e-05
-2.571352595820312347e-05
-2.651957107773437520e-05
-2.609804724570312460e-05
-2.526625293281250002e-05
-2.506064085546874963e-05
-2.564581511640624922e-05
-2.585028278515624813e-05
-2.513750696601562220e-05
-2.485197702187499753e-05
-2.554339054726562509e-05
-2.623652068554687479e-05
-2.603930093789062400e-05
-2.428988166757812522e-05
-2.162607993085937524e-05
-2.005042003203125060e-05
-2.016543309570312413e-05
-2.125796183320312395e-05
-2.295397536914062342e-05
-2.442606629023437245e-05
-2.441843689960937496e-05
-2.311552771562499752e-05
-2.195109197148437365e-05
-2.184943034140624825e-05
-2.285670063867187250e-05
-2.430075354921874909e-05
-2.512854243203124855e-05
-2.487295784609374992e-05
-2.399786674140624778e-05
-2.279757286132812254e-05
-2.121085034609374934e-05
-1.993426255976562557e-05
-1.955527258046875041e-05
-2.001818585664062497e-05
-2.166155659726562386e-05
-2.412012772617187282e-05
-2.554911259023437235e-05
-2.461298636054687342e-05
-2.216471490898437428e-05
-2.054652115742187419e-05
-2.082213289374999841e-05
-2.189635109374999818e-05
-2.297781721484374944e-05
-2.447298704257812237e-05
-2.605799294492187342e-05
-2.614344211992187367e-05
-2.424696634531250041e-05
-2.182024792226562433e-05
-1.987666066054687307e-05
-1.875361436054687317e-05
-1.909808134726562312e-05
-2.004717754101562421e-05
-2.002161908242187265e-05
-1.928519215234374877e-05
-1.840514194374999810e-05
-1.713618354804687520e-05
-1.591433663945312352e-05
-1.579531814570312486e-05
-1.675700283398437536e-05
-1.796778712617187510e-05
-1.901911715429687564e-05
-1.945170360273437479e-05
-1.876944534609374895e-05
-1.761073164492187574e-05
-1.743220390429687437e-05
-1.857890131523437562e-05
-1.984156546367187382e-05
-2.023524201992187328e-05
-2.014941137539062366e-05
-2.033289821992187357e-05
-2.051752947304687495e-05
-2.028139983320312447e-05
-2.019404331054687400e-05
-2.048376941953124848e-05
-2.056654830781249978e-05
-2.056940932929687341e-05
-2.146223876718749817e-05
-2.349337328632812458e-05
-2.537153852343749778e-05
-2.550829535039062244e-05
-2.376192783632812537e-05
-2.173479874726562408e-05
-2.124766215585937413e-05
-2.293146866679687357e-05
-2.546652443671874912e-05
-2.639139731523437482e-05
-2.545260079882812355e-05
-2.427042672148437368e-05
-2.315653569023437550e-05
-2.240103528359374945e-05
-2.318629031367187347e-05
-2.510203029960937358e-05
-2.664087838867187344e-05
-2.756899375820312214e-05
-2.820700154921874700e-05
-2.770670425898437360e-05
-2.551497106718749990e-05
-2.337855095742187234e-05
-2.266520293398437236e-05
-2.242716594648437505e-05
-2.258166110664062233e-05
-2.427443215156249880e-05
-2.656858991250000003e-05
-2.699869680898437491e-05
-2.530039445585937247e-05
-2.382162781796874938e-05
-2.383097382148437239e-05
-2.432802862070312279e-05
-2.482870738046874894e-05
-2.593000991718749773e-05
-2.726019417265624888e-05
-2.789324285976562521e-05
-2.768629563906249865e-05
-2.689131313593749886e-05
-2.568453427382812423e-05
-2.401159964453124866e-05
-2.250460426132812507e-05
-2.243937297148437509e-05
-2.357615217460937249e-05
-2.414911941054687544e-05
-2.355936751523437329e-05
-2.299822583476562440e-05
-2.308100472304687231e-05
-2.309340248281250042e-05
-2.269972592656249757e-05
-2.255286015703124777e-05
-2.254256047968749795e-05
-2.181910351367187284e-05
-2.106989735429687488e-05
-2.130278450312499898e-05
-2.173575242109374749e-05
-2.146853301445312287e-05
-2.091463925507812548e-05
-2.074393163984374967e-05
-2.064303294882812299e-05
-2.027129089062499934e-05
-2.035178096171874767e-05
-2.102831717539062285e-05
-2.145174835507812367e-05
-2.118872511328124885e-05
-2.045210744843750029e-05
-2.055395981328125038e-05
-2.248171608945312246e-05
-2.441290559140624900e-05
-2.451590236484374718e-05
-2.348040332226562242e-05
-2.213324367265624739e-05
-2.073344122773437516e-05
-1.966952270507812522e-05
-1.927737202695312322e-05
-2.015017431445312239e-05
-2.208994688085937321e-05
-2.356661543632812479e-05
-2.364214640351562459e-05
-2.265585693046874935e-05
-2.148455473476562334e-05
-2.098616479218750016e-05
-2.082003481132812351e-05
-2.061480420351562249e-05
-2.168253742148437287e-05
-2.404707631093749729e-05
-2.513865137460937369e-05
-2.352675187031249830e-05
-2.057551284179687343e-05
-1.844767579648437354e-05
-1.836604131679687372e-05
-1.992548876054687322e-05
-2.155073969843750013e-05
-2.202280824335937302e-05
-2.172831376523437469e-05
-2.146815154492187351e-05
-2.068632974062500055e-05
-1.923140494843750010e-05
-1.824034710624999761e-05
-1.864222525742187538e-05
-2.042273429453124830e-05
-2.223948293710937535e-05
-2.313460119218749969e-05
-2.363108378710937265e-05
-2.392672267382812246e-05
-2.403525075546875000e-05
-2.407168109570312543e-05
-2.331866024101562364e-05
-2.211722195234375031e-05
-2.226504139570312352e-05
-2.374495244218749809e-05
-2.421129894414062372e-05
-2.220095451445312502e-05
-1.899088840898437513e-05
-1.665534120390624995e-05
-1.566523703554687427e-05
-1.564597282421875080e-05
-1.644076459257812591e-05
-1.738623682578124786e-05
-1.801337273515624885e-05
-1.848353393242187492e-05
-1.819705031445312344e-05
-1.675376034296874897e-05
-1.528491191289062294e-05
-1.489848327773437498e-05
-1.566867026132812534e-05
-1.688632100507812383e-05
-1.755866105390624921e-05
-1.756590897500000072e-05
-1.748084126953124983e-05
-1.766203929687500015e-05
-1.790637053164062555e-05
-1.773032234296874845e-05
-1.771468209218750073e-05
-1.891650185039062343e-05
-2.051524065585937537e-05
-2.055663009999999933e-05
-1.882933606249999765e-05
-1.695841874648437256e-05
-1.614417203203124930e-05
-1.637724991562499808e-05
-1.741828026640624880e-05
-1.873377794492187565e-05
-1.938380202617187247e-05
-1.913699123945312281e-05
-1.835669531328125071e-05
-1.734122342109374815e-05
-1.636942979023437591e-05
-1.539668248554687348e-05
-1.465586865585937512e-05
-1.493243406601562445e-05
-1.594142097617187593e-05
-1.658305272773437315e-05
-1.650275339140624950e-05
-1.588572642460937365e-05
-1.512412250546874927e-05
-1.473921974843749878e-05
-1.504134361718749966e-05
-1.623934868007812532e-05
-1.782549899101562447e-05
-1.851138120820312267e-05
-1.829298990156249819e-05
-1.812685992070312493e-05
-1.761416487070312342e-05
-1.612929472031250031e-05
-1.448420736679687419e-05
-1.409320109726562368e-05
-1.548785370351562438e-05
-1.751803454882812399e-05
-1.860064507851562335e-05
-1.840037357460937425e-05
-1.758421951250000077e-05
-1.689108937421874768e-05
-1.673602200976562296e-05
-1.710986215039062491e-05
-1.783312838164062534e-05
-1.864928244374999881e-05
-1.934756242070312512e-05
-2.008513375937500049e-05
-2.064341441835937236e-05
-2.045802022617187563e-05
-1.983355460351562358e-05
-1.923064200937499798e-05
-1.858080866289062245e-05
-1.823634167617187250e-05
-1.874827378710937527e-05
-1.993559770312499835e-05
-2.080420382578124772e-05
-2.016199986992187306e-05
-1.840762149570312575e-05
-1.747302114414062428e-05
-1.807917622929687288e-05
-1.943491894335937559e-05
-2.058504958007812452e-05
-2.099074242656249933e-05
-2.093104244492187532e-05
-2.089556577851562331e-05
-2.092856289296874767e-05
-2.069872750039062527e-05
-2.055605789570312528e-05
-2.185705973203124912e-05
-2.429598518007812524e-05
-2.574118249921874993e-05
-2.523344655312500034e-05
-2.374380803359375000e-05
-2.288626452734374917e-05
-2.349146593867187436e-05
-2.529333726953124904e-05
-2.687052304648437454e-05
-2.689894252656249972e-05
-2.607287025664062241e-05
-2.600267986289062390e-05
-2.695807030390624969e-05
-2.748240017460937379e-05
-2.661017009140624867e-05
-2.576693169257812278e-05
-2.671335759960937492e-05
-2.879599050546874703e-05
-2.999933614179687397e-05
-2.957590496210937316e-05
-2.818411337734374778e-05
-2.677439272460937510e-05
-2.594755751562499905e-05
-2.542170176679687410e-05
-2.473105118046874866e-05
-2.391375270976562370e-05
-2.298315778828124734e-05
-2.220972831367187399e-05
-2.184389903320312228e-05
-2.131079536328124921e-05
-2.083872681835937293e-05
-2.133768896523437355e-05
-2.251280585624999998e-05
-2.354906783789062347e-05
-2.386759489648437250e-05
-2.369154670781249878e-05
-2.346972217539062324e-05
-2.281836295078125025e-05
-2.217921075117187390e-05
-2.253607549765624857e-05
-2.349394549062499863e-05
-2.437533084257812547e-05
-2.513197565781249962e-05
-2.555311802031249747e-05
-2.504633574804687469e-05
-2.328890561757812229e-05
-2.128771645664062531e-05
-2.030390653554687433e-05
-2.016104619609374965e-05
-2.068423165820312565e-05
-2.189005684648437348e-05
-2.289980669570312538e-05
-2.328528165703124992e-05
-2.292498368476562418e-05
-2.162245597031249949e-05
-2.075976262539062545e-05
-2.112540117109374909e-05
-2.132014136679687561e-05
-2.128809792617187467e-05
-2.250441352656250038e-05
-2.478159589335937434e-05
-2.654779982304687232e-05
-2.665422982226562496e-05
-2.470968888671875029e-05
-2.154826014648437247e-05
-1.914290401718749814e-05
-1.902636507539062376e-05
-2.081984407656249883e-05
-2.273348598007812404e-05
-2.336958642343749869e-05
-2.232683945976562243e-05
-2.028139983320312447e-05
-1.903380373124999994e-05
-1.919497460820312467e-05
-1.922568290546874945e-05
-1.933897935624999745e-05
-2.131594520195312243e-05
-2.400892935781249972e-05
-2.516993187617187251e-05
-2.533072128359374788e-05
-2.620867340976562365e-05
-2.731970341953124821e-05
-2.706202075117187467e-05
-2.617262453906249759e-05
-2.594317061601562457e-05
-2.565096495507812244e-05
-2.486475625117187500e-05
-2.421835613046875054e-05
-2.386835783554687462e-05
-2.326411009804687285e-05
-2.184866740234374952e-05
-2.095869898593749839e-05
-2.247446816835937434e-05
-2.522257467148437309e-05
-2.700098562617187449e-05
-2.750605128554687513e-05
-2.736395388515624918e-05
-2.729719671718749835e-05
-2.770555985039062212e-05
-2.834833601054687421e-05
-2.893274733242187508e-05
-2.914045749218749698e-05
-2.883547260195312416e-05
-2.859800781874999751e-05
-2.881544545156249857e-05
-2.939451619999999815e-05
-3.014200574648437397e-05
-3.003977191210937452e-05
-2.833403090312499928e-05
-2.618483156406249763e-05
-2.509096768320312503e-05
-2.513788843554687496e-05
-2.535036696445312410e-05
-2.502897888437499805e-05
-2.436560336953124970e-05
-2.405375202773437474e-05
-2.487620033710937292e-05
-2.634180627617187256e-05
-2.689913326132812441e-05
-2.647818163359374785e-05
-2.568586941718750040e-05
-2.393988337265624930e-05
-2.195109197148437365e-05
-2.185458018007812485e-05
-2.354029403867187451e-05
-2.510832454687499828e-05
-2.578753104726562242e-05
-2.650393082695312410e-05
-2.776316174960937461e-05
-2.811029902304687351e-05
-2.680109559179687476e-05
-2.558077456132812393e-05
-2.562368988359374874e-05
-2.627314176054687490e-05
-2.682150421171874971e-05
-2.711370987265624845e-05
-2.731436284609375031e-05
-2.725218331249999864e-05
-2.659510204492187500e-05
-2.565744993710937521e-05
-2.488249458437499762e-05
-2.470091508749999793e-05
-2.529543535195312394e-05
-2.590406998906250019e-05
-2.593630416445312243e-05
-2.560118318124999888e-05
-2.527598040585937240e-05
-2.492483770234374838e-05
-2.401713095273437463e-05
-2.283839010117187245e-05
-2.231310655664062493e-05
-2.245863718281249856e-05
-2.319620852148437392e-05
-2.469481157499999792e-05
-2.611559484414062253e-05
-2.660845347851562313e-05
-2.622660247773437434e-05
-2.536638868476562457e-05
-2.501753479843750013e-05
-2.558821321718750011e-05
-2.607744789101562496e-05
-2.643793659804687538e-05
-2.715376417343749963e-05
-2.732904942304687461e-05
-2.652166916015625010e-05
-2.504194884843750021e-05
-2.356203780195312224e-05
-2.360323651132812490e-05
-2.535208357734374963e-05
-2.724340951328124968e-05
-2.763117329179687380e-05
-2.610796545351562505e-05
-2.444590270585937335e-05
-2.401941976992187422e-05
-2.412489609531250006e-05
-2.431753820859374829e-05
-2.474363967499999806e-05
-2.498358401015624898e-05
-2.439383211484375021e-05
-2.286394855976562400e-05
-2.157725183085937510e-05
-2.176054794062500032e-05
-2.249354164492187313e-05
-2.256258763007812354e-05
-2.281645560312500003e-05
-2.421854686523437522e-05
-2.585047351992187281e-05
-2.585943805390624985e-05
-2.451208766953125013e-05
-2.440203370976562513e-05
-2.630823695742187416e-05
-2.847212287343750011e-05
-2.932260919335937411e-05
-2.839582896718749819e-05
-2.610663031015624888e-05
-2.409189898085937231e-05
-2.403696736835937554e-05
-2.516840599804687505e-05
-2.547091133632812361e-05
-2.502764374101562527e-05
-2.517775200156249806e-05
-2.598398785585937448e-05
-2.715452711249999836e-05
-2.818544852070312395e-05
-2.785433296757812213e-05
-2.661799021679687422e-05
-2.608736609882812541e-05
-2.640951711796875019e-05
-2.693575433632812452e-05
-2.747972988789062484e-05
-2.810953608398437478e-05
-2.875479179609374776e-05
-2.908190191914062446e-05
-2.845209572304687452e-05
-2.694967797421875009e-05
-2.584894764179687535e-05
-2.608908271171874756e-05
-2.767694963554687224e-05
-3.020552042343749841e-05
-3.263719795039062303e-05
-3.326585973789062149e-05
-3.150041874726562224e-05
-2.904470863984375030e-05
-2.761934773632812313e-05
-2.743261840078125023e-05
-2.828920823320312425e-05
-2.916124758164062469e-05
-2.860907043515624945e-05
-2.719954051718749807e-05
-2.595575911054687397e-05
-2.462271383359374919e-05
-2.369307258593749964e-05
-2.417544080820312235e-05
-2.580717672812499864e-05
-2.771757614062499747e-05
-2.921751433749999763e-05
-2.944448870859374978e-05
-2.823828205078124921e-05
-2.683199462382812421e-05
-2.612742039960937320e-05
-2.594011885976562286e-05
-2.642611104257812471e-05
-2.766779436679687391e-05
-2.833956221132812525e-05
-2.757433433164062342e-05
-2.631872736953124866e-05
-2.533949508281250023e-05
-2.468546557148437490e-05
-2.492407476328124965e-05
-2.647284106015624996e-05
-2.868898830195312373e-05
-3.029154180273437271e-05
-3.045824398789062342e-05
-2.911871372890624925e-05
-2.638567527226562417e-05
-2.339113945195312513e-05
-2.178744154257812466e-05
-2.203196351210937474e-05
-2.376459812304687432e-05
-2.612837407343750000e-05
-2.804010862929687500e-05
-2.899931376562499784e-05
-2.858465638515624938e-05
-2.691553645117187424e-05
-2.533415450937499895e-05
-2.483843485351562471e-05
-2.565973875429687479e-05
-2.768629563906249865e-05
-2.982309721835937219e-05
-3.063066821601562477e-05
-2.987593074843749745e-05
-2.829111558085937447e-05
-2.702177571562499881e-05
-2.734888583867187213e-05
-2.871035059570312210e-05
-2.897547191992187521e-05
-2.808054439960937216e-05
-2.793940067304687301e-05
-2.851942509531249940e-05
-2.766359820195312411e-05
-2.497080478085937489e-05
-2.252463141171874727e-05
-2.215250788398437425e-05
-2.383059235195312303e-05
-2.581766714023437314e-05
-2.659548351445312436e-05
-2.652796340742187480e-05
-2.623575774648437267e-05
-2.517965934921874828e-05
-2.342165701445312522e-05
-2.227801135976562228e-05
-2.246817392109374964e-05
-2.337588067070312339e-05
-2.432860082500000023e-05
-2.509096768320312503e-05
-2.500094087382812223e-05
-2.368830421679687240e-05
-2.201556032226562490e-05
-2.126730783671875035e-05
-2.165697896289062470e-05
-2.213114559023437249e-05
-2.222822958593749873e-05
-2.233675766757812288e-05
-2.208613218554687278e-05
-2.075632939960937438e-05
-1.874770158281249783e-05
-1.729029723867187311e-05
-1.736411159296875076e-05
-1.874350541796874803e-05
-1.993044786445312514e-05
-2.020853915273437362e-05
-2.040938286093750017e-05
-2.056960006406249809e-05
-1.984042105507812572e-05
-1.907538391015624858e-05
-1.983851370742187550e-05
-2.177904921289062506e-05
-2.326105834179687453e-05
-2.319639925624999860e-05
-2.230089953164062489e-05
-2.196863956992187498e-05
-2.193335363828124765e-05
-2.138251163515624857e-05
-2.063959972304687531e-05
-2.036761194726562346e-05
-2.095850825117187371e-05
-2.249220650156250035e-05
-2.430399604023437548e-05
-2.515696191210937374e-05
-2.453058894179687487e-05
-2.308329354023437528e-05
-2.195147344101562302e-05
-2.220896537460937526e-05
-2.385405272812499968e-05
-2.547701484882812362e-05
-2.607821083007812369e-05
-2.585753070624999963e-05
-2.524012226992187441e-05
-2.495211277382812547e-05
-2.553080205273437230e-05
-2.641562063046875021e-05
-2.728384528359375022e-05
-2.843798135039062426e-05
-2.915552553867187404e-05
-2.857759919882812256e-05
-2.730692419023437412e-05
-2.614878269335937496e-05
-2.532385483203124913e-05
-2.472704575039062354e-05
-2.439001741953124978e-05
-2.492731725429687265e-05
-2.624186125898437269e-05
-2.732370884960937332e-05
-2.766073718046874709e-05
-2.715433637773437367e-05
-2.573336237382812438e-05
-2.387770383906249764e-05
-2.298029676679687371e-05
-2.413443283359374775e-05
-2.637976249453124884e-05
-2.793425083437499980e-05
-2.846086952226562348e-05
-2.816866386132812474e-05
-2.687395627226562222e-05
-2.538355481367187314e-05
-2.497805270195312301e-05
-2.546290047617187337e-05
-2.597979169101562467e-05
-2.627791012968749875e-05
-2.669733587929687445e-05
-2.739542512148437269e-05
-2.731894048046874947e-05
-2.631090724414062311e-05
-2.619474977187499808e-05
-2.734793216484374871e-05
-2.810419551054687350e-05
-2.800005432851562383e-05
-2.813356866445312210e-05
-2.850702733554687468e-05
-2.805517667578124867e-05
-2.707117601992187301e-05
-2.673624577148437414e-05
-2.742517974492187405e-05
-2.889421890976562476e-05
-3.014849072851562335e-05
-3.030889866640624935e-05
-2.965105445976562359e-05
-2.850302190546874956e-05
-2.723940408320312456e-05
-2.641924459101562258e-05
-2.628668392890624772e-05
-2.720240153867187509e-05
-2.914312777890624932e-05
-3.088682500624999745e-05
-3.122461627617187672e-05
-3.072470045546874591e-05
-3.066347459570312444e-05
-3.094328249687499846e-05
-3.100717864335937227e-05
-3.127706833671874923e-05
-3.177297872734375153e-05
-3.158167175742187269e-05
-3.077486369882812223e-05
-3.033350345117187411e-05
-3.060377461406250043e-05
-3.087042181640624761e-05
-3.031137821835937362e-05
-2.910955846015624753e-05
-2.833841780273437376e-05
-2.937963888828124917e-05
-3.188417709570312125e-05
-3.329084599218749900e-05
-3.228739039023437179e-05
-3.021868112226562525e-05
-2.879045919726562445e-05
-2.809694758945312199e-05
-2.753580590898437310e-05
-2.777594097890624870e-05
-2.947500627109374987e-05
-3.105219204804687198e-05
-3.046568264374999960e-05
-2.777956493945312445e-05
-2.488039650195312272e-05
-2.362993937851562456e-05
-2.433775609374999856e-05
-2.585047351992187281e-05
-2.675016940937499971e-05
-2.680738983906249946e-05
-2.649649217109374791e-05
-2.581595052734374761e-05
-2.560347199843749846e-05
-2.668055121992187525e-05
-2.797029970507812247e-05
-2.858599152851562216e-05
-2.848528357226562356e-05
-2.769945633789062210e-05
-2.682951507187499994e-05
-2.611807439609375019e-05
-2.559279085156249928e-05
-2.597998242578124936e-05
-2.734507114335937508e-05
-2.884977770937499910e-05
-2.970693974609374716e-05
-2.925699643398437476e-05
-2.774847517265625031e-05
-2.598227124296874894e-05
-2.408598620312500037e-05
-2.271918087265624911e-05
-2.301634563749999977e-05
-2.427271553867187327e-05
-2.518118522734374913e-05
-2.608011817773437391e-05
-2.706049487304687382e-05
-2.699793386992187279e-05
-2.566851255351562376e-05
-2.405737598828125049e-05
-2.295340316484374937e-05
-2.265719207382812551e-05
-2.315119511679687421e-05
-2.406595905273437478e-05
-2.498015078437499791e-05
-2.537344587109374800e-05
-2.478560132343749945e-05
-2.375448918046874918e-05
-2.352408158359374935e-05
-2.435625736601562330e-05
-2.569426174687500000e-05
-2.717512646718749799e-05
-2.803095336054687328e-05
-2.779844768124999855e-05
-2.744596983437499837e-05
-2.780436045898437389e-05
-2.821405873554687382e-05
-2.785528664140624893e-05
-2.728212867070312468e-05
-2.716311017695312264e-05
-2.701357412070312390e-05
-2.667254035976562501e-05
-2.658575604140624859e-05
-2.625692930546874975e-05
-2.502230316757812398e-05
-2.357996686992187293e-05
-2.312029608476562476e-05
-2.386606901835937504e-05
-2.510718013828125019e-05
-2.636488518281249985e-05
-2.749956630351562236e-05
-2.804964536757812270e-05
-2.792948246523437256e-05
-2.780626780664062410e-05
-2.811220637070312373e-05
-2.867601833789062496e-05
-2.893351027148437381e-05
-2.795866488437499987e-05
-2.567385312695312505e-05
-2.385920256679687290e-05
-2.379320833789062419e-05
-2.431181616562499764e-05
-2.414950088007812481e-05
-2.397078240468749876e-05
-2.463682820624999944e-05
-2.556360843242187536e-05
-2.595766645820312419e-05
-2.602308848281249885e-05
-2.605074502382812531e-05
-2.555845859374999876e-05
-2.431009955273437549e-05
-2.313746221367187332e-05
-2.326182128085937326e-05
-2.469271349257812302e-05
-2.602861979101562482e-05
-2.636717399999999944e-05
-2.555330875507812215e-05
-2.391833034414062286e-05
-2.276304986874999733e-05
-2.314623601289062229e-05
-2.456263238242187242e-05
-2.545527108554687250e-05
-2.515371942109374736e-05
-2.456663781249999754e-05
-2.408331591640624803e-05
-2.321337465039062249e-05
-2.236117171757812295e-05
-2.249506752304687398e-05
-2.410181718867187276e-05
-2.655981611328124767e-05
-2.814424981132812467e-05
-2.798021791289062292e-05
-2.685640867382812428e-05
-2.568110104804687316e-05
-2.483881632304687408e-05
-2.487429298945312270e-05
-2.595270735429687227e-05
-2.713793318789062384e-05
-2.774694929453124946e-05
-2.815645683632812471e-05
-2.849787206679687296e-05
-2.831629256992187327e-05
-2.752512476210937392e-05
-2.647436693828124742e-05
-2.584379780312499875e-05
-2.567328092265624761e-05
-2.497538241523437406e-05
-2.403410634687499852e-05
-2.440661134414062429e-05
-2.582453359179687528e-05
-2.650431229648437346e-05
-2.617910952109375037e-05
-2.620867340976562365e-05
-2.715471784726562304e-05
-2.781256205390624881e-05
-2.708529039257812326e-05
-2.560442567226562527e-05
-2.472666428085937417e-05
-2.452944453320312338e-05
-2.409132677656249826e-05
-2.322691681874999869e-05
-2.242239757734374781e-05
-2.212847530351562354e-05
-2.233237076796874840e-05
-2.240427777460937244e-05
-2.194651433710937449e-05
-2.136095860664062552e-05
-2.108878009609374898e-05
-2.074316870078124755e-05
-2.011507911757812314e-05
-2.026957427773437380e-05
-2.175234634570312540e-05
-2.327364683632812393e-05
-2.383593292539062431e-05
-2.358854993437499721e-05
-2.268732816679687285e-05
-2.157343713554687466e-05
-2.122019634960937236e-05
-2.209261716757812555e-05
-2.351778733632812465e-05
-2.488001503242187335e-05
-2.591494187070312406e-05
-2.608584022070312456e-05
-2.542780527929687411e-05
-2.451475795624999908e-05
-2.352617966601562425e-05
-2.247351449453124754e-05
-2.197741336914062394e-05
-2.250822822187499743e-05
-2.315787083359374828e-05
-2.329138516953124994e-05
-2.346781482773437302e-05
-2.325228454257812557e-05
-2.179144697265624977e-05
-2.041186241289062443e-05
-2.104586477382812417e-05
-2.320345644257812542e-05
-2.496660861601562509e-05
-2.557772280507812222e-05
-2.515123986914062309e-05
-2.379568788984374845e-05
-2.232474137734374753e-05
-2.169226489453124864e-05
-2.208842100273437236e-05
-2.311362036796874730e-05
-2.406099994882812286e-05
-2.477911634140625007e-05
-2.533358230507812490e-05
-2.531031266367187292e-05
-2.486570992499999842e-05
-2.423933695468749954e-05
-2.323359253554687276e-05
-2.267740995898437240e-05
-2.343367330468750057e-05
-2.468317675429687532e-05
-2.495497379531249910e-05
-2.385882109726562353e-05
-2.245425028320312407e-05
-2.177866774335937230e-05
-2.201899354804687258e-05
-2.310580024257812514e-05
-2.443827331523437248e-05
-2.515524529921874821e-05
-2.549685126445312453e-05
-2.546747811054687254e-05
-2.391203609687499816e-05
-2.154597132929687289e-05
-2.050322436562500002e-05
-2.065752879101562261e-05
-2.080572970390624858e-05
-2.104319448710937523e-05
-2.189692329804687561e-05
-2.323111298359374849e-05
-2.411593156132812302e-05
-2.381495210117187531e-05
-2.286089680351562230e-05
-2.218588646796874797e-05
-2.205199066250000033e-05
-2.257078922499999846e-05
-2.391070095351562538e-05
-2.514322900898437286e-05
-2.476748152070312408e-05
-2.339609855585937366e-05
-2.294539230468749914e-05
-2.335833307226562545e-05
-2.392252650898437266e-05
-2.456225091289062306e-05
-2.438219729414062422e-05
-2.353934036484374770e-05
-2.334078547382812413e-05
-2.332438228398437430e-05
-2.315043217773437548e-05
-2.358149274804687378e-05
-2.384928435898437245e-05
-2.308863411367187318e-05
-2.201975648710937470e-05
-2.152270168789062430e-05
-2.157305566601562530e-05
-2.138728000429687242e-05
-2.103060599257812244e-05
-2.102393027578124837e-05
-2.049197101445312340e-05
-1.905573822929687575e-05
-1.842726717656249859e-05
-1.959856937226562459e-05
-2.127550943164062527e-05
-2.224310689765624771e-05
-2.263449463671874759e-05
-2.223585897656249960e-05
-2.067717447187499883e-05
-1.944846111171874841e-05
-1.975706996250000037e-05
-2.025069153593749970e-05
-2.008284494218749751e-05
-1.981390892265625075e-05
-1.902102450195312247e-05
-1.755885178867187390e-05
-1.672476865859374973e-05
-1.733473843906249877e-05
-1.871928210273437264e-05
-1.948164896093749744e-05
-1.944216686445312370e-05
-1.995066574960937541e-05
-2.130488258554687388e-05
-2.207125487382812380e-05
-2.164629781601562551e-05
-2.105025167343749866e-05
-2.063540355820312551e-05
-2.036799341679687282e-05
-2.099722740859374871e-05
-2.206419768750000036e-05
-2.223109060742187236e-05
-2.173365433867187259e-05
-2.198866672031250056e-05
-2.321871522382812377e-05
-2.384833068515624903e-05
-2.323950531328124809e-05
-2.268656522773437412e-05
-2.321223024179687439e-05
-2.414377883710937416e-05
-2.418135358593749768e-05
-2.374323582929687256e-05
-2.363051158281249861e-05
-2.329119443476562526e-05
-2.278307701914062292e-05
-2.248324196757812331e-05
-2.187041116562500064e-05
-2.115324844687500023e-05
-2.116125930703125047e-05
-2.141131258476562313e-05
-2.097967981015624739e-05
-2.054652115742187419e-05
-2.111719957617187417e-05
-2.233275223749999776e-05
-2.384737701132812223e-05
-2.505148558671874790e-05
-2.458399467617187418e-05
-2.292822617578125057e-05
-2.181814983984374943e-05
-2.123392925273437324e-05
-2.079066165742187491e-05
-2.135008672499999827e-05
