-4.925534587500000052e-06
-4.039762335937499571e-06
-3.135679546874999883e-06
-2.233122635937499776e-06
-7.125850843749999732e-07
1.857756617187499945e-06
3.964231368749999773e-06
3.699491514062499843e-06
1.910399412500000099e-06
4.020688859374999621e-07
-3.547666640624999821e-07
-1.808165578125000011e-07
7.583614281250000016e-07
1.469420634374999864e-06
1.577757981249999971e-06
1.605986726562499842e-06
1.662444217187500007e-06
1.503752892187499965e-06
1.340483932812499910e-06
1.435088376562499975e-06
1.861571312499999956e-06
2.831266860937499837e-06
4.293058104687499467e-06
5.540463471874999315e-06
5.784603971875000032e-06
5.227658456250000092e-06
5.093381181249999698e-06
6.122585976562499753e-06
7.330318512499999485e-06
6.268307337499999757e-06
2.091978909374999785e-06
-1.885985362499999816e-06
-2.457426720312500010e-06
-5.149838671874999228e-07
2.047728443750000079e-06
4.214475381249999660e-06
4.914090501562499595e-06
4.183957818749999570e-06
2.846525642187499881e-06
1.144408593749999970e-06
-1.525878124999999977e-07
1.953123999999999907e-07
1.615141995312499868e-06
2.302550090624999979e-06
1.878355971875000005e-06
1.465605939062499853e-06
1.976012171874999868e-06
2.630613887499999671e-06
2.017210881249999989e-06
7.995601374999999107e-07
6.225582749999999208e-07
1.522826368750000021e-06
2.509306576562499739e-06
2.478026075000000071e-06
1.667784790625000023e-06
2.171324571875000018e-06
3.705595026562499861e-06
3.538511371874999794e-06
2.045439626562500072e-06
1.274108234374999927e-06
8.293147609374999980e-07
9.918207812499999322e-09
-1.143645654687499967e-06
-2.897642559375000031e-06
-4.537198604687500183e-06
-4.877469426562499488e-06
-4.058072873437499625e-06
-3.110502557812499809e-06
-3.048704493750000051e-06
-3.993985992187499437e-06
-4.838559534374999797e-06
-4.389188426562499749e-06
-2.761076467187500054e-06
-1.615141995312499868e-06
-1.558684504687499915e-06
-1.477050024999999887e-06
-1.527404003124999823e-06
-2.429197974999999928e-06
-3.155515962499999941e-06
-2.653502059374999739e-06
-1.834868445312499878e-06
-1.831053749999999867e-06
-2.674101414062499799e-06
-4.315183337499999955e-06
-6.146237087499999399e-06
-7.008358228124999387e-06
-6.516262532812500061e-06
-5.216977309375000060e-06
-4.116819181250000220e-06
-3.247068649999999786e-06
-2.042387870312500063e-06
-1.380919703125000028e-06
-2.267454893749999877e-06
-4.001615382812499459e-06
-5.217740248437499639e-06
-5.329892290624999544e-06
-4.650876525000000093e-06
-3.758237821875000015e-06
-3.031156895312500000e-06
-2.393339839062499822e-06
-1.866148946874999970e-06
-1.844023714062499905e-06
-1.873778337499999992e-06
-1.303099918750000012e-06
-7.095333281249999642e-07
-5.348202828124999810e-07
-8.697505312499999049e-08
6.103512499999999908e-07
3.959653734374999971e-07
-7.232662312500000045e-07
-1.533507515624999841e-06
-1.290892893749999976e-06
-2.685545499999999939e-07
6.347652999999999566e-07
3.311155531249999657e-07
-1.776122137499999917e-06
-3.926084415624999661e-06
-3.396604706249999801e-06
-1.026915978125000048e-06
1.251220062499999965e-07
-3.959653734374999971e-07
-7.759090265624999472e-07
-6.561275937499999399e-08
6.950374859374999217e-07
4.821774874999999324e-07
3.921506781249999859e-07
1.181792607812499868e-06
1.552580992187499897e-06
8.956904593749999810e-07
-6.362911781249999611e-07
-3.057859762499999654e-06
-4.797360824999999676e-06
-4.503629285937500085e-06
-3.213499331249999688e-06
-2.055357834375000101e-06
-1.429747803124999960e-06
-1.694487657812499889e-06
-2.694700768749999860e-06
-3.848264631249999432e-06
-4.986569712499999384e-06
-6.375881745312499649e-06
-7.752986753124999878e-06
-8.389277931249999203e-06
-8.104701660937499639e-06
-7.721706251562499362e-06
-8.338161014062499477e-06
-9.449763228124999774e-06
-9.612269248437498980e-06
-9.094233624999999578e-06
-8.506007607812499969e-06
-7.534786181249999237e-06
-6.890102673437499463e-06
-7.181545395312499472e-06
-7.015987618749999409e-06
-5.753323470312499516e-06
-5.773922825000000000e-06
-8.446498360937498948e-06
-1.078566952656249988e-05
-1.026610802499999963e-05
-8.612819076562500283e-06
-8.291621731249998917e-06
-9.457392618749998949e-06
-1.056212838124999880e-05
-1.037902300624999996e-05
-9.725947168749999737e-06
-9.622950395312499858e-06
-9.030146743749999390e-06
-7.595058367187499838e-06
-6.754299520312499912e-06
-7.110592062499999687e-06
-8.221431337500000405e-06
-9.053034915625000304e-06
-8.965296923437498776e-06
-8.566279793749999723e-06
-8.095546392187499612e-06
-7.441707615624999811e-06
-6.956478371875000082e-06
-6.853481598437499356e-06
-7.210537079687499557e-06
-8.065028829687499523e-06
-9.325404160937499832e-06
-1.071319031562500009e-05
-1.213530872812499918e-05
-1.349257732031249935e-05
-1.399306534531249913e-05
-1.361617344843749887e-05
-1.316451352343749924e-05
-1.280898392031249904e-05
-1.286544141093750005e-05
-1.389846090156249885e-05
-1.535033393749999760e-05
-1.557768977812499912e-05
-1.463774885312499975e-05
-1.469039164843749863e-05
-1.573714404218749832e-05
-1.567610891718749814e-05
-1.431197387343749922e-05
-1.342162398749999872e-05
-1.350325846718749854e-05
-1.296386054999999907e-05
-1.141356837499999961e-05
-1.065825870312499993e-05
-1.118010902187499977e-05
-1.160201432343749974e-05
-1.166686414374999866e-05
-1.140975367968749917e-05
-1.043929519218749971e-05
-9.565729965625000114e-06
-9.118647674999999649e-06
-8.564753915624998871e-06
-8.253474778124999652e-06
-8.015437790624998954e-06
-7.028957582812499871e-06
-6.031033289062499484e-06
-6.182858162499999506e-06
-6.961818945312499674e-06
-7.435604103124999793e-06
-7.331844390624999489e-06
-6.565853571874999783e-06
-5.801388631250000081e-06
-6.150814721874999412e-06
-7.597347184374999421e-06
-9.144587603124998878e-06
-1.020659877812500030e-05
-1.091308034999999983e-05
-1.147918113437499895e-05
-1.141967188749999962e-05
-1.001891576874999890e-05
-8.294673487499998926e-06
-8.113093990624999240e-06
-9.352107028124999487e-06
-1.054763253906249918e-05
-1.118697547343750021e-05
-1.136474027499999946e-05
-1.055907662499999879e-05
-9.281153695312498856e-06
-9.256739645312498784e-06
-1.021270229062500032e-05
-1.032027669843749936e-05
-9.287257207812498873e-06
-8.352656856249999096e-06
-8.335872196874999894e-06
-8.745570473437499825e-06
-8.477778862499999463e-06
-7.057186328124999530e-06
-5.029294299999999510e-06
-3.248594528124999791e-06
-2.512358332812499748e-06
-3.427885207812499893e-06
-5.449673723437499472e-06
-7.251735789062499677e-06
-8.174892054687499845e-06
-7.968135568749999662e-06
-7.134243173437499333e-06
-6.669613284375000087e-06
-6.185909918749999515e-06
-5.237576664062499697e-06
-4.769895018749999595e-06
-5.409237953124999777e-06
-6.282803179687499376e-06
-6.267544398437499331e-06
-5.875393720312499874e-06
-5.714413578124999826e-06
-4.986569712499999384e-06
-3.931424989062500100e-06
-3.727720259374999926e-06
-4.267881115624999817e-06
-4.808804910937500133e-06
-5.256650140624999330e-06
-5.281827129687499827e-06
-3.935239684374999688e-06
-2.012633246874999976e-06
-1.582335615624999984e-06
-2.989958185937499879e-06
-4.768369140624999591e-06
-5.525204690625000117e-06
-5.784603971875000032e-06
-6.643673356250000011e-06
-7.461544031249999870e-06
-7.866664673437498941e-06
-8.305354634374999804e-06
-8.008571339062500204e-06
-6.849666903124999768e-06
-6.211086907812500012e-06
-5.928036515624999605e-06
-5.105588206249999733e-06
-5.000302615624999424e-06
-6.368252354687499626e-06
-7.737727971874999833e-06
-8.524318145312500023e-06
-8.987422156249999264e-06
-8.221431337500000405e-06
-5.856320243749999395e-06
-3.789518323437499684e-06
-3.833005850000000235e-06
-5.140683403124999836e-06
-6.014248629687499435e-06
-6.343075365624999976e-06
-6.600948768749999886e-06
-7.249446971874999247e-06
-9.092707746874998726e-06
-1.195296629218749907e-05
-1.384429222812499911e-05
-1.278304399218749981e-05
-9.602351040625000222e-06
-7.524105034375000053e-06
-8.658595420312500417e-06
-1.157988909062499925e-05
-1.293181710937499983e-05
-1.183471073749999915e-05
-1.062697820156249942e-05
-1.104430586875000022e-05
-1.184310306718749875e-05
-1.114272500781249924e-05
-9.733576559374998912e-06
-9.337611185937499868e-06
-9.725184229687499311e-06
-1.018447354531249981e-05
-1.053542551406249915e-05
-9.936518350000000355e-06
-7.656856431250000443e-06
-4.917905196875000030e-06
-3.550718396874999830e-06
-3.476713307812500036e-06
-3.564451299999999870e-06
-3.537748432812499792e-06
-3.706357965624999863e-06
-4.100034521875000171e-06
-4.538724482812500188e-06
-4.545590934374999784e-06
-3.713987356249999886e-06
-2.590178117187499976e-06
-1.908873534375000095e-06
-1.531218698437499834e-06
-1.265715904687499902e-06
-1.327513968749999872e-06
-1.382445581250000033e-06
-9.933466593749999499e-07
-8.277888828124999935e-07
-1.272582356249999922e-06
-1.336669237499999898e-06
-9.498591328124999282e-07
-1.205443718749999937e-06
-1.951598121874999797e-06
-2.472685501562500055e-06
-2.510832454687499744e-06
-1.814269090624999817e-06
-1.280211746874999945e-06
-2.027892028125000021e-06
-3.289793237499999911e-06
-4.106900973437499768e-06
-5.277249495312499814e-06
-7.626338868749999506e-06
-9.947199496874999539e-06
-1.056594307656249924e-05
-9.377284017187499985e-06
-8.003993704687499344e-06
-8.373256210937500427e-06
-1.026534508593749920e-05
-1.172332163437499967e-05
-1.186828005624999925e-05
-1.143874536406250010e-05
-1.105422407656249898e-05
-1.071624207187500010e-05
-1.058654243124999887e-05
-1.110762981093749998e-05
-1.250914886874999943e-05
-1.380080470156249856e-05
-1.366042391406249985e-05
-1.263350793593749937e-05
-1.190871582656249979e-05
-1.153334980781249869e-05
-1.110915568906249914e-05
-1.032943196718749939e-05
-9.786982293749999916e-06
-1.011352021249999918e-05
-1.033095784531250024e-05
-9.917444873437499875e-06
-9.411616274999998815e-06
-8.703608825000000126e-06
-7.579036646874999367e-06
-6.227108628124999636e-06
-5.125424621874999792e-06
-5.119321109374999774e-06
-6.282040240624999797e-06
-7.563014926562499744e-06
-8.318324598437500266e-06
-8.690638860937499664e-06
-8.425136067187498885e-06
-6.927486687499999997e-06
-4.866788279687499456e-06
-3.833005850000000235e-06
-3.886411584374999544e-06
-3.492735028124999660e-06
-2.257536685937499847e-06
-1.668547729687500025e-06
-2.571867579687499923e-06
-3.735349649999999948e-06
-3.603361192187499984e-06
-2.255247868749999841e-06
-7.308956218749999210e-07
7.133480234374999754e-07
2.193449804687500083e-06
3.120420765624999838e-06
2.733610660937499974e-06
1.159667375000000014e-06
-5.546566984374999333e-07
-1.287841137499999967e-06
-9.696955484374998805e-07
-7.530208546874999859e-07
-1.275634112499999931e-06
-1.719664646874999963e-06
-1.243590671874999837e-06
-5.508420031249999221e-07
-1.045226515624999890e-06
-2.496336612499999701e-06
-3.778074237499999650e-06
-5.191800320312499563e-06
-7.031246399999999454e-06
-8.303828756249998953e-06
-8.453364812499999391e-06
-7.491298654687499533e-06
-5.697628918749999776e-06
-4.348752656250000054e-06
-4.345700900000000045e-06
-5.181882112499999957e-06
-5.970761103124999731e-06
-6.229397445312500066e-06
-6.269833215624999761e-06
-7.118984392187499288e-06
-9.196467459374999031e-06
-1.097258959687499916e-05
-1.088637748281250018e-05
-9.719843656249999719e-06
-8.989710973437498848e-06
-9.054560793749999461e-06
-9.326167100000000258e-06
-9.485621364062499456e-06
-9.916681934374999450e-06
-9.849543296874999253e-06
-8.564753915624998871e-06
-7.981868471874998855e-06
-9.130091760937499259e-06
-9.884638493750000203e-06
-8.975215131249999229e-06
-8.007045460937499352e-06
-8.763881010937499879e-06
-1.064528873906249947e-05
-1.180648199218749864e-05
-1.184615482343749876e-05
-1.176070564843750020e-05
-1.181182256562499993e-05
-1.158065202968749967e-05
-1.148452170781250024e-05
-1.213073109375000002e-05
-1.312178893593749911e-05
-1.343688276874999877e-05
-1.288832958281249927e-05
-1.270217245156249873e-05
-1.327513968749999999e-05
-1.302489567499999925e-05
-1.137236966562499864e-05
-9.738154193749999773e-06
-8.763881010937499879e-06
-7.933803310937499138e-06
-7.135006112499999759e-06
-6.482693214062499962e-06
-6.125637732812499762e-06
-6.246182104687500115e-06
-6.398769917187499716e-06
-5.900570709374999525e-06
-5.056760106249999590e-06
-4.648587707812499663e-06
-4.524228640624999722e-06
-4.108426851562499772e-06
-3.598020618749999969e-06
-3.925321476562500082e-06
-5.314633509374999500e-06
-6.367489415625000048e-06
-5.930325332812500036e-06
-4.882809999999999927e-06
-4.475400540624999578e-06
-4.458615881249999529e-06
-4.597470790624999937e-06
-5.730435298437499449e-06
-7.487483959374999946e-06
-8.126063954687499702e-06
-7.504268618749999995e-06
-6.665035650000000074e-06
-5.985256945312499350e-06
-5.456540174999999916e-06
-4.946133942187499689e-06
-4.656980037500000111e-06
-4.556272081249999816e-06
-3.689573306249999814e-06
-1.725005220312499979e-06
-1.045226515624999890e-07
-5.920407124999999371e-07
-2.758787650000000048e-06
-4.573819679687499444e-06
-5.294034154687499863e-06
-5.630490281249999579e-06
-5.997463970312499386e-06
-6.113430707812499726e-06
-6.282040240624999797e-06
-7.219692348437499583e-06
-8.055110621874999070e-06
-7.736202093749998981e-06
-7.317348548437499870e-06
-7.624050051562499923e-06
-7.682796359374999672e-06
-7.018276435937499840e-06
-6.554409485937499326e-06
-6.837459878124999733e-06
-7.321926182812499883e-06
-7.616420660937499900e-06
-7.952113848437499191e-06
-8.658595420312500417e-06
-9.584803442187498899e-06
-9.740443010937499356e-06
-8.685298287500000072e-06
-7.753749692187500303e-06
-7.727046824999998954e-06
-7.254787545312499686e-06
-5.846402035937499789e-06
-4.881284121874999922e-06
-4.962155662500000160e-06
-5.381009207812500118e-06
-5.610653865624999521e-06
-5.921933003124999587e-06
-6.671139162500000092e-06
-7.872005246875000227e-06
-9.158320506249999766e-06
-9.700007240624998814e-06
-9.207911545312500335e-06
-8.454127751562499817e-06
-8.296199365624999777e-06
-8.708186459374999292e-06
-8.850093124999998861e-06
-8.656306603124999140e-06
-9.317011831250000231e-06
-1.073989318281249975e-05
-1.128615755156249966e-05
-1.038283770156249870e-05
-8.863826028124999749e-06
-7.625575929687499927e-06
-7.122036148437499297e-06
-7.501979801562499565e-06
-8.050532987499999904e-06
-8.090968757812500446e-06
-8.343501587499999069e-06
-8.949275203124999999e-06
-8.790583878124999534e-06
-7.733913276562499398e-06
-6.709286115624999356e-06
-5.938717662499999637e-06
-5.086514729687500101e-06
-4.805753154687500124e-06
-5.606839170312499933e-06
-6.777187692187499979e-06
-7.821651268749999232e-06
-8.828730831249998799e-06
-1.034392780937499901e-05
-1.240920385156249956e-05
-1.393889667187499939e-05
-1.419066656249999928e-05
-1.356353065312499999e-05
-1.341170577968749996e-05
-1.424025760156249985e-05
-1.488951874374999964e-05
-1.452254505468749983e-05
-1.328048026093749958e-05
-1.127166170937500004e-05
-8.612056137499999857e-06
-6.452938590624999451e-06
-6.175991710937499909e-06
-7.489772776562499529e-06
-8.223720154687499988e-06
-7.068630414062499987e-06
-5.641171428124999611e-06
-5.435177881249999853e-06
-5.785366910937499610e-06
-5.973049920312499314e-06
-6.133267123437499784e-06
-6.529232496874999675e-06
-7.213588835937499566e-06
-7.566066682812499753e-06
-6.914516723437499535e-06
-5.941769418749999646e-06
-5.412289709374999786e-06
-4.845425985937499394e-06
-4.473874662499999574e-06
-5.250546628125000159e-06
-6.528469557812500096e-06
-7.197567115624999942e-06
-7.221218226562499588e-06
-6.533047192187500110e-06
-4.644773012500000075e-06
-2.611540410937500039e-06
-3.031156895312500000e-06
-5.835720889062499758e-06
-7.914729834375000352e-06
-7.791896645312499568e-06
-6.853481598437499356e-06
-6.614681671874999926e-06
-7.196804176562499516e-06
-7.923122164062499953e-06
-8.229060728124999580e-06
-7.798763096875000012e-06
-6.127926549999999345e-06
-3.794858896874999699e-06
-2.905271950000000054e-06
-3.932950867187500104e-06
-5.012509640624999460e-06
-4.878232365624999913e-06
-4.177854306249999552e-06
-4.373929645312499704e-06
-5.534359959375000144e-06
-6.020352142187499453e-06
-5.304715301562499894e-06
-4.093931009375000153e-06
-2.269743710937499883e-06
-4.730222187499999982e-08
1.193236693749999901e-06
5.142209281250000264e-07
-1.085662285937500009e-06
-1.641081923437499945e-06
-1.219939560937499979e-06
-1.188659059374999888e-06
-1.128386873437499923e-06
-2.273558406249999789e-07
4.997250859374999839e-07
8.926387031249999721e-08
-1.049804149999999904e-06
-2.600096325000000005e-06
-4.489896382812500044e-06
-5.667111356249999687e-06
-5.538937593750000158e-06
-5.208584979687499612e-06
-4.650113585937499668e-06
-2.313231237500000011e-06
1.084899346875000007e-06
3.009031662499999935e-06
3.044126859375000038e-06
2.296446578124999962e-06
1.029967734374999846e-06
-2.929686000000000125e-07
-6.362911781249999611e-07
-1.861571312499999903e-07
3.166197109374999761e-07
9.887690249999999365e-07
1.529692820312499829e-06
1.564025078124999930e-06
1.707457621874999928e-06
1.701354109374999910e-06
8.895869468749999631e-07
3.761289578124999918e-07
1.239775976562500038e-06
2.475737257812500064e-06
2.361296398437499728e-06
8.773799218749999273e-07
-4.249570578124999763e-07
-7.614131843750000105e-07
-8.644099578124999951e-07
-1.828001993749999858e-06
-3.701780331249999850e-06
-5.421444978124999813e-06
-6.201168699999999560e-06
-6.385799953125000101e-06
-6.465145615624999487e-06
-6.459805042187499895e-06
-6.452175651562499873e-06
-6.113430707812499726e-06
-5.169675087499999921e-06
-4.801938459374999689e-06
-6.327816584374999931e-06
-9.103388893749999605e-06
-1.135177031093749900e-05
-1.224440901406249908e-05
-1.199111324531250003e-05
-1.063079289687499985e-05
-8.633418431249999920e-06
-7.460018153124999865e-06
-7.817073634375000066e-06
-8.963771045312499618e-06
-9.954828887499998715e-06
-1.000976049999999888e-05
-8.410640224999999266e-06
-5.912014795312499982e-06
-4.366300254687499682e-06
-4.032132945312499548e-06
-4.035947640624999983e-06
-3.969571942187500212e-06
-3.278349151562499878e-06
-1.879118910937500008e-06
-1.445006584375000005e-06
-2.903746071875000049e-06
-4.507443981249999672e-06
-4.866788279687499456e-06
-4.330442118750000000e-06
-3.304289079687499954e-06
-2.416228010937499890e-06
-2.507017759374999732e-06
-3.112028435937499813e-06
-3.418729939062499866e-06
-3.837583484374999401e-06
-4.409024842187499807e-06
-4.171750793749999535e-06
-2.929685999999999702e-06
-1.410674326562499904e-06
-3.036497468749999909e-07
-2.258299625000000008e-07
-1.134490385937499940e-06
-1.865386007812499967e-06
-1.864623068749999965e-06
-1.838683140624999889e-06
-2.526854174999999791e-06
-4.027555310937499535e-06
-5.754849348437499521e-06
-6.755062459374999491e-06
-6.621548123437499523e-06
-6.488033787499999554e-06
-7.344051415624999525e-06
-7.962794995312500070e-06
-7.212825896874999987e-06
-6.673427979687499675e-06
-7.931514493749999554e-06
-9.673304373437499159e-06
-9.971613546874999611e-06
-9.106440649999999614e-06
-8.456416568749999400e-06
-8.216090764062499119e-06
-8.001704887499999760e-06
-8.444209543749999365e-06
-9.863276200000000140e-06
-1.074981139062500020e-05
-9.836573332812498791e-06
-8.062740012499999939e-06
-7.105251489062499248e-06
-7.685085176562499255e-06
-9.149928176562500165e-06
-9.820551612500000015e-06
-8.929438787499999094e-06
-7.612605965624999466e-06
-6.876369770312499423e-06
-6.249996799999999703e-06
-5.355069279687500042e-06
-4.806516093749999703e-06
-4.983517956249999375e-06
-5.227658456250000092e-06
-5.122372865624999783e-06
-4.996487920312499837e-06
-4.483029931249999601e-06
-3.222654599999999714e-06
-2.072142493749999727e-06
-2.001189160937499942e-06
-2.884672595312499993e-06
-4.038236457812499566e-06
-5.123135804687499361e-06
-5.561062826562499799e-06
-4.989621468749999393e-06
-4.212949503124999655e-06
-3.681943915624999792e-06
-2.639769156249999698e-06
-1.239775976562500038e-06
-1.006316623437499988e-06
-2.005766795312499956e-06
-2.302550090624999979e-06
-1.461028304687499840e-06
-1.041411820312499879e-06
-1.227568951562500002e-06
-1.344298628124999921e-06
-1.644896618749999956e-06
-2.297972456249999966e-06
-2.657316754687499750e-06
-2.243040843749999805e-06
-1.891325935937499832e-06
-2.370451667187499755e-06
-3.070066787499999690e-06
-3.230283990624999737e-06
-2.893827864062500020e-06
-2.365111093749999740e-06
-1.922606437499999712e-06
-2.210234464062499709e-06
-3.081510873437499724e-06
-3.263853309374999835e-06
-2.685545499999999833e-06
-2.365111093749999740e-06
-2.856443849999999911e-06
-4.223630649999999687e-06
-5.658719026562500086e-06
-6.060787912499999995e-06
-5.408475014062499351e-06
-4.592893156249999923e-06
-4.373166706250000126e-06
-5.007169067187499868e-06
-6.349941817187499573e-06
-7.687373993749998838e-06
-8.563228037499999714e-06
-9.452814984374999783e-06
-1.037673418906249868e-05
-1.064605167812499990e-05
-1.003112279374999894e-05
-8.728022875000000197e-06
-7.336422024999999502e-06
-6.677242674999999262e-06
-6.727596653124999410e-06
-7.070919231249999570e-06
-7.815547756249999214e-06
-8.787532121874999525e-06
-9.555048818749999236e-06
-1.006240329531249945e-05
-1.012801605468749880e-05
-9.553522940625000078e-06
-8.903498859374999865e-06
-8.908076493749999032e-06
-9.508509535937500370e-06
-1.059264594374999889e-05
-1.215514514375000009e-05
-1.324996269843749949e-05
-1.263274499687499895e-05
-1.067656924062499999e-05
-9.178919860937499403e-06
-8.924098214062499502e-06
-8.853907820312499296e-06
-8.193965531250000324e-06
-7.664485821874999618e-06
-7.489009837499999950e-06
-6.961818945312499674e-06
-6.432339235937499814e-06
-6.841274573437499320e-06
-8.055110621874999070e-06
-8.416743737499999284e-06
-6.676479735937499684e-06
-4.290006348437499458e-06
-3.173826499999999995e-06
-3.323362556250000010e-06
-3.839109362499999406e-06
-3.627012303124999630e-06
-2.313994176562500013e-06
-8.636470187499999929e-07
-1.487731171874999865e-07
-5.561825765624999378e-07
-2.073668371874999731e-06
-3.605650009374999991e-06
-3.942106135937500131e-06
-3.266905065624999844e-06
-2.493284856249999692e-06
-2.244566721874999809e-06
-2.671812596874999792e-06
-3.384397681249999766e-06
-4.102323339062499754e-06
-4.409787781249999386e-06
-3.730772015624999935e-06
-2.964781196874999805e-06
-3.200529367187499650e-06
-3.479002125000000043e-06
-2.897642559375000031e-06
-2.384947509374999798e-06
-2.707670732812499898e-06
-3.459165709374999985e-06
-4.087827496875000135e-06
-4.123685632812499817e-06
-3.485105637499999637e-06
-2.775572309374999673e-06
-2.603911020312500017e-06
-3.410337609374999842e-06
-4.591367278124999919e-06
-4.210660685937500072e-06
-2.331541775000000065e-06
-1.747130453124999832e-06
-3.351591301562499669e-06
-4.366300254687499682e-06
-2.655027937499999743e-06
3.738401406249999719e-08
1.271819417187499920e-06
1.265715904687499902e-06
1.274108234374999927e-06
1.409911387499999902e-06
6.713863749999999582e-07
-1.311492248437500036e-06
-3.305814957812499958e-06
-4.260251724999999794e-06
-4.932401039062499649e-06
-6.284329057812499380e-06
-7.125087904687499306e-06
-6.379696440625000084e-06
-5.636593793749999597e-06
-5.878445476562499883e-06
-5.638119671874999602e-06
-4.861447706249999864e-06
-5.432889064062499423e-06
-7.362361953124999579e-06
-9.424586239062499276e-06
-1.126403231874999917e-05
-1.248702363593749894e-05
-1.260833094687499888e-05
-1.182708134687499997e-05
-1.090850271562499897e-05
-1.059417182187499974e-05
-1.104888350312499938e-05
-1.222457259843749987e-05
-1.401366469999999876e-05
-1.499022669999999994e-05
-1.373061430781250005e-05
-1.191634521718749896e-05
-1.173400278124999885e-05
-1.251296356406249987e-05
-1.303099918749999927e-05
-1.378249416406249851e-05
-1.560134088906250046e-05
-1.750258503281249757e-05
-1.788863219843749955e-05
-1.690825550312499963e-05
-1.583861493749999904e-05
-1.530837228906249960e-05
-1.464003767031249933e-05
-1.385802513125000000e-05
-1.462401594999999886e-05
-1.704405865625000088e-05
-1.889800057812499870e-05
-1.877287857187500002e-05
-1.712340431874999772e-05
-1.552199522656250023e-05
-1.541976139218750077e-05
-1.621321801718749971e-05
-1.601409092187499870e-05
-1.421126591718749892e-05
-1.232375467656249931e-05
-1.226500836874999872e-05
-1.385039574062499913e-05
-1.539153264687500027e-05
-1.631926654687499960e-05
-1.688307851406250083e-05
-1.656569586406249990e-05
-1.553267637343749941e-05
-1.521910841874999891e-05
-1.589278361093750047e-05
-1.609343658437499894e-05
-1.484603121718749909e-05
-1.286467847187499963e-05
-1.130828278437500014e-05
-1.078490658749999946e-05
-1.182326665156249954e-05
-1.428374512812499871e-05
-1.647185435937500005e-05
-1.678389643593749969e-05
-1.543807192968750083e-05
-1.414031258437499998e-05
-1.477584082343749888e-05
-1.699370467812499989e-05
-1.807173757343750008e-05
-1.674574948281249873e-05
-1.464003767031249933e-05
-1.342314986562499957e-05
-1.318358699999999972e-05
-1.338729172968749989e-05
-1.348113323437499974e-05
-1.334533008125000019e-05
-1.368865265937499866e-05
-1.493224333124999977e-05
-1.614684231874999825e-05
-1.576842454375000053e-05
-1.376647244374999973e-05
-1.219939560937499937e-05
-1.238936743593749866e-05
-1.309050843437499860e-05
-1.261748621562499890e-05
-1.142043482656250005e-05
-1.108092694374999863e-05
-1.173705453749999886e-05
-1.223983137968749991e-05
-1.217727037656249888e-05
-1.208953238437499905e-05
-1.196059568281249994e-05
-1.132048980937500018e-05
-1.081389827187499869e-05
-1.117019081406249932e-05
-1.156920794375000006e-05
-1.131972687031249975e-05
-1.093444264374999989e-05
-1.069259096093749876e-05
-1.032103963749999979e-05
-1.002044164687499975e-05
-9.963984156249998741e-06
-9.674830251562500011e-06
-8.985133339062499681e-06
-8.515162876562499996e-06
-9.087367173437499134e-06
-1.072844909687500014e-05
-1.209563589687499907e-05
-1.202315668593749928e-05
-1.124953647656249955e-05
-1.061629705468750023e-05
-9.668726739062499993e-06
-8.531947535937499198e-06
-8.011623095312500213e-06
-8.053584743749999913e-06
-8.436580153125000189e-06
-9.252924950000000043e-06
-9.736628315624998921e-06
-8.905024737499999023e-06
-7.489009837499999950e-06
-7.258602240624999274e-06
-8.755488681250000278e-06
-1.067962099687499999e-05
-1.145476708437499888e-05
-1.132048980937500018e-05
-1.171721812187499965e-05
-1.258849453124999967e-05
-1.273574177031249883e-05
-1.244658786562500010e-05
-1.277312578437499936e-05
-1.350249552812499981e-05
-1.392287495156249892e-05
-1.388625387656249881e-05
-1.354293129843749865e-05
-1.331328664062499925e-05
-1.372679961249999962e-05
-1.460646835156249923e-05
-1.516799150156249919e-05
-1.508483114374999852e-05
-1.475371559062500009e-05
-1.466750347656249941e-05
-1.510466755937499942e-05
-1.546096010156250005e-05
-1.459120957031249919e-05
-1.284102736093749998e-05
-1.169356701093750000e-05
-1.180953374843749865e-05
-1.273726764843749968e-05
-1.361006993593749885e-05
-1.381835229999999989e-05
-1.339415818124999864e-05
-1.310424133749999948e-05
-1.363982455937499852e-05
-1.442870354999999998e-05
-1.428679688437499872e-05
-1.326369560156249868e-05
-1.236419044687499985e-05
-1.171035167031249921e-05
-1.096038257187499912e-05
-1.083144587031250002e-05
-1.167067883906249909e-05
-1.207885123749999986e-05
-1.148909934218749940e-05
-1.119307898593750023e-05
-1.162261367812499937e-05
-1.199797969687499878e-05
-1.185988772656249965e-05
-1.133880034687500023e-05
-1.097869310937499918e-05
-1.083602350468749918e-05
-1.022033168124999949e-05
-9.181208678124998986e-06
-8.553309829687499261e-06
-8.594508539062500229e-06
-9.279627817187499698e-06
-1.063765934843750029e-05
-1.187590944687500012e-05
-1.198958736718749918e-05
-1.140975367968749917e-05
-1.096267138906249871e-05
-1.044158400937499930e-05
-9.611506309375000248e-06
-8.650203090624999122e-06
-8.052058865624999061e-06
-7.956691482812500052e-06
-7.859798221875000191e-06
-8.020015424999999814e-06
-8.838649039062499251e-06
-9.851069175000000104e-06
-1.071166443749999924e-05
-1.124724765937499997e-05
-1.100081834218749967e-05
-1.004561863593750025e-05
-9.275813121874999263e-06
-9.040064951562499842e-06
-8.611293198437499431e-06
-7.727046824999998954e-06
-7.293697437499999377e-06
-7.894130479687499021e-06
-8.689112982812498813e-06
-8.860774271874999740e-06
-8.914180006249999049e-06
-9.020228535937498937e-06
-8.547206317187499243e-06
-7.416530626562499314e-06
-5.943295296874999650e-06
-4.796597885937500097e-06
-5.094907059374999702e-06
-6.475826762499999519e-06
-6.961056006249999248e-06
-6.929012565625000001e-06
-7.884212271875000263e-06
-8.798213268750000403e-06
-9.288020146874999299e-06
-1.043853225312499929e-05
-1.216430041250000012e-05
-1.375121366249999969e-05
-1.470488749062499995e-05
-1.502379601875000003e-05
-1.537398504843749894e-05
-1.617278224687499917e-05
-1.657256231562499865e-05
-1.528166942187499994e-05
-1.310118958124999948e-05
-1.211013173906249869e-05
-1.286238965468750005e-05
-1.475905616406249968e-05
-1.618193751562500089e-05
-1.555632748437500075e-05
-1.391600850000000017e-05
-1.309050843437499860e-05
-1.289519603437499972e-05
-1.233977639687499978e-05
-1.154097919843749956e-05
-1.136550321406249989e-05
-1.191787109531249982e-05
-1.225509016093749996e-05
-1.160430314062499932e-05
-1.031875082031250021e-05
-9.661097348437499123e-06
-1.041488114218749964e-05
-1.212004994687499914e-05
-1.353377602968749863e-05
-1.393965961093749982e-05
-1.412657968124999910e-05
-1.468962870937499990e-05
-1.531447580156249962e-05
-1.535720038906249974e-05
-1.379241237187499896e-05
-1.130675690624999929e-05
-9.771723512499999871e-06
-9.002680937499999309e-06
-8.256526534374999661e-06
-8.375545028125000010e-06
-9.464259070312499393e-06
-1.040877762968749962e-05
-1.127547640468749878e-05
-1.242598851093749877e-05
-1.321105280624999980e-05
-1.377105007812499890e-05
-1.462630476718750014e-05
-1.474913795624999923e-05
-1.354903481093749867e-05
-1.179885260156249947e-05
-1.003646336718750022e-05
-9.198756276562500308e-06
-9.970850607812499185e-06
-1.061095648124999895e-05
-9.409327457812499232e-06
-7.802577792187500447e-06
-7.518001521875000035e-06
-7.464595787499999878e-06
-6.051632643749999968e-06
-4.332730935937499583e-06
-4.427335379687499861e-06
-5.654141392187500072e-06
-5.639645549999999606e-06
-4.516599249999999699e-06
-3.771207785937499630e-06
-3.379057107812499750e-06
-3.031919834375000002e-06
-2.548216468749999853e-06
-1.782988589062499937e-06
-1.745604574999999828e-06
-2.723692453124999945e-06
-3.303526140624999952e-06
-3.269956821874999853e-06
-3.978727210937499392e-06
-5.431363185937499419e-06
-5.702969492187499369e-06
-3.489683271874999651e-06
-6.866451562499999467e-09
2.050780200000000088e-06
1.322173395312499856e-06
-7.850642953124999741e-07
-2.188109231250000067e-06
-2.707670732812499898e-06
-2.738188295312499987e-06
-2.027892028125000021e-06
-8.064265890624999309e-07
4.425046562499999748e-07
1.417540778124999924e-06
2.184294535937500056e-06
2.918241914062499668e-06
2.996824637499999899e-06
2.505491881249999728e-06
2.743528868750000003e-06
3.292844993749999920e-06
2.272032528124999890e-06
-2.319334749999999923e-07
-2.043913748437500068e-06
-1.900481204687499859e-06
-5.447384906250000101e-07
1.200103145312499921e-06
2.870939692187499953e-06
3.475187429687500032e-06
2.706907793749999895e-06
1.883696545312499809e-06
2.158354607812499980e-06
3.073118543749999699e-06
4.048154665625000019e-06
5.036160751562499953e-06
5.475613651562499548e-06
4.686734660937499775e-06
2.679441987499999815e-06
3.997800687499999554e-07
-9.658808531249998693e-07
-1.557158626562499910e-06
-2.398680412499999838e-06
-3.632352876562499646e-06
-4.548642690624999793e-06
-4.597470790624999937e-06
-4.338071509375000023e-06
-4.808041971874999707e-06
-5.576321607812499844e-06
-5.169675087499999921e-06
-3.280637968749999885e-06
-1.728819915624999990e-06
-1.982115684374999886e-06
-2.699278403124999873e-06
-2.143858765624999937e-06
-6.156918234375000065e-07
3.280637968750000096e-07
-1.861571312499999903e-07
-1.361846226562499972e-06
-2.270506649999999885e-06
-2.937315390624999724e-06
-3.261564492187499829e-06
-2.982328795312499856e-06
-2.779387004687499684e-06
-3.412626426562499848e-06
-4.620358962500000004e-06
-5.445096089062499459e-06
-4.885861756249999936e-06
-3.243253954687499775e-06
-2.165221059375000000e-06
-2.607725715625000028e-06
-4.061124629687499633e-06
-5.200955589062499590e-06
-4.897305842187499546e-06
-3.532407859374999776e-06
-2.226256184374999756e-06
-1.444243645312500002e-06
-1.216124865624999968e-06
-8.666987750000000018e-07
-6.103512499999999710e-09
1.625060203125000003e-07
-1.027678917187500051e-06
-2.476500196875000066e-06
-3.372953595312499732e-06
-3.521726712499999745e-06
-2.643583851562499710e-06
-1.525878125000000030e-06
-9.628290968749998604e-07
-3.440855171875000037e-07
3.944394953124999926e-07
5.447384906250000101e-07
-1.075744078124999980e-07
-1.092528737500000029e-06
-1.193236693749999901e-06
-5.340573437499999788e-08
1.175689095312499850e-06
1.814269090624999817e-06
2.194212743750000085e-06
2.375792240624999771e-06
1.869963642187499981e-06
7.522579156249999837e-07
-8.850093124999999497e-08
-2.288817187500000098e-09
7.118221453124999709e-07
1.269530599999999913e-06
1.294707589062499987e-06
8.972163374999999855e-07
3.326414312499999701e-07
-7.843013562499999718e-07
-3.073881482812499702e-06
-5.521389995312499683e-06
-6.428524540624999380e-06
-5.667111356249999687e-06
-4.705045198437499829e-06
-4.837033656249999792e-06
-5.849453792187499798e-06
-7.331844390624999489e-06
-9.226985021874999120e-06
-1.064681461718750032e-05
-1.114348794687499966e-05
-1.170806285312499962e-05
-1.284179029999999871e-05
-1.402587172499999880e-05
-1.448058340625000013e-05
-1.369780792812499869e-05
-1.252898528437499864e-05
-1.238707861874999907e-05
-1.343077925624999875e-05
-1.439360835312499903e-05
-1.417693365937500009e-05
-1.363677280312499851e-05
-1.389617208437499927e-05
-1.429595215312499875e-05
-1.429213745781250001e-05
-1.469649516093749865e-05
-1.572417407812499955e-05
-1.621779565156249888e-05
-1.583251142499999902e-05
-1.527327709218750034e-05
-1.443251824531249872e-05
-1.293410592656249941e-05
-1.103743941718749977e-05
-9.707636631249999683e-06
-1.021727992499999948e-05
-1.202010492968749927e-05
-1.316451352343749924e-05
-1.302871037031249969e-05
-1.252745940624999949e-05
-1.253890349218749910e-05
-1.282271682343749993e-05
-1.338042527812499945e-05
-1.501158899375000000e-05
-1.710814553749999937e-05
-1.806639699999999880e-05
-1.763228467343749879e-05
-1.668471435781249856e-05
-1.601714267812500041e-05
-1.586989543906249786e-05
-1.592253823437499844e-05
-1.586379192656249784e-05
-1.544493838124999958e-05
-1.464385236562499977e-05
-1.411666147343749864e-05
-1.417388190312500008e-05
-1.423491702812499857e-05
-1.382750756874999991e-05
-1.309203431249999945e-05
-1.293639474374999899e-05
-1.440886713437499908e-05
-1.693419543125000056e-05
-1.889342294374999953e-05
-1.992644243437500002e-05
-2.084196930937499932e-05
-2.185362650624999805e-05
-2.227324299062499843e-05
-2.162627066562499992e-05
-1.988829548124999906e-05
-1.784514467187500069e-05
-1.695632066406249766e-05
-1.736601894062499759e-05
-1.815871262656249780e-05
-1.892851814062499879e-05
-1.890334115156249998e-05
-1.726607392343749772e-05
-1.507796469218749977e-05
-1.379088649374999981e-05
-1.288222607031249926e-05
-1.174926156249999890e-05
-1.170195934062499961e-05
-1.351165079687499983e-05
-1.551207701874999977e-05
-1.610564360937499897e-05
-1.593016762499999931e-05
-1.638182755000000063e-05
-1.715544775937499867e-05
-1.673125364062499912e-05
-1.483611300937499864e-05
-1.258086514062499880e-05
-1.119079016874999895e-05
-1.118392371718750020e-05
-1.179198614999999902e-05
-1.207961417656249860e-05
-1.207656242031249859e-05
-1.168975231562499957e-05
-1.070937562031249966e-05
-9.874720285937499750e-06
-9.986109389062499230e-06
-1.084136407812499877e-05
-1.158599260312499927e-05
-1.156615618750000005e-05
-1.122741124374999906e-05
-1.150969869687499904e-05
-1.213607166718749961e-05
-1.205291130937499894e-05
-1.121138952343750028e-05
-1.072844909687500014e-05
-1.146163353593749932e-05
-1.317595760937499885e-05
-1.504515831250000010e-05
-1.616973049062500086e-05
-1.603163852031250003e-05
-1.509246053437499939e-05
-1.439131953593749945e-05
-1.437072018124999981e-05
-1.477812964062499847e-05
-1.553877988593749943e-05
-1.632537005937499962e-05
-1.607131135156249845e-05
-1.504821006875000011e-05
-1.504973594687499926e-05
-1.616362697812500084e-05
-1.694640245625000059e-05
-1.741866173593749817e-05
-1.815337205312499990e-05
-1.819457076249999917e-05
-1.710585672031249979e-05
-1.613997586718749950e-05
-1.596373694374999771e-05
-1.623458031093749808e-05
-1.688307851406250083e-05
-1.777724309531249837e-05
-1.810606983125000061e-05
-1.737517420937499931e-05
-1.638793106250000065e-05
-1.588973185468749876e-05
-1.520384963749999887e-05
-1.394118548906249898e-05
-1.316527646249999966e-05
-1.332854542187499930e-05
-1.393355609843749980e-05
-1.495894619843749942e-05
-1.566695364843749980e-05
-1.498488612656249865e-05
-1.349944377187499980e-05
-1.255645109062499872e-05
-1.288985546093750013e-05
-1.403960462812499969e-05
-1.531523874062499835e-05
-1.703032575312499999e-05
-1.903685548749999826e-05
-1.982954917343749846e-05
-1.884535778281249812e-05
-1.767043162656249975e-05
-1.716841772343750082e-05
-1.614073880624999823e-05
-1.402281996874999879e-05
-1.199263912343749919e-05
-1.139754665468749914e-05
-1.200789790468749923e-05
-1.209792471406249865e-05
-1.096496020624999998e-05
-1.007537325937499992e-05
-1.061553411562499981e-05
-1.188277589843749887e-05
-1.306075381093749893e-05
-1.348494792968750018e-05
-1.253356291874999950e-05
-1.123809239062499994e-05
-1.027678917187499881e-05
-9.107203589062500039e-06
-8.720393484374999328e-06
-1.008376558906249952e-05
-1.185378421406249963e-05
-1.213301991093749960e-05
-1.090392508124999981e-05
-1.006621799062499989e-05
-1.050261913437499947e-05
-1.123656651249999909e-05
-1.169356701093750000e-05
-1.218184801093749974e-05
-1.266784019374999990e-05
-1.265868492499999987e-05
-1.241683324218749874e-05
-1.306838320156249980e-05
-1.420439946562500017e-05
-1.354369423749999908e-05
-1.089476981249999978e-05
-8.650966029687499548e-06
-8.030696571874998998e-06
-8.428187823437498894e-06
-8.712001154687499727e-06
-8.296199365624999777e-06
-8.044429474999999886e-06
-8.914180006249999049e-06
-1.047973096250000025e-05
-1.153716450312499912e-05
-1.133117095624999936e-05
-1.000441992656249928e-05
-8.653254846874999131e-06
-8.535762231249999633e-06
-8.956141654687498749e-06
-8.555598646874998844e-06
-8.009334278124998936e-06
-8.049007109374999052e-06
-8.299251121874999786e-06
-8.712001154687499727e-06
-9.078211904687499107e-06
-9.233851473437499564e-06
-9.840388028124999226e-06
-1.098098192656249876e-05
-1.165236830156249904e-05
-1.137542142187499865e-05
-1.085738579843749925e-05
-1.105651289375000025e-05
-1.174010629374999887e-05
-1.158599260312499927e-05
-1.050567089062499948e-05
-9.696955484374998805e-06
-9.311671257812498945e-06
-8.803553842187499995e-06
-8.322139293749999006e-06
-8.498378217187499100e-06
-9.821314551562498746e-06
-1.134490385937500025e-05
-1.139449489843749913e-05
-1.039733354375000001e-05
-9.767908817187499437e-06
-8.821101440624999623e-06
-6.562801815624999774e-06
-4.364011437500000099e-06
-3.981016028124999822e-06
-5.307004118749999477e-06
-7.101436793749999660e-06
-8.604426746874998988e-06
-9.530634768749999164e-06
-9.396357493749998770e-06
-8.464808898437499002e-06
-7.646175284374999564e-06
-6.520077228124999648e-06
-4.232022979687500135e-06
-2.336882348437500080e-06
-2.722929514062499942e-06
-4.297635739062499480e-06
-5.042264264062499971e-06
-4.572293801562499439e-06
-3.638456389062499664e-06
-2.996061698437499897e-06
-3.376768290624999743e-06
-4.814908423437500151e-06
-5.700680674999999785e-06
-5.069730070312500052e-06
-4.019162981249999934e-06
-3.553007214062499837e-06
-3.860471656249999468e-06
-4.667661184375000143e-06
-5.334469924999999558e-06
-5.345914010937500015e-06
-4.353330290625000067e-06
-2.956388867187499780e-06
-2.308653603124999997e-06
-2.279661918749999912e-06
-2.359007581249999722e-06
-2.980039978124999850e-06
-4.256437029687500207e-06
-5.104825267187500155e-06
-4.647824768750000084e-06
-3.640745206249999671e-06
-3.528593164062499765e-06
-4.290006348437499458e-06
-4.298398678124999906e-06
-2.713774245312499915e-06
-3.990171296875000061e-07
1.313781065625000043e-06
1.499175257812499952e-06
6.675716796874999470e-07
-1.144408593749999917e-07
-9.147639359374999311e-07
-1.537322210937499852e-06
-1.161193253125000019e-06
-4.028318249999999643e-07
-1.016234831250000017e-06
-3.305052018749999956e-06
-5.574032790624999414e-06
-6.716152567187499800e-06
-7.005306471874999378e-06
-6.344601243749999981e-06
-5.196377954687499576e-06
-4.916379318750000025e-06
-5.210873796875000042e-06
-5.000302615624999424e-06
-4.853055376562499416e-06
-5.281064190624999401e-06
-5.229184334375000096e-06
-4.415891293749999404e-06
-3.886411584374999544e-06
-3.814695312499999757e-06
-3.717802051562499897e-06
-4.059598751562499629e-06
-5.130765195312499384e-06
-5.747219957812499498e-06
-5.390927415624999724e-06
-5.301663545312499885e-06
-5.931088271874999614e-06
-6.136318879687499793e-06
-5.442807271874999876e-06
-4.147336743749999463e-06
-2.259825503124999854e-06
-6.278988484374999365e-07
-1.693724718749999940e-07
-9.613032187499999088e-08
9.460444374999999964e-08
-5.737301749999999893e-07
-2.329252957812500058e-06
-4.145047926562499880e-06
-5.484005981249999997e-06
-6.094357231250000093e-06
-5.281064190624999401e-06
-4.035947640624999983e-06
-4.294583982812499471e-06
-5.267331287499999361e-06
-5.123135804687499361e-06
-4.286191653124999870e-06
-4.160306707812499924e-06
-4.589841399999999914e-06
-4.644773012500000075e-06
-4.447171795312499919e-06
-4.249570578124999763e-06
-4.048154665625000019e-06
-3.957364917187500176e-06
-3.378294168749999748e-06
-2.216337976562499727e-06
-1.956175756249999810e-06
-3.295133810937499927e-06
-5.030820178124999514e-06
-5.960079956249999699e-06
-5.748745835937499503e-06
-4.695126990624999376e-06
-3.771207785937499630e-06
-3.589628289062499944e-06
-3.511808504687499716e-06
-3.106687862499999798e-06
-3.364561265624999707e-06
-4.696652868749999381e-06
-5.715176517187499404e-06
-5.845639096874999364e-06
-5.734249993749999884e-06
-5.258176018749999334e-06
-5.085751790624999675e-06
-6.108853073437499712e-06
-6.963344823437499678e-06
-7.102962671874999664e-06
-7.748409118749999017e-06
-8.534999292187499207e-06
-8.399959078125000082e-06
-7.858272343749999339e-06
-7.743831484374999851e-06
-8.232875423437500015e-06
-8.829493770312499224e-06
-8.506770546875000395e-06
-7.652278796874999582e-06
-7.651515857812499156e-06
-8.063502951562500365e-06
-7.916255712499999510e-06
-7.987971984374998873e-06
-8.837123160937500094e-06
-9.177393982812500245e-06
-8.158870334374999374e-06
-6.845852207812499334e-06
-6.288906692187499394e-06
-6.211849846874999591e-06
-5.944058235937500076e-06
-5.199429710937499585e-06
-4.155729073437499911e-06
-3.705595026562499861e-06
-4.481504053124999596e-06
-5.467984260937499526e-06
-5.439755515624999867e-06
-4.820248996874999743e-06
-4.196164843749999606e-06
-3.468320978125000012e-06
-3.437803415624999922e-06
-4.431150074999999449e-06
-4.625699535937499596e-06
-3.205869940624999665e-06
-2.008818551562499965e-06
-2.095030665624999794e-06
-2.523802418749999782e-06
-2.469633745312500046e-06
-2.100371239062499810e-06
-1.723479342187499975e-06
-1.288604076562499969e-06
-1.110076335937499869e-06
-1.300811101562500005e-06
-1.632689593749999920e-06
-2.713011306249999913e-06
-4.519651006249999708e-06
-5.740353506249999902e-06
-6.300350778124999851e-06
-7.310482096874999426e-06
-8.869929540624999767e-06
-1.012877899374999922e-05
-1.051482615937499951e-05
-1.028899619687499885e-05
-1.006087741718750030e-05
-1.007308444218750033e-05
-1.016540006874999933e-05
-1.004714451406249941e-05
-9.669489678124998724e-06
-9.387202224999998743e-06
-9.263606096874999228e-06
-8.522029328125000440e-06
-6.903072637499999925e-06
-5.967709346874999722e-06
-6.780239448437499988e-06
-7.676692846874999654e-06
-6.975551848437499714e-06
-5.632779098437500010e-06
-5.728146481249999866e-06
-7.595821306249999416e-06
-9.434504446874999729e-06
-1.022414637656249993e-05
-1.083678644374999961e-05
-1.139602077656249998e-05
-1.093215382656250031e-05
-9.654993835937499105e-06
-8.726496996874999346e-06
-9.125514126562500093e-06
-1.092223561874999986e-05
-1.235122048281249939e-05
-1.176604622187499979e-05
-1.038741533593749956e-05
-1.028594444062499884e-05
-1.145476708437499888e-05
-1.274337116093749970e-05
-1.322707452656249857e-05
-1.350707316249999897e-05
-1.528395823906249953e-05
-1.804045707187499787e-05
-1.962660738281250041e-05
-1.954344702499999974e-05
-1.833876624531250002e-05
-1.628035665468749991e-05
-1.457823960624999873e-05
-1.456603258124999869e-05
-1.556777157031249867e-05
-1.565474662343749977e-05
-1.424330935781249986e-05
-1.295623115937499990e-05
-1.277617754062499937e-05
-1.294631295156249944e-05
-1.347655559999999888e-05
-1.461333480312499968e-05
-1.517943558749999880e-05
-1.460799422968750009e-05
-1.387633566875000006e-05
-1.362532871718749890e-05
-1.376952419999999974e-05
-1.411284677812499990e-05
-1.446227286875000008e-05
-1.495665738124999984e-05
-1.579283859375000060e-05
-1.650466073906249972e-05
-1.632689593750000047e-05
-1.520308669843749844e-05
-1.385726219218749958e-05
-1.292342477968750022e-05
-1.239394507031249952e-05
-1.186675417812500009e-05
-1.130904572343749888e-05
-1.107024579687499945e-05
-1.122283360937499989e-05
-1.154860858906249873e-05
-1.165618299687499947e-05
-1.170348521874999876e-05
-1.253356291874999950e-05
-1.362532871718749890e-05
-1.349639201562499979e-05
-1.237105689843749860e-05
-1.137542142187499865e-05
-1.092528737499999987e-05
-1.111068156718749999e-05
-1.169890758437499960e-05
-1.199187618437499876e-05
-1.140670192343749916e-05
-1.015777067812500016e-05
-8.989710973437498848e-06
-8.433528396875000180e-06
-8.393092626562499638e-06
-8.502192912499999535e-06
-8.886714199999998969e-06
-9.197993337499999882e-06
-8.953089898437498740e-06
-9.082026599999999542e-06
-1.014785247031249970e-05
-1.106719404062499944e-05
-1.101073655000000012e-05
-9.951777131249998706e-06
-7.827754781249999250e-06
-5.604550353124999503e-06
-4.833218960937499358e-06
-5.342099315624999580e-06
-5.948635870312500089e-06
-6.489559665624999559e-06
-7.408138296874999713e-06
-8.374019149999999159e-06
-8.738704021874999382e-06
-8.078761732812500410e-06
-6.474300884374999514e-06
-5.573269851562499835e-06
-6.619259306249999939e-06
-8.263392985937500105e-06
-9.145350542187499304e-06
-9.341425881250000303e-06
-9.252162010937499618e-06
-9.396357493749998770e-06
-9.859461504687499705e-06
-1.049346386562499945e-05
-1.171264048749999879e-05
-1.334838183750000020e-05
-1.410140269218749860e-05
-1.354140542031249950e-05
-1.295546822031249947e-05
-1.319274226874999974e-05
-1.322783746562499900e-05
-1.213301991093749960e-05
-1.108779339531249907e-05
-1.148299582968749939e-05
-1.225432722187499953e-05
-1.150664694062499903e-05
-9.401698067187500056e-06
-7.550807901562499708e-06
-6.911464967187499526e-06
-7.175441882812499454e-06
-7.421108260937499327e-06
-7.109066184374999682e-06
-6.582638231249999832e-06
-6.172177015624999475e-06
-5.379483329687500113e-06
-4.158780829687499920e-06
-3.595731801562499962e-06
-3.838346423437499827e-06
-3.694913879687499830e-06
-3.169248865624999981e-06
-3.612516460937500011e-06
-4.805753154687500124e-06
-5.020901970312499908e-06
-4.292295165624999888e-06
-4.242704126562500166e-06
-5.313107631249999495e-06
-6.496426117187500002e-06
-6.985470056249999320e-06
-7.329555573437499906e-06
-8.415980798437498858e-06
-9.659571470312499966e-06
-9.820551612500000015e-06
-8.501429973437499109e-06
-6.213375724999999596e-06
-3.803251226562499724e-06
-1.680754754687499849e-06
-2.563475250000000110e-07
-1.953123999999999907e-07
-1.262664148437499893e-06
-2.229307940624999765e-06
-2.456663781250000008e-06
-2.410124498437499872e-06
-2.525328296874999786e-06
-2.613066289062500044e-06
-2.077483067187499743e-06
-1.152800923437499994e-06
-1.358031531249999961e-06
-2.914427218749999657e-06
-4.323575667187499556e-06
-5.371853939062500091e-06
-6.273647910937499349e-06
-6.158444112499999434e-06
-5.377957451562500109e-06
-5.247494871875000150e-06
-5.996701031249999807e-06
-6.414028698437499761e-06
-5.198666771875000006e-06
-3.291319115624999916e-06
-3.001402271874999912e-06
-4.752347420312499967e-06
-6.605526403124999899e-06
-6.951900737500000068e-06
-5.935665906249999628e-06
-4.721066918749999452e-06
-4.193876026562500023e-06
-4.039762335937499571e-06
-4.179380184374999557e-06
-5.417630282812499378e-06
-7.218929409375000005e-06
-7.750697935937500294e-06
-6.794735290624999607e-06
-6.103512500000000120e-06
-6.902309698437499499e-06
-8.647151334374999113e-06
-9.842676845312498809e-06
-9.619898639062499849e-06
-8.691401800000000090e-06
-8.341975709374999912e-06
-8.828730831249998799e-06
-9.671778495312500002e-06
-1.017531827656249979e-05
-9.519953621874999980e-06
-7.933803310937499138e-06
-6.738277799999999442e-06
-6.633755148437499558e-06
-7.132717295312499328e-06
-7.350154928124999543e-06
-7.281490412499999341e-06
-7.702632774999998883e-06
-8.308406390624999813e-06
-8.359523307812499540e-06
-8.451838934375000234e-06
-9.417719787499998833e-06
-1.078643246562500031e-05
-1.178130500312499984e-05
-1.225356428281249911e-05
-1.177291267343750024e-05
-9.519953621874999980e-06
-5.526730568750000122e-06
-1.899718265624999856e-06
-1.353453896874999948e-06
-3.513334382812499720e-06
-5.291745337499999433e-06
-4.868314157812499461e-06
-3.328703129687500026e-06
-2.595518690624999992e-06
-2.433012670312499939e-06
-1.638030167187499936e-06
-5.523678812499999266e-07
4.852292437499999414e-07
1.715087012499999950e-06
2.828215104687499828e-06
3.584287715624999928e-06
4.140470292187499866e-06
4.262540542187499377e-06
3.355405996874999680e-06
2.561186432812499891e-06
3.519437895312499738e-06
4.509732798437500103e-06
3.494260906249999664e-06
1.731871671874999999e-06
3.700254453124999739e-07
-5.035397812499999951e-07
-1.045226515624999890e-07
8.598323234374999817e-07
7.263179875000000135e-07
2.540587078125000043e-07
8.575435062499999750e-07
2.133177618749999906e-06
3.518674956249999736e-06
4.843137168749999810e-06
4.813382545312500147e-06
2.725218331249999949e-06
7.888789906249999853e-07
9.994501718749999678e-07
2.014159124999999980e-06
2.014159124999999980e-06
1.462554182812499844e-06
1.219939560937499979e-06
9.429926812499999080e-07
2.922056609375000103e-07
-5.607602109374999512e-07
-1.600646153124999826e-06
-2.906797828125000058e-06
-3.865812229687499907e-06
-3.715513234374999890e-06
-3.192899976562500051e-06
-3.177641195312500006e-06
-2.960966501562499794e-06
-1.807402639062500009e-06
-1.525878124999999977e-07
7.797237218749999584e-07
3.845212874999999635e-07
-2.700804281249999983e-07
-9.841913906249999760e-08
2.494810734374999908e-07
-2.273558406249999789e-07
-9.635920359374998626e-07
-1.316069882812499838e-06
-1.751708087499999846e-06
-2.082823640624999758e-06
-1.918028803124999698e-06
-2.069090737499999718e-06
-2.547453529687499851e-06
-2.837370373437499855e-06
-3.568265995312499881e-06
-4.577634374999999878e-06
-5.042264264062499971e-06
-4.738614517187499927e-06
-3.722379685937499910e-06
-2.870176753124999951e-06
-2.635191521874999685e-06
-2.142332887499999933e-06
-1.303862857812500014e-06
-1.243590671874999837e-06
-2.174376328125000027e-06
-3.017423992187499959e-06
-3.120420765624999838e-06
-2.689360195312499844e-06
-2.287291309374999935e-06
-1.972197476562499857e-06
-1.159667375000000014e-06
-2.983091734374999753e-07
-7.019039374999999418e-07
-2.172850450000000022e-06
-2.802275176562499752e-06
-1.289367015624999971e-06
1.012420135937500006e-06
1.789855040624999958e-06
1.374053251562500008e-06
1.182555546874999870e-06
7.873531124999999808e-07
-2.159117546874999982e-07
-6.828304609374999917e-07
1.525878124999999845e-08
7.843013562499999718e-07
1.548766296875000044e-07
-1.589202067187500004e-06
