-3.618124063046874837e-05
-3.633115815624999987e-05
-3.824918695937499618e-05
-4.019735185546874660e-05
-4.060018368046874778e-05
-3.976667275468750106e-05
-3.861387183124999979e-05
-3.602407518359374537e-05
-3.228452936874999816e-05
-3.315847606484374543e-05
-4.139325883593750075e-05
-4.852521319218749626e-05
-4.758031316328124497e-05
-4.247167320078124692e-05
-3.859937598906249678e-05
-3.673551585937499852e-05
-3.665159256249999573e-05
-3.781583757187499830e-05
-3.781583757187499830e-05
-3.636320159687500081e-05
-3.592260428828125142e-05
-3.696630492578125110e-05
-3.816526366250000017e-05
-3.854215555937499704e-05
-3.816602660156249890e-05
-3.832052176171874957e-05
-3.916890999921874867e-05
-3.983762608749999830e-05
-4.094884683203125093e-05
-4.220235571171874740e-05
-4.137418535937499857e-05
-3.927228824218749622e-05
-3.897970111171875150e-05
-4.091489604374999638e-05
-4.253537861249999944e-05
-4.145505689999999966e-05
-3.947065239843749849e-05
-3.934553039218749643e-05
-3.974225870468750099e-05
-3.962972519296874833e-05
-4.072645009531249794e-05
-4.265821180156249853e-05
-4.311368642187500029e-05
-4.280469610156249896e-05
-4.336736366015624870e-05
-4.293058104687499975e-05
-4.060857601015624739e-05
-3.912160777734374599e-05
-3.940618404765624725e-05
-4.097516822968749783e-05
-4.335668251328124613e-05
-4.429051992578124548e-05
-4.485166160624999776e-05
-4.856793777968749977e-05
-5.309216642031250034e-05
-5.366246336953124418e-05
-4.974706010078124794e-05
-4.359319362265624598e-05
-3.965642806015625137e-05
-4.187467338437500004e-05
-4.721219506562499707e-05
-4.984814952656249930e-05
-4.892499326093749574e-05
-4.715878933124999776e-05
-4.639852055546874447e-05
-4.666211600156249672e-05
-4.775044857421874674e-05
-4.882962587812499842e-05
-4.912907946015624528e-05
-4.940411899218749884e-05
-4.932248451249999902e-05
-4.762952273281249448e-05
-4.521710941718750011e-05
-4.425962089374999942e-05
-4.565274762187500096e-05
-4.941098544375000098e-05
-5.317341943046875079e-05
-5.201947409843749466e-05
-4.758298344999999731e-05
-4.663541313437500046e-05
-4.890820860156249654e-05
-4.944875092734374918e-05
-4.778478083203125065e-05
-4.712178678671874828e-05
-4.810712258593750012e-05
-4.822995577499999921e-05
-4.723966087187499884e-05
-4.726140463515624658e-05
-4.786374502499999813e-05
-4.723012413359374437e-05
-4.598004847968749896e-05
-4.602506188437499867e-05
-4.840428735078125078e-05
-5.123364686406249997e-05
-5.034329697812499609e-05
-4.715726345312500029e-05
-4.814565100859374705e-05
-5.323483602500000034e-05
-5.641285868984374590e-05
-5.568844804999999399e-05
-5.367619627265624846e-05
-5.299832491562500049e-05
-5.431286892031249715e-05
-5.575253493124999587e-05
-5.563923848046874448e-05
-5.469891608593749913e-05
-5.454976149921874636e-05
-5.530392676249999624e-05
-5.436665612421874582e-05
-5.073392177812499724e-05
-4.643323428281249775e-05
-4.225919467187499778e-05
-3.930013551796874736e-05
-3.959768175234374738e-05
-4.134862690078125040e-05
-4.109800141874999692e-05
-4.023549880859375095e-05
-4.119375027109375037e-05
-4.184949639531250124e-05
-4.171216736406249914e-05
-4.321973495156250018e-05
-4.390332835156249541e-05
-4.109876435781249565e-05
-3.837316455703125014e-05
-3.808172183515624675e-05
-3.836362781874999567e-05
-3.965261336484375093e-05
-4.305989921796874484e-05
-4.522168705156249927e-05
-4.522397586874999547e-05
-4.756925054687499981e-05
-5.232426825390624618e-05
-5.490490963281249550e-05
-5.472676336171875027e-05
-5.393521408437499477e-05
-5.214459610468749672e-05
-4.788358144062499904e-05
-4.228513459999999532e-05
-3.884694971484374857e-05
-3.949888114374999900e-05
-4.219777807734374824e-05
-4.352338469843749683e-05
-4.219320044296874907e-05
-4.003942346953124487e-05
-3.998716214375000043e-05
-4.108121675937499771e-05
-4.022176590546874667e-05
-3.787382094062499677e-05
-3.595579213750000046e-05
-3.521421536874999998e-05
-3.626401951874999629e-05
-3.903196243749999594e-05
-4.097898292499999826e-05
-3.902280716874999760e-05
-3.387296849687500028e-05
-2.908667028828124831e-05
-2.712858718437499743e-05
-2.768324388281250033e-05
-2.824591144140625008e-05
-2.822035298281249852e-05
-2.920530731249999760e-05
-3.003462207343749791e-05
-2.870291193984374930e-05
-2.510489132109374721e-05
-2.125395640312499883e-05
-2.125090464687500052e-05
-2.430800147031249721e-05
-2.486227669921874735e-05
-2.251929083828124937e-05
-2.142905091796874913e-05
-2.277907158906249780e-05
-2.443884551953124992e-05
-2.515257501249999926e-05
-2.545202859453124950e-05
-2.625883665312499996e-05
-2.795332431093749858e-05
-2.979124451249999932e-05
-3.104780514843750089e-05
-3.105047543515624645e-05
-3.114660575703124927e-05
-3.360555835546874759e-05
-3.606260360624999908e-05
-3.667676955156250131e-05
-3.705251703984375008e-05
-3.619764382031249821e-05
-3.375013530781250119e-05
-3.423803483828124648e-05
-3.874891204531249892e-05
-4.186704399374999917e-05
-4.142301345937499872e-05
-4.024694289453124548e-05
-3.866880344374999656e-05
-3.507726780703124725e-05
-3.182524005312499597e-05
-3.298986653203124790e-05
-3.702581417265624704e-05
-3.858106545156250012e-05
-3.725660323906249962e-05
-3.624265722499999792e-05
-3.675649668359374752e-05
-3.850553448437499693e-05
-3.925779239999999999e-05
-3.687131901249999637e-05
-3.339307982656249845e-05
-3.183782854765624537e-05
-3.170965478515624838e-05
-3.107946711953124569e-05
-3.057363852109374632e-05
-3.234709037187499580e-05
-3.576315002421874545e-05
-3.719251635781249774e-05
-3.497579691171874653e-05
-3.166120815468749760e-05
-2.994612114218749935e-05
-3.003691089062499750e-05
-3.030508397109374892e-05
-2.933844017890624989e-05
-2.883985950156249864e-05
-3.101309142109374761e-05
-3.420789874531249915e-05
-3.549841016953124510e-05
-3.513334382812499890e-05
-3.468969476328124781e-05
-3.390958957187500039e-05
-3.305738663906250085e-05
-3.343084531015624665e-05
-3.449438236328124723e-05
-3.462675229062500080e-05
-3.371999921484374708e-05
-3.310774061718749846e-05
-3.409422082499999839e-05
-3.678014779453124886e-05
-3.946454888593749509e-05
-4.036481697968749604e-05
-3.959730028281249802e-05
-3.937299619843749821e-05
-4.099920081015624853e-05
-4.248731345156249803e-05
-4.307058036484374741e-05
-4.448392497812499923e-05
-4.506108837890624520e-05
-4.204023116093749587e-05
-3.800352058124999800e-05
-3.656995808281249591e-05
-3.717382435078124493e-05
-3.772733664062499634e-05
-3.760641079921875086e-05
-3.755109771718749794e-05
-3.870313570156250048e-05
-4.094350625859374625e-05
-4.270475108437499570e-05
-4.273069101250000001e-05
-4.132116109453124863e-05
-4.094808389296874542e-05
-4.227750520937500122e-05
-4.181134944218749689e-05
-3.829191154687499969e-05
-3.505666845234374761e-05
-3.523595913203124772e-05
-3.803174932656249851e-05
-4.121969019921874791e-05
-4.530980651328124509e-05
-4.729878864921874542e-05
-4.132612019843749716e-05
-3.251798872187499631e-05
-3.134268109609374858e-05
-3.673551585937499852e-05
-4.085347944921874683e-05
-4.170224915624999530e-05
-4.188993216562499500e-05
-4.220769628515624530e-05
-4.190595388593749547e-05
-4.191282033749999761e-05
-4.292295165624999888e-05
-4.289014527656249921e-05
-4.095533181406249692e-05
-3.896329792187499489e-05
-3.696439757812499749e-05
-3.455198426249999634e-05
-3.441274788359374742e-05
-3.721044542578124504e-05
-3.878934781562499946e-05
-3.704450617968749985e-05
-3.490560651796874802e-05
-3.469579827578125121e-05
-3.569601138671874864e-05
-3.741033546015625155e-05
-3.911397838671874512e-05
-3.907125379921874838e-05
-3.751485811171874720e-05
-3.594015188671874936e-05
-3.464315548046875064e-05
-3.253477338124999551e-05
-3.044584622812499870e-05
-3.304441667499999531e-05
-4.011686178437499488e-05
-4.363591821015624949e-05
-4.076688586562499849e-05
-3.645856897968749813e-05
-3.290251000937500082e-05
-2.994383232499999976e-05
-2.964094551718749845e-05
-3.144300758281250120e-05
-3.223455686015624992e-05
-3.335569581249999961e-05
-3.594358511250000043e-05
-3.648069421249999523e-05
-3.479002125000000043e-05
-3.387106114921874668e-05
-3.368147079218750014e-05
-3.237837087343749801e-05
-3.004454028124999837e-05
-2.831343154843749964e-05
-2.735632449453124831e-05
-2.756079216328124722e-05
-3.061560016953125110e-05
-3.590238640312500115e-05
-4.049184633359374493e-05
-4.120519435703124490e-05
-3.631361055781249516e-05
-2.900389139999999701e-05
-2.515638970781249969e-05
-2.746466184140624778e-05
-3.445623541015624966e-05
-4.200208420781249830e-05
-4.615056536015625009e-05
-4.536740841250000097e-05
-4.195478198593749562e-05
-4.165838016015625047e-05
-4.586446321171874460e-05
-4.910962451406250052e-05
-4.846570394531250032e-05
-4.654920102031249470e-05
-4.575688880390624724e-05
-4.612119220624999471e-05
-4.773328244531249817e-05
-5.016324335937499726e-05
-5.125500915781249834e-05
-5.025059988203124434e-05
-4.855534928515625037e-05
-4.758412785859374541e-05
-4.754483649687499974e-05
-4.822614107968749877e-05
-4.958073938515624661e-05
-5.009839353906249664e-05
-4.866979014453124986e-05
-4.743649914999999688e-05
-4.859464064687499604e-05
-5.063245088281249651e-05
-5.113446478593749545e-05
-5.012433346718750095e-05
-4.857861892656249557e-05
-4.795606065156250052e-05
-4.940793368749999927e-05
-5.098340285156249585e-05
-5.082776328281249709e-05
-5.030896472031249895e-05
-4.989316293124999900e-05
-4.827077301484374911e-05
-4.657628535703124711e-05
-4.767568054609374906e-05
-5.063855439531249992e-05
-5.108334786874999911e-05
-4.883344057343749886e-05
-4.843327903515625001e-05
-5.001752199843749556e-05
-4.996068303828124518e-05
-4.887692809999999433e-05
-4.928510049843750018e-05
-4.986607859453124660e-05
-4.735677201796875067e-05
-4.389035838749999664e-05
-4.471089934921874460e-05
-4.800336287343749642e-05
-4.898679132499999465e-05
-4.832799344453124886e-05
-4.792096545468749788e-05
-4.749867868359374516e-05
-4.738080459843749460e-05
-4.728314839843750109e-05
-4.626920238437499938e-05
-4.537007869921874653e-05
-4.574773353515624891e-05
-4.708859893749999925e-05
-4.914281236328124956e-05
-5.110165840624999577e-05
-5.006100952499999780e-05
-4.537465633359374570e-05
-4.117391385546874947e-05
-4.096257973515624842e-05
-4.436681383203124740e-05
-4.817159093671874459e-05
-4.882619265234374736e-05
-4.665982718437500053e-05
-4.575383704765624554e-05
-4.742886975937499601e-05
-4.944875092734374918e-05
-5.127217528671874691e-05
-5.175091954843750064e-05
-4.862058057500000035e-05
-4.419973017734374733e-05
-4.278333380781250059e-05
-4.522321292968749674e-05
-4.934422827578124676e-05
-5.206639485078124797e-05
-5.241315065468749750e-05
-5.172154639453124526e-05
-5.049741066874999739e-05
-4.970013934843749463e-05
-4.998128239296874482e-05
-4.902646415624999646e-05
-4.702603793437499483e-05
-4.770696104765624450e-05
-5.091397539687499607e-05
-5.341374523515624430e-05
-5.449482988671874959e-05
-5.540577912734374633e-05
-5.823552011015624489e-05
-6.273876792656250324e-05
-6.329800225937499514e-05
-5.671460108906249573e-05
-4.752309273359374523e-05
-4.132116109453124863e-05
-4.021299210624999771e-05
-4.299161617187499993e-05
-4.583394564921874789e-05
-4.630811227656249569e-05
-4.475209805859375065e-05
-4.161184087734374652e-05
-3.821676204921874587e-05
-3.653295553828124644e-05
-3.618276650859374584e-05
-3.616788919687500024e-05
-3.693693177187499572e-05
-3.814504577734374990e-05
-3.859594276328124572e-05
-3.854520731562499874e-05
-3.907163526874999775e-05
-3.996923307578124636e-05
-3.958127856249999755e-05
-3.723333359765624765e-05
-3.536832905937500128e-05
-3.720014574843749861e-05
-4.187429191484375068e-05
-4.426686881484375092e-05
-4.179914241718749686e-05
-3.799131355624999797e-05
-3.677480722109375096e-05
-3.726194381249999752e-05
-3.686445256093750101e-05
-3.618467385624999944e-05
-3.682096503437499877e-05
-3.816068602812500100e-05
-3.859098365937499718e-05
-3.759305936562499595e-05
-3.688962954999999982e-05
-3.836400928828124504e-05
-4.102056310390624690e-05
-4.250028341562499680e-05
-4.251287191015624620e-05
-4.203260177031249500e-05
-4.238889431249999901e-05
-4.363248498437499842e-05
-4.135015277890624787e-05
-3.460195677109375136e-05
-3.071096755234374842e-05
-3.336370667265624985e-05
-3.798063240937499539e-05
-4.092901041640625002e-05
-4.245870323671874816e-05
-4.180906062500000070e-05
-3.870542451874999667e-05
-3.615568217187500020e-05
-3.539274310937500135e-05
-3.466528071328124774e-05
-3.489339949296874798e-05
-3.768308617499999537e-05
-3.968122357968750081e-05
-3.825223871562499788e-05
-3.607862532656249955e-05
-3.475530752265624715e-05
-3.256872416953125005e-05
-2.870138606171874845e-05
-2.537230146249999990e-05
-2.581022848437500034e-05
-2.939184591328124920e-05
-3.231771721796874720e-05
-3.338773925312500055e-05
-3.393705537812499539e-05
-3.376005351562499826e-05
-3.185003557265624540e-05
-3.039663665859374919e-05
-3.196180614531249933e-05
-3.512876619374999973e-05
-3.739164345312499875e-05
-3.786962477578124697e-05
-3.747137058515624496e-05
-3.778799029609374716e-05
-3.902624039453124867e-05
-4.015424579843750050e-05
-4.017713397031249633e-05
-3.859212806796874528e-05
-3.664663345859374720e-05
-3.540914629921875119e-05
-3.352049064999999671e-05
-3.094328249687499846e-05
-2.877043204687499886e-05
-2.733305485312499973e-05
-2.820738301874999975e-05
-3.096578919921875170e-05
-3.188436783046874932e-05
-3.062857013359374987e-05
-3.011511214453124963e-05
-3.068731644140624708e-05
-3.121794055937499588e-05
-3.106230099062499712e-05
-2.967070014062499981e-05
-2.841566538281249909e-05
-2.917936738437500006e-05
-3.123396227968749635e-05
-3.235510123203124604e-05
-3.180540363750000184e-05
-3.073004102890625059e-05
-2.904203835312499797e-05
-2.671354833437499960e-05
-2.598303418203124767e-05
-2.736280947656249770e-05
-2.966535956718749852e-05
-3.261945961718749703e-05
-3.488538863281249775e-05
-3.445051336718749562e-05
-3.325041022187499845e-05
-3.478048451171874596e-05
-3.715818410000000060e-05
-3.721044542578124504e-05
-3.580701902031249706e-05
-3.501699562109374580e-05
-3.596380299765625070e-05
-3.693006532031250036e-05
-3.541868303749999889e-05
-3.340376097343750102e-05
-3.423231279531249922e-05
-3.727796553281249799e-05
-3.921888250781249691e-05
-3.876722258281249558e-05
-3.721006395624999567e-05
-3.589361260390624541e-05
-3.592107841015624719e-05
-3.647764245625000030e-05
-3.566206059843750087e-05
-3.320997445156249791e-05
-2.993543999531250016e-05
-2.876661735156249843e-05
-3.157347016250000116e-05
-3.375700175937499655e-05
-3.158529571796875183e-05
-2.872541864218749915e-05
-2.894133039687499936e-05
-3.134573285234375028e-05
-3.292768699843749963e-05
-3.134039227890624560e-05
-2.802732939999999753e-05
-2.650526597031250026e-05
-2.704733417421875037e-05
-2.764090076484374957e-05
-2.819937215859374952e-05
-2.974241641249999917e-05
-3.181761066250000187e-05
-3.348692133124999830e-05
-3.418348469531249907e-05
-3.399236846015624830e-05
-3.377683817499999746e-05
-3.329122746171874836e-05
-3.175009055546874892e-05
-3.027685522578124841e-05
-3.070600844843749988e-05
-3.247526413437499957e-05
-3.321188179921875152e-05
-3.246725327421874933e-05
-3.157537751015624799e-05
-3.111265496875000150e-05
-3.106077511249999965e-05
-3.134039227890624560e-05
-3.205488471093750045e-05
-3.234098685937499917e-05
-3.110845880390625170e-05
-3.020437601484374693e-05
-3.100813231718749908e-05
-3.182295123593749977e-05
-3.249586348906249921e-05
-3.427274856562499976e-05
-3.550222486484374553e-05
-3.419683612890624721e-05
-3.186910904921874758e-05
-2.984503171640624799e-05
-2.782515054843749821e-05
-2.780989176718749986e-05
-3.103559812343750085e-05
-3.358076283593749815e-05
-3.241308460078125129e-05
-2.953031935312499940e-05
-2.719229259609374995e-05
-2.689055019687500012e-05
-2.994383232499999976e-05
-3.511198153437500053e-05
-3.876378935703125129e-05
-3.695371643124999492e-05
-3.047598232109374942e-05
-2.542265544062499751e-05
-2.463530232812499859e-05
-2.553938511718749997e-05
-2.615507694062499966e-05
-2.706144854687499724e-05
-2.857435670781249956e-05
-2.953489698749999856e-05
-2.878263907187499890e-05
-2.664679116640624877e-05
-2.554777744687499957e-05
-2.745207334687499838e-05
-3.084562629687499818e-05
-3.346861079375000164e-05
-3.531950095937500114e-05
-3.664281876328124676e-05
-3.724363327500000085e-05
-3.756750090703124778e-05
-3.756330474218749798e-05
-3.689497012343749771e-05
-3.646467249218750153e-05
-3.720014574843749861e-05
-3.862798620390624666e-05
-3.983686314843749957e-05
-3.997953275312499956e-05
-3.928449526718749625e-05
-3.955686451249999748e-05
-4.028776013437499539e-05
-3.922498602031250031e-05
-3.715818410000000060e-05
-3.592069694062499782e-05
-3.551939099375000088e-05
-3.467977655546875074e-05
-3.216474793593750078e-05
-2.940672322499999819e-05
-2.912863193671874970e-05
-3.043516508124999951e-05
-2.992628472656249844e-05
-2.776564130156249888e-05
-2.778929241250000022e-05
-3.090513554375000089e-05
-3.417432942656250074e-05
-3.586729120624999851e-05
-3.550718396875000084e-05
-3.377378641874999576e-05
-3.355596731640624872e-05
-3.558805550937499515e-05
-3.738248818437500041e-05
-3.751600252031249530e-05
-3.636930510937499744e-05
-3.430708082343749690e-05
-3.173712059140625016e-05
-2.950819412031249891e-05
-2.856672731718749869e-05
-2.990110773749999964e-05
-3.223112363437499885e-05
-3.242185840000000026e-05
-3.129537887421874590e-05
-3.225591915390624829e-05
-3.530462364765624876e-05
-3.825147577656249915e-05
-3.965604659062499523e-05
-3.889463340625000062e-05
-3.765180567343749993e-05
-3.824842402031249745e-05
-3.937375913749999694e-05
-3.917234322499999974e-05
-3.915784738281249673e-05
-4.058378049062499795e-05
-4.187772514062499497e-05
-4.247319907890625116e-05
-4.327275921640625012e-05
-4.322278670781249510e-05
-4.112546722499999869e-05
-3.872983856874999674e-05
-3.790319409453124538e-05
-3.668706922890624774e-05
-3.305357194375000042e-05
-3.003614795156249877e-05
-3.154066378281250149e-05
-3.642080349609374992e-05
-4.031217418437499546e-05
-4.022939529609374754e-05
-3.686368962187499550e-05
-3.456419128749999638e-05
-3.687131901249999637e-05
-4.123571191953124838e-05
-4.124143396249999564e-05
-3.481596117812499797e-05
-2.681768951640624927e-05
-2.290800829062500030e-05
-2.401999197421874827e-05
-2.622412292578125007e-05
-2.625502195781249953e-05
-2.557676913124999881e-05
-2.643698292421874858e-05
-2.844007943281249916e-05
-2.914274630937499996e-05
-2.708586259687499731e-05
-2.505186705624999727e-05
-2.659605571874999841e-05
-3.074568127968750169e-05
-3.415296713281249560e-05
-3.655279195390624734e-05
-3.974531046093749591e-05
-4.256017413203124888e-05
-4.275777534921874564e-05
-4.150350353046875044e-05
-4.075887500546874825e-05
-4.158551947968749962e-05
-4.595181973437499845e-05
-5.333783279843749852e-05
-5.906521634062499796e-05
-5.987393174687499525e-05
-5.716511660546874895e-05
-5.493313837812499600e-05
-5.492627192656250064e-05
-5.516583479218749542e-05
-5.567013751249999732e-05
-5.901295501484374675e-05
-6.339489552031249669e-05
-6.420208504843749652e-05
-6.193539309374999707e-05
-6.089321833437499486e-05
-6.155697531875000273e-05
-6.125790320624999847e-05
-6.006390357343749793e-05
-6.003987099296874722e-05
-6.169697463671874361e-05
-6.279369953906249323e-05
-6.079899536015624564e-05
-5.731121943593750002e-05
-5.594174381874999981e-05
-5.653340306171874879e-05
-5.647465675390624481e-05
-5.530468970156249498e-05
-5.415722935156249839e-05
-5.371930232968749456e-05
-5.430371365156249882e-05
-5.504796070703124486e-05
-5.429684719999999668e-05
-5.303532746015624996e-05
-5.388486010624999716e-05
-5.679394675156249935e-05
-5.856816154140624756e-05
-5.715825015390624682e-05
-5.524556192421874840e-05
-5.555340783593749486e-05
-5.666691739765625046e-05
-5.619275077031249589e-05
-5.490529110234374486e-05
-5.616108879921874431e-05
-5.864140369140624778e-05
-5.686146685859374552e-05
-5.189931119609374790e-05
-4.953992214531249670e-05
-5.047299661874999732e-05
-5.146863209531249558e-05
-5.129925962343749932e-05
-5.157544356406249420e-05
-5.295788914531249995e-05
-5.352017523437500033e-05
-5.301816133124999462e-05
-5.378377068046874581e-05
-5.576703077343749887e-05
-5.633007980156249799e-05
-5.461079662421874654e-05
-5.371930232968749456e-05
-5.704609811171875030e-05
-6.200939818281249601e-05
-6.255795136874999212e-05
-5.937458813046874866e-05
-5.851132258124999719e-05
-6.011959812500000021e-05
-6.049992324765624815e-05
-5.922314472656249970e-05
-5.777089022109374480e-05
-5.763165384218749587e-05
-5.851132258124999719e-05
-5.845944272499999534e-05
-5.673825219999999707e-05
-5.524785074140624460e-05
-5.554577844531249399e-05
-5.489346554687499419e-05
-5.205647664296875090e-05
-5.037686629687499449e-05
-5.090787188437499944e-05
-5.184209076640624816e-05
-5.211484148124999875e-05
-5.149342761484374502e-05
-5.055844579374999757e-05
-4.988782235781249433e-05
-4.922597272109374684e-05
-4.898145075156249675e-05
-5.021893791093749954e-05
-5.223309703593749867e-05
-5.244824585156250015e-05
-5.059010776484374914e-05
-4.938275669843750047e-05
-4.965588888281250043e-05
-5.035474106406249739e-05
-5.214688492187499969e-05
-5.490986873671874403e-05
-5.563122762031249424e-05
-5.364071960624999645e-05
-5.182187288124999789e-05
-5.128857847656249675e-05
-5.112340216953125028e-05
-5.052525794453124853e-05
-4.931332924375000069e-05
-4.928548196796874955e-05
-5.190503323906249517e-05
-5.575520521796874820e-05
-5.835072390859374989e-05
-5.730931208828124641e-05
-5.230176155156249972e-05
-4.623830335234374654e-05
-4.138715532343749734e-05
-3.883016505546874937e-05
-4.032361827031249676e-05
-4.514119698046874756e-05
-4.859464064687499604e-05
-4.795110154765624521e-05
-4.626767650624999514e-05
-4.610021138203124571e-05
-4.640347965937499978e-05
-4.688031657343749991e-05
-4.828908355234374578e-05
-5.024831106484374814e-05
-5.109021432031249447e-05
-4.964749655312500082e-05
-4.755704352187499977e-05
-4.750440072656249920e-05
-4.947240203828125052e-05
-5.188481535390624490e-05
-5.395047286562499651e-05
-5.463025157031249808e-05
-5.309064054218749610e-05
-5.004041017031249817e-05
-4.786374502499999813e-05
-4.988019296718750024e-05
-5.486104063671875066e-05
-5.692288345312499507e-05
-5.521657023984374917e-05
-5.390278917421874446e-05
-5.427891813203124938e-05
-5.515515364531249962e-05
-5.560490622265624734e-05
-5.520016704999999933e-05
-5.495793389765624544e-05
-5.611035335156249734e-05
-5.768315222890624836e-05
-5.839840759999999516e-05
-5.866162157656249805e-05
-5.841061462499999520e-05
-5.796620262109374537e-05
-5.889508092968749619e-05
-5.968777461562499979e-05
-5.716626101406249705e-05
-5.291287574062500024e-05
-5.152127489062499616e-05
-5.363919372812499898e-05
-5.646092385078124731e-05
-5.856243949843750030e-05
-5.883328286562499728e-05
-5.670048671640624886e-05
-5.469739020781249489e-05
-5.427205168046874724e-05
-5.426594816796875061e-05
-5.487935117421874733e-05
-5.641247722031249653e-05
-5.773083592031250040e-05
-5.788876430624999536e-05
-5.614048944453124468e-05
-5.457455701874999580e-05
-5.606915464218749807e-05
-5.755955610078125053e-05
-5.521733317890624790e-05
-5.147397266875000025e-05
-5.083386679531250049e-05
-5.337674269062499483e-05
-5.560605063124999544e-05
-5.663296660937499591e-05
-5.902745085703124976e-05
-6.301952950156249728e-05
-6.570736381875000136e-05
-6.598469216796874434e-05
-6.512981894843749924e-05
-6.427151250312500307e-05
-6.365429480156249915e-05
-6.238094950625000176e-05
-5.973355095937499823e-05
-5.738751334218749516e-05
-5.749928391484374909e-05
-6.014401217500000028e-05
-6.339298817265624309e-05
-6.474072002656249556e-05
-6.362530311718749313e-05
-6.176182445703124423e-05
-5.998837260624999474e-05
-5.790478602656249583e-05
-5.677716209218750014e-05
-5.703007639140624983e-05
-5.674206689531249750e-05
-5.572430618593749536e-05
-5.581089976953125049e-05
-5.763356118984374948e-05
-5.892254673593749797e-05
-5.765492348359374785e-05
-5.587498665078124559e-05
-5.603253356718749796e-05
-5.694195692968749724e-05
-5.713650639062499908e-05
-5.724217345078124960e-05
-5.706784187499999803e-05
-5.558468833749999707e-05
-5.325543537968749998e-05
-5.119855166718749733e-05
-5.038182540078124980e-05
-5.191571438593749774e-05
-5.558774009374999877e-05
-5.849263057421874438e-05
-5.766751197812499725e-05
-5.388714892343750013e-05
-5.020901970312499570e-05
-4.794537950468749795e-05
-4.774434506171875011e-05
-5.002438844999999770e-05
-5.201108176874999505e-05
-5.159795026640624744e-05
-5.075604701093749434e-05
-4.965932210859374472e-05
-4.579846898281249588e-05
-4.092710306874999641e-05
-4.031293712343750097e-05
-4.582288303281249596e-05
-5.401646709453124522e-05
-5.939900218046874873e-05
-5.854145867421874452e-05
-5.181195467343750082e-05
-4.264943800234374956e-05
-3.533475974062499610e-05
-3.154485994765625129e-05
-2.984159849062499692e-05
-2.821806416562499894e-05
-2.657087872968749961e-05
-2.710493607343749948e-05
-3.074224805390625062e-05
-3.548353285781249950e-05
-3.883970179374999707e-05
-3.938405881484375015e-05
-3.713415151953124990e-05
-3.350027276484374644e-05
-3.033293124687500006e-05
-2.863462889374999762e-05
-2.824095233749999816e-05
-2.940252706015624839e-05
-3.216627381406249824e-05
-3.478468067656249576e-05
-3.635480926718750121e-05
-3.750112520859374970e-05
-3.860738684921874702e-05
-3.930585756093750140e-05
-3.815687133281250057e-05
-3.495863078281249796e-05
-3.288191065468750119e-05
-3.440588143203124528e-05
-3.730161664374999933e-05
-3.870046541484374814e-05
-3.871152803125000008e-05
-3.820798824999999691e-05
-3.720968248671874631e-05
-3.496587870390624946e-05
-3.189848220312499618e-05
-3.062284809062499583e-05
-3.199232370781249603e-05
-3.365133469921874603e-05
-3.367117111484374694e-05
-3.261488198281249786e-05
-3.355405996874999511e-05
-3.722684861562499488e-05
-3.905561354843749728e-05
-3.748090732343749943e-05
-3.597639149218750010e-05
-3.555448619062499674e-05
-3.557355966718749892e-05
-3.690832155703124585e-05
-3.927572146796874729e-05
-4.061124629687499972e-05
-4.002988673124999717e-05
-3.839109362499999744e-05
-3.638456389062499918e-05
-3.479002125000000043e-05
