-3.618124063046874837e-05
-3.633115815624999987e-05
-3.824918695937499618e-05
-4.019735185546874660e-05
-4.060018368046874778e-05
-3.976667275468750106e-05
-3.861387183124999979e-05
-3.602407518359374537e-05
-3.228452936874999816e-05
-3.315847606484374543e-05
-4.139325883593750075e-05
-4.852521319218749626e-05
-4.758031316328124497e-05
-4.247167320078124692e-05
-3.859937598906249678e-05
-3.673551585937499852e-05
-3.665159256249999573e-05
-3.781583757187499830e-05
-3.781583757187499830e-05
-3.636320159687500081e-05
-3.592260428828125142e-05
-3.696630492578125110e-05
-3.816526366250000017e-05
-3.854215555937499704e-05
-3.816602660156249890e-05
-3.832052176171874957e-05
-3.916890999921874867e-05
-3.983762608749999830e-05
-4.094884683203125093e-05
-4.220235571171874740e-05
-4.137418535937499857e-05
-3.927228824218749622e-05
-3.897970111171875150e-05
-4.091489604374999638e-05
-4.253537861249999944e-05
-4.145505689999999966e-05
-3.947065239843749849e-05
-3.934553039218749643e-05
-3.974225870468750099e-05
-3.962972519296874833e-05
-4.072645009531249794e-05
-4.265821180156249853e-05
-4.311368642187500029e-05
-4.280469610156249896e-05
-4.336736366015624870e-05
-4.293058104687499975e-05
-4.060857601015624739e-05
-3.912160777734374599e-05
-3.940618404765624725e-05
-4.097516822968749783e-05
-4.335668251328124613e-05
-4.429051992578124548e-05
-4.485166160624999776e-05
-4.856793777968749977e-05
-5.309216642031250034e-05
-5.366246336953124418e-05
-4.974706010078124794e-05
-4.359319362265624598e-05
-3.965642806015625137e-05
-4.187467338437500004e-05
-4.721219506562499707e-05
-4.984814952656249930e-05
-4.892499326093749574e-05
-4.715878933124999776e-05
-4.639852055546874447e-05
-4.666211600156249672e-05
-4.775044857421874674e-05
-4.882962587812499842e-05
-4.912907946015624528e-05
-4.940411899218749884e-05
-4.932248451249999902e-05
-4.762952273281249448e-05
-4.521710941718750011e-05
-4.425962089374999942e-05
-4.565274762187500096e-05
-4.941098544375000098e-05
-5.317341943046875079e-05
-5.201947409843749466e-05
-4.758298344999999731e-05
-4.663541313437500046e-05
-4.890820860156249654e-05
-4.944875092734374918e-05
-4.778478083203125065e-05
-4.712178678671874828e-05
-4.810712258593750012e-05
-4.822995577499999921e-05
-4.723966087187499884e-05
-4.726140463515624658e-05
-4.786374502499999813e-05
-4.723012413359374437e-05
-4.598004847968749896e-05
-4.602506188437499867e-05
-4.840428735078125078e-05
-5.123364686406249997e-05
-5.034329697812499609e-05
-4.715726345312500029e-05
-4.814565100859374705e-05
-5.323483602500000034e-05
-5.641285868984374590e-05
-5.568844804999999399e-05
-5.367619627265624846e-05
-5.299832491562500049e-05
-5.431286892031249715e-05
-5.575253493124999587e-05
-5.563923848046874448e-05
-5.469891608593749913e-05
-5.454976149921874636e-05
-5.530392676249999624e-05
-5.436665612421874582e-05
-5.073392177812499724e-05
-4.643323428281249775e-05
-4.225919467187499778e-05
-3.930013551796874736e-05
-3.959768175234374738e-05
-4.134862690078125040e-05
-4.109800141874999692e-05
-4.023549880859375095e-05
-4.119375027109375037e-05
-4.184949639531250124e-05
-4.171216736406249914e-05
-4.321973495156250018e-05
-4.390332835156249541e-05
-4.109876435781249565e-05
-3.837316455703125014e-05
-3.808172183515624675e-05
-3.836362781874999567e-05
-3.965261336484375093e-05
-4.305989921796874484e-05
-4.522168705156249927e-05
-4.522397586874999547e-05
-4.756925054687499981e-05
-5.232426825390624618e-05
-5.490490963281249550e-05
-5.472676336171875027e-05
-5.393521408437499477e-05
-5.214459610468749672e-05
-4.788358144062499904e-05
-4.228513459999999532e-05
-3.884694971484374857e-05
-3.949888114374999900e-05
-4.219777807734374824e-05
-4.352338469843749683e-05
-4.219320044296874907e-05
-4.003942346953124487e-05
-3.998716214375000043e-05
-4.108121675937499771e-05
-4.022176590546874667e-05
-3.787382094062499677e-05
-3.595579213750000046e-05
-3.521421536874999998e-05
-3.626401951874999629e-05
-3.903196243749999594e-05
-4.097898292499999826e-05
-3.902280716874999760e-05
-3.387296849687500028e-05
-2.908667028828124831e-05
-2.712858718437499743e-05
-2.768324388281250033e-05
-2.824591144140625008e-05
-2.822035298281249852e-05
-2.920530731249999760e-05
-3.003462207343749791e-05
-2.870291193984374930e-05
-2.510489132109374721e-05
-2.125395640312499883e-05
-2.125090464687500052e-05
-2.430800147031249721e-05
-2.486227669921874735e-05
-2.251929083828124937e-05
-2.142905091796874913e-05
-2.277907158906249780e-05
-2.443884551953124992e-05
-2.515257501249999926e-05
-2.545202859453124950e-05
-2.625883665312499996e-05
-2.795332431093749858e-05
-2.979124451249999932e-05
-3.104780514843750089e-05
-3.105047543515624645e-05
-3.114660575703124927e-05
-3.360555835546874759e-05
-3.606260360624999908e-05
-3.667676955156250131e-05
-3.705251703984375008e-05
-3.619764382031249821e-05
-3.375013530781250119e-05
-3.423803483828124648e-05
-3.874891204531249892e-05
-4.186704399374999917e-05
-4.142301345937499872e-05
-4.024694289453124548e-05
-3.866880344374999656e-05
-3.507726780703124725e-05
-3.182524005312499597e-05
-3.298986653203124790e-05
-3.702581417265624704e-05
-3.858106545156250012e-05
-3.725660323906249962e-05
-3.624265722499999792e-05
-3.675649668359374752e-05
-3.850553448437499693e-05
-3.925779239999999999e-05
-3.687131901249999637e-05
-3.339307982656249845e-05
-3.183782854765624537e-05
-3.170965478515624838e-05
-3.107946711953124569e-05
-3.057363852109374632e-05
-3.234709037187499580e-05
-3.576315002421874545e-05
-3.719251635781249774e-05
-3.497579691171874653e-05
-3.166120815468749760e-05
-2.994612114218749935e-05
-3.003691089062499750e-05
-3.030508397109374892e-05
-2.933844017890624989e-05
-2.883985950156249864e-05
-3.101309142109374761e-05
-3.420789874531249915e-05
-3.549841016953124510e-05
-3.513334382812499890e-05
-3.468969476328124781e-05
-3.390958957187500039e-05
-3.305738663906250085e-05
-3.343084531015624665e-05
-3.449438236328124723e-05
-3.462675229062500080e-05
-3.371999921484374708e-05
-3.310774061718749846e-05
-3.409422082499999839e-05
-3.678014779453124886e-05
-3.946454888593749509e-05
-4.036481697968749604e-05
-3.959730028281249802e-05
-3.937299619843749821e-05
-4.099920081015624853e-05
-4.248731345156249803e-05
-4.307058036484374741e-05
-4.448392497812499923e-05
-4.506108837890624520e-05
-4.204023116093749587e-05
-3.800352058124999800e-05
-3.656995808281249591e-05
-3.717382435078124493e-05
-3.772733664062499634e-05
-3.760641079921875086e-05
-3.755109771718749794e-05
-3.870313570156250048e-05
-4.094350625859374625e-05
-4.270475108437499570e-05
-4.273069101250000001e-05
-4.132116109453124863e-05
-4.094808389296874542e-05
-4.227750520937500122e-05
-4.181134944218749689e-05
-3.829191154687499969e-05
-3.505666845234374761e-05
-3.523595913203124772e-05
-3.803174932656249851e-05
-4.121969019921874791e-05
-4.530980651328124509e-05
-4.729878864921874542e-05
-4.132612019843749716e-05
-3.251798872187499631e-05
-3.134268109609374858e-05
-3.673551585937499852e-05
-4.085347944921874683e-05
-4.170224915624999530e-05
-4.188993216562499500e-05
-4.220769628515624530e-05
-4.190595388593749547e-05
-4.191282033749999761e-05
-4.292295165624999888e-05
-4.289014527656249921e-05
-4.095533181406249692e-05
-3.896329792187499489e-05
-3.696439757812499749e-05
-3.455198426249999634e-05
-3.441274788359374742e-05
-3.721044542578124504e-05
-3.878934781562499946e-05
-3.704450617968749985e-05
-3.490560651796874802e-05
-3.469579827578125121e-05
-3.569601138671874864e-05
-3.741033546015625155e-05
-3.911397838671874512e-05
-3.907125379921874838e-05
-3.751485811171874720e-05
-3.594015188671874936e-05
-3.464315548046875064e-05
-3.253477338124999551e-05
-3.044584622812499870e-05
-3.304441667499999531e-05
-4.011686178437499488e-05
-4.363591821015624949e-05
-4.076688586562499849e-05
-3.645856897968749813e-05
-3.290251000937500082e-05
-2.994383232499999976e-05
-2.964094551718749845e-05
-3.144300758281250120e-05
-3.223455686015624992e-05
-3.335569581249999961e-05
-3.594358511250000043e-05
-3.648069421249999523e-05
-3.479002125000000043e-05
-3.387106114921874668e-05
-3.368147079218750014e-05
-3.237837087343749801e-05
-3.004454028124999837e-05
-2.831343154843749964e-05
-2.735632449453124831e-05
-2.756079216328124722e-05
-3.061560016953125110e-05
-3.590238640312500115e-05
-4.049184633359374493e-05
-4.120519435703124490e-05
-3.631361055781249516e-05
-2.900389139999999701e-05
-2.515638970781249969e-05
-2.746466184140624778e-05
-3.445623541015624966e-05
-4.200208420781249830e-05
-4.615056536015625009e-05
-4.536740841250000097e-05
-4.195478198593749562e-05
-4.165838016015625047e-05
-4.586446321171874460e-05
-4.910962451406250052e-05
-4.846570394531250032e-05
-4.654920102031249470e-05
-4.575688880390624724e-05
-4.612119220624999471e-05
-4.773328244531249817e-05
-5.016324335937499726e-05
-5.125500915781249834e-05
-5.025059988203124434e-05
-4.855534928515625037e-05
-4.758412785859374541e-05
-4.754483649687499974e-05
-4.822614107968749877e-05
-4.958073938515624661e-05
-5.009839353906249664e-05
-4.866979014453124986e-05
-4.743649914999999688e-05
-4.859464064687499604e-05
-5.063245088281249651e-05
-5.113446478593749545e-05
-5.012433346718750095e-05
-4.857861892656249557e-05
-4.795606065156250052e-05
-4.940793368749999927e-05
-5.098340285156249585e-05
-5.082776328281249709e-05
-5.030896472031249895e-05
-4.989316293124999900e-05
-4.827077301484374911e-05
-4.657628535703124711e-05
-4.767568054609374906e-05
-5.063855439531249992e-05
-5.108334786874999911e-05
-4.883344057343749886e-05
-4.843327903515625001e-05
-5.001752199843749556e-05
-4.996068303828124518e-05
-4.887692809999999433e-05
-4.928510049843750018e-05
-4.986607859453124660e-05
-4.735677201796875067e-05
-4.389035838749999664e-05
-4.471089934921874460e-05
-4.800336287343749642e-05
-4.898679132499999465e-05
-4.832799344453124886e-05
-4.792096545468749788e-05
-4.749867868359374516e-05
-4.738080459843749460e-05
-4.728314839843750109e-05
-4.626920238437499938e-05
-4.537007869921874653e-05
-4.574773353515624891e-05
-4.708859893749999925e-05
-4.914281236328124956e-05
-5.110165840624999577e-05
-5.006100952499999780e-05
-4.537465633359374570e-05
-4.117391385546874947e-05
-4.096257973515624842e-05
-4.436681383203124740e-05
-4.817159093671874459e-05
-4.882619265234374736e-05
-4.665982718437500053e-05
-4.575383704765624554e-05
-4.742886975937499601e-05
-4.944875092734374918e-05
-5.127217528671874691e-05
-5.175091954843750064e-05
-4.862058057500000035e-05
-4.419973017734374733e-05
-4.278333380781250059e-05
-4.522321292968749674e-05
-4.934422827578124676e-05
-5.206639485078124797e-05
-5.241315065468749750e-05
-5.172154639453124526e-05
-5.049741066874999739e-05
-4.970013934843749463e-05
-4.998128239296874482e-05
-4.902646415624999646e-05
-4.702603793437499483e-05
-4.770696104765624450e-05
-5.091397539687499607e-05
-5.341374523515624430e-05
-5.449482988671874959e-05
-5.540577912734374633e-05
-5.823552011015624489e-05
-6.273876792656250324e-05
-6.329800225937499514e-05
-5.671460108906249573e-05
-4.752309273359374523e-05
-4.132116109453124863e-05
-4.021299210624999771e-05
-4.299161617187499993e-05
-4.583394564921874789e-05
-4.630811227656249569e-05
-4.475209805859375065e-05
-4.161184087734374652e-05
-3.821676204921874587e-05
-3.653295553828124644e-05
-3.618276650859374584e-05
-3.616788919687500024e-05
-3.693693177187499572e-05
-3.814504577734374990e-05
-3.859594276328124572e-05
-3.854520731562499874e-05
-3.907163526874999775e-05
-3.996923307578124636e-05
-3.958127856249999755e-05
-3.723333359765624765e-05
-3.536832905937500128e-05
-3.720014574843749861e-05
-4.187429191484375068e-05
-4.426686881484375092e-05
-4.179914241718749686e-05
-3.799131355624999797e-05
-3.677480722109375096e-05
-3.726194381249999752e-05
-3.686445256093750101e-05
-3.618467385624999944e-05
-3.682096503437499877e-05
-3.816068602812500100e-05
-3.859098365937499718e-05
-3.759305936562499595e-05
-3.688962954999999982e-05
-3.836400928828124504e-05
-4.102056310390624690e-05
-4.250028341562499680e-05
-4.251287191015624620e-05
-4.203260177031249500e-05
-4.238889431249999901e-05
-4.363248498437499842e-05
-4.135015277890624787e-05
-3.460195677109375136e-05
-3.071096755234374842e-05
-3.336370667265624985e-05
-3.798063240937499539e-05
-4.092901041640625002e-05
-4.245870323671874816e-05
-4.180906062500000070e-05
-3.870542451874999667e-05
-3.615568217187500020e-05
-3.539274310937500135e-05
-3.466528071328124774e-05
-3.489339949296874798e-05
-3.768308617499999537e-05
-3.968122357968750081e-05
-3.825223871562499788e-05
-3.607862532656249955e-05
-3.475530752265624715e-05
-3.256872416953125005e-05
-2.870138606171874845e-05
-2.537230146249999990e-05
-2.581022848437500034e-05
-2.939184591328124920e-05
-3.231771721796874720e-05
-3.338773925312500055e-05
-3.393705537812499539e-05
-3.376005351562499826e-05
-3.185003557265624540e-05
-3.039663665859374919e-05
-3.196180614531249933e-05
-3.512876619374999973e-05
-3.739164345312499875e-05
-3.786962477578124697e-05
-3.747137058515624496e-05
-3.778799029609374716e-05
-3.902624039453124867e-05
-4.015424579843750050e-05
-4.017713397031249633e-05
-3.859212806796874528e-05
-3.664663345859374720e-05
-3.540914629921875119e-05
-3.352049064999999671e-05
-3.094328249687499846e-05
-2.877043204687499886e-05
-2.733305485312499973e-05
-2.820738301874999975e-05
-3.096578919921875170e-05
-3.188436783046874932e-05
-3.062857013359374987e-05
-3.011511214453124963e-05
-3.068731644140624708e-05
-3.121794055937499588e-05
-3.106230099062499712e-05
-2.967070014062499981e-05
-2.841566538281249909e-05
-2.917936738437500006e-05
-3.123396227968749635e-05
-3.235510123203124604e-05
-3.180540363750000184e-05
-3.073004102890625059e-05
-2.904203835312499797e-05
-2.671354833437499960e-05
-2.598303418203124767e-05
-2.736280947656249770e-05
-2.966535956718749852e-05
-3.261945961718749703e-05
-3.488538863281249775e-05
-3.445051336718749562e-05
-3.325041022187499845e-05
-3.478048451171874596e-05
-3.715818410000000060e-05
-3.721044542578124504e-05
-3.580701902031249706e-05
-3.501699562109374580e-05
-3.596380299765625070e-05
-3.693006532031250036e-05
-3.541868303749999889e-05
-3.340376097343750102e-05
-3.423231279531249922e-05
-3.727796553281249799e-05
-3.921888250781249691e-05
-3.876722258281249558e-05
-3.721006395624999567e-05
-3.589361260390624541e-05
-3.592107841015624719e-05
-3.647764245625000030e-05
-3.566206059843750087e-05
-3.320997445156249791e-05
-2.993543999531250016e-05
-2.876661735156249843e-05
-3.157347016250000116e-05
-3.375700175937499655e-05
-3.158529571796875183e-05
-2.872541864218749915e-05
-2.894133039687499936e-05
-3.134573285234375028e-05
-3.292768699843749963e-05
-3.134039227890624560e-05
-2.802732939999999753e-05
-2.650526597031250026e-05
-2.704733417421875037e-05
-2.764090076484374957e-05
-2.819937215859374952e-05
-2.974241641249999917e-05
-3.181761066250000187e-05
-3.348692133124999830e-05
-3.418348469531249907e-05
-3.399236846015624830e-05
-3.377683817499999746e-05
-3.329122746171874836e-05
-3.175009055546874892e-05
-3.027685522578124841e-05
-3.070600844843749988e-05
-3.247526413437499957e-05
-3.321188179921875152e-05
-3.246725327421874933e-05
-3.157537751015624799e-05
-3.111265496875000150e-05
-3.106077511249999965e-05
-3.134039227890624560e-05
-3.205488471093750045e-05
-3.234098685937499917e-05
-3.110845880390625170e-05
-3.020437601484374693e-05
-3.100813231718749908e-05
-3.182295123593749977e-05
-3.249586348906249921e-05
-3.427274856562499976e-05
-3.550222486484374553e-05
-3.419683612890624721e-05
-3.186910904921874758e-05
-2.984503171640624799e-05
-2.782515054843749821e-05
-2.780989176718749986e-05
-3.103559812343750085e-05
-3.358076283593749815e-05
-3.241308460078125129e-05
-2.953031935312499940e-05
-2.719229259609374995e-05
-2.689055019687500012e-05
-2.994383232499999976e-05
-3.511198153437500053e-05
-3.876378935703125129e-05
-3.695371643124999492e-05
-3.047598232109374942e-05
-2.542265544062499751e-05
-2.463530232812499859e-05
-2.553938511718749997e-05
-2.615507694062499966e-05
-2.706144854687499724e-05
-2.857435670781249956e-05
-2.953489698749999856e-05
-2.878263907187499890e-05
-2.664679116640624877e-05
-2.554777744687499957e-05
-2.745207334687499838e-05
-3.084562629687499818e-05
-3.346861079375000164e-05
-3.531950095937500114e-05
-3.664281876328124676e-05
-3.724363327500000085e-05
-3.756750090703124778e-05
-3.756330474218749798e-05
-3.689497012343749771e-05
-3.646467249218750153e-05
-3.720014574843749861e-05
-3.862798620390624666e-05
-3.983686314843749957e-05
-3.997953275312499956e-05
-3.928449526718749625e-05
-3.955686451249999748e-05
-4.028776013437499539e-05
-3.922498602031250031e-05
-3.715818410000000060e-05
-3.592069694062499782e-05
-3.551939099375000088e-05
-3.467977655546875074e-05
-3.216474793593750078e-05
-2.940672322499999819e-05
-2.912863193671874970e-05
-3.043516508124999951e-05
-2.992628472656249844e-05
-2.776564130156249888e-05
-2.778929241250000022e-05
-3.090513554375000089e-05
-3.417432942656250074e-05
-3.586729120624999851e-05
-3.550718396875000084e-05
-3.377378641874999576e-05
-3.355596731640624872e-05
-3.558805550937499515e-05
-3.738248818437500041e-05
-3.751600252031249530e-05
-3.636930510937499744e-05
-3.430708082343749690e-05
-3.173712059140625016e-05
-2.950819412031249891e-05
-2.856672731718749869e-05
-2.990110773749999964e-05
-3.223112363437499885e-05
-3.242185840000000026e-05
-3.129537887421874590e-05
-3.225591915390624829e-05
-3.530462364765624876e-05
-3.825147577656249915e-05
-3.965604659062499523e-05
-3.889463340625000062e-05
-3.765180567343749993e-05
-3.824842402031249745e-05
-3.937375913749999694e-05
-3.917234322499999974e-05
-3.915784738281249673e-05
-4.058378049062499795e-05
-4.187772514062499497e-05
-4.247319907890625116e-05
-4.327275921640625012e-05
-4.322278670781249510e-05
-4.112546722499999869e-05
-3.872983856874999674e-05
-3.790319409453124538e-05
-3.668706922890624774e-05
-3.305357194375000042e-05
-3.003614795156249877e-05
-3.154066378281250149e-05
-3.642080349609374992e-05
-4.031217418437499546e-05
-4.022939529609374754e-05
-3.686368962187499550e-05
-3.456419128749999638e-05
-3.687131901249999637e-05
-4.123571191953124838e-05
-4.124143396249999564e-05
-3.481596117812499797e-05
-2.681768951640624927e-05
-2.290800829062500030e-05
-2.401999197421874827e-05
-2.622412292578125007e-05
-2.625502195781249953e-05
-2.557676913124999881e-05
-2.643698292421874858e-05
-2.844007943281249916e-05
-2.914274630937499996e-05
-2.708586259687499731e-05
-2.505186705624999727e-05
-2.659605571874999841e-05
-3.074568127968750169e-05
-3.415296713281249560e-05
-3.655279195390624734e-05
-3.974531046093749591e-05
-4.256017413203124888e-05
-4.275777534921874564e-05
-4.150350353046875044e-05
-4.075887500546874825e-05
-4.158551947968749962e-05
-4.595181973437499845e-05
-5.333783279843749852e-05
-5.906521634062499796e-05
-5.987393174687499525e-05
-5.716511660546874895e-05
-5.493313837812499600e-05
-5.492627192656250064e-05
-5.516583479218749542e-05
-5.567013751249999732e-05
-5.901295501484374675e-05
-6.339489552031249669e-05
-6.420208504843749652e-05
-6.193539309374999707e-05
-6.089321833437499486e-05
-6.155697531875000273e-05
-6.125790320624999847e-05
-6.006390357343749793e-05
-6.003987099296874722e-05
-6.169697463671874361e-05
-6.279369953906249323e-05
-6.079899536015624564e-05
-5.731121943593750002e-05
-5.594174381874999981e-05
-5.653340306171874879e-05
-5.647465675390624481e-05
-5.530468970156249498e-05
-5.415722935156249839e-05
-5.371930232968749456e-05
-5.430371365156249882e-05
-5.504796070703124486e-05
-5.429684719999999668e-05
-5.303532746015624996e-05
-5.388486010624999716e-05
-5.679394675156249935e-05
-5.856816154140624756e-05
-5.715825015390624682e-05
-5.524556192421874840e-05
-5.555340783593749486e-05
-5.666691739765625046e-05
-5.619275077031249589e-05
-5.490529110234374486e-05
-5.616108879921874431e-05
-5.864140369140624778e-05
-5.686146685859374552e-05
-5.189931119609374790e-05
-4.953992214531249670e-05
-5.047299661874999732e-05
-5.146863209531249558e-05
-5.129925962343749932e-05
-5.157544356406249420e-05
-5.295788914531249995e-05
-5.352017523437500033e-05
-5.301816133124999462e-05
-5.378377068046874581e-05
-5.576703077343749887e-05
-5.633007980156249799e-05
-5.461079662421874654e-05
-5.371930232968749456e-05
-5.704609811171875030e-05
-6.200939818281249601e-05
-6.255795136874999212e-05
-5.937458813046874866e-05
-5.851132258124999719e-05
-6.011959812500000021e-05
-6.049992324765624815e-05
-5.922314472656249970e-05
-5.777089022109374480e-05
-5.763165384218749587e-05
-5.851132258124999719e-05
-5.845944272499999534e-05
-5.673825219999999707e-05
-5.524785074140624460e-05
-5.554577844531249399e-05
-5.489346554687499419e-05
-5.205647664296875090e-05
-5.037686629687499449e-05
-5.090787188437499944e-05
-5.184209076640624816e-05
-5.211484148124999875e-05
-5.149342761484374502e-05
-5.055844579374999757e-05
-4.988782235781249433e-05
-4.922597272109374684e-05
-4.898145075156249675e-05
-5.021893791093749954e-05
-5.223309703593749867e-05
-5.244824585156250015e-05
-5.059010776484374914e-05
-4.938275669843750047e-05
-4.965588888281250043e-05
-5.035474106406249739e-05
-5.214688492187499969e-05
-5.490986873671874403e-05
-5.563122762031249424e-05
-5.364071960624999645e-05
-5.182187288124999789e-05
-5.128857847656249675e-05
-5.112340216953125028e-05
-5.052525794453124853e-05
-4.931332924375000069e-05
-4.928548196796874955e-05
-5.190503323906249517e-05
-5.575520521796874820e-05
-5.835072390859374989e-05
-5.730931208828124641e-05
-5.230176155156249972e-05
-4.623830335234374654e-05
-4.138715532343749734e-05
-3.883016505546874937e-05
-4.032361827031249676e-05
-4.514119698046874756e-05
-4.859464064687499604e-05
-4.795110154765624521e-05
-4.626767650624999514e-05
-4.610021138203124571e-05
-4.640347965937499978e-05
-4.688031657343749991e-05
-4.828908355234374578e-05
-5.024831106484374814e-05
-5.109021432031249447e-05
-4.964749655312500082e-05
-4.755704352187499977e-05
-4.750440072656249920e-05
-4.947240203828125052e-05
-5.188481535390624490e-05
-5.395047286562499651e-05
-5.463025157031249808e-05
-5.309064054218749610e-05
-5.004041017031249817e-05
-4.786374502499999813e-05
-4.988019296718750024e-05
-5.486104063671875066e-05
-5.692288345312499507e-05
-5.521657023984374917e-05
-5.390278917421874446e-05
-5.427891813203124938e-05
-5.515515364531249962e-05
-5.560490622265624734e-05
-5.520016704999999933e-05
-5.495793389765624544e-05
-5.611035335156249734e-05
-5.768315222890624836e-05
-5.839840759999999516e-05
-5.866162157656249805e-05
-5.841061462499999520e-05
-5.796620262109374537e-05
-5.889508092968749619e-05
-5.968777461562499979e-05
-5.716626101406249705e-05
-5.291287574062500024e-05
-5.152127489062499616e-05
-5.363919372812499898e-05
-5.646092385078124731e-05
-5.856243949843750030e-05
-5.883328286562499728e-05
-5.670048671640624886e-05
-5.469739020781249489e-05
-5.427205168046874724e-05
-5.426594816796875061e-05
-5.487935117421874733e-05
-5.641247722031249653e-05
-5.773083592031250040e-05
-5.788876430624999536e-05
-5.614048944453124468e-05
-5.457455701874999580e-05
-5.606915464218749807e-05
-5.755955610078125053e-05
-5.521733317890624790e-05
-5.147397266875000025e-05
-5.083386679531250049e-05
-5.337674269062499483e-05
-5.560605063124999544e-05
-5.663296660937499591e-05
-5.902745085703124976e-05
-6.301952950156249728e-05
-6.570736381875000136e-05
-6.598469216796874434e-05
-6.512981894843749924e-05
-6.427151250312500307e-05
-6.365429480156249915e-05
-6.238094950625000176e-05
-5.973355095937499823e-05
-5.738751334218749516e-05
-5.749928391484374909e-05
-6.014401217500000028e-05
-6.339298817265624309e-05
-6.474072002656249556e-05
-6.362530311718749313e-05
-6.176182445703124423e-05
-5.998837260624999474e-05
-5.790478602656249583e-05
-5.677716209218750014e-05
-5.703007639140624983e-05
-5.674206689531249750e-05
-5.572430618593749536e-05
-5.581089976953125049e-05
-5.763356118984374948e-05
-5.892254673593749797e-05
-5.765492348359374785e-05
-5.587498665078124559e-05
-5.603253356718749796e-05
-5.694195692968749724e-05
-5.713650639062499908e-05
-5.724217345078124960e-05
-5.706784187499999803e-05
-5.558468833749999707e-05
-5.325543537968749998e-05
-5.119855166718749733e-05
-5.038182540078124980e-05
-5.191571438593749774e-05
-5.558774009374999877e-05
-5.849263057421874438e-05
-5.766751197812499725e-05
-5.388714892343750013e-05
-5.020901970312499570e-05
-4.794537950468749795e-05
-4.774434506171875011e-05
-5.002438844999999770e-05
-5.201108176874999505e-05
-5.159795026640624744e-05
-5.075604701093749434e-05
-4.965932210859374472e-05
-4.579846898281249588e-05
-4.092710306874999641e-05
-4.031293712343750097e-05
-4.582288303281249596e-05
-5.401646709453124522e-05
-5.939900218046874873e-05
-5.854145867421874452e-05
-5.181195467343750082e-05
-4.264943800234374956e-05
-3.533475974062499610e-05
-3.154485994765625129e-05
-2.984159849062499692e-05
-2.821806416562499894e-05
-2.657087872968749961e-05
-2.710493607343749948e-05
-3.074224805390625062e-05
-3.548353285781249950e-05
-3.883970179374999707e-05
-3.938405881484375015e-05
-3.713415151953124990e-05
-3.350027276484374644e-05
-3.033293124687500006e-05
-2.863462889374999762e-05
-2.824095233749999816e-05
-2.940252706015624839e-05
-3.216627381406249824e-05
-3.478468067656249576e-05
-3.635480926718750121e-05
-3.750112520859374970e-05
-3.860738684921874702e-05
-3.930585756093750140e-05
-3.815687133281250057e-05
-3.495863078281249796e-05
-3.288191065468750119e-05
-3.440588143203124528e-05
-3.730161664374999933e-05
-3.870046541484374814e-05
-3.871152803125000008e-05
-3.820798824999999691e-05
-3.720968248671874631e-05
-3.496587870390624946e-05
-3.189848220312499618e-05
-3.062284809062499583e-05
-3.199232370781249603e-05
-3.365133469921874603e-05
-3.367117111484374694e-05
-3.261488198281249786e-05
-3.355405996874999511e-05
-3.722684861562499488e-05
-3.905561354843749728e-05
-3.748090732343749943e-05
-3.597639149218750010e-05
-3.555448619062499674e-05
-3.557355966718749892e-05
-3.690832155703124585e-05
-3.927572146796874729e-05
-4.061124629687499972e-05
-4.002988673124999717e-05
-3.839109362499999744e-05
-3.638456389062499918e-05
-3.479002125000000043e-05
-3.585737299843750145e-05
-4.005391931171874788e-05
-4.387395519765624680e-05
-4.485013572812500030e-05
-4.372403767187499530e-05
-4.171674499843749831e-05
-3.963849899218749729e-05
-3.822515437890624547e-05
-3.831708853593749850e-05
-3.994939666015624545e-05
-4.053609679921874590e-05
-3.796308481093749746e-05
-3.503416175000000115e-05
-3.551328748124999747e-05
-3.871915742187500095e-05
-4.080655869687500030e-05
-3.950307730859374880e-05
-3.640096708046874902e-05
-3.474538931484375009e-05
-3.630826998437499726e-05
-3.948667411874999896e-05
-4.059140988124999882e-05
-3.840253771093749875e-05
-3.440626290156250142e-05
-3.053625450703124748e-05
-2.999151601640624842e-05
-3.343237118828125089e-05
-3.562162482812500033e-05
-3.352316093671874904e-05
-3.087843267656249785e-05
-3.051756249999999806e-05
-3.143194496640624926e-05
-3.282087552968750101e-05
-3.429868849374999730e-05
-3.470113884921874911e-05
-3.358381459218749986e-05
-3.342359738906249515e-05
-3.655012166718749501e-05
-3.968961590937500041e-05
-3.790967907656249815e-05
-3.303106524140624718e-05
-3.140028299531249769e-05
-3.403242276093749948e-05
-3.675344492734374582e-05
-3.763349513593749649e-05
-3.683317205937499880e-05
-3.493688701953125023e-05
-3.451536318749999624e-05
-3.614500102499999763e-05
-3.611066876718750049e-05
-3.455312867109375122e-05
-3.605917038046874801e-05
-3.926923648593750129e-05
-3.926465885156249535e-05
-3.648565331640625054e-05
-3.358305165312500112e-05
-3.183821001718750151e-05
-3.278539886328124900e-05
-3.593862600859374512e-05
-3.783491104843750047e-05
-3.754346832656249707e-05
-3.705595026562500115e-05
-3.586767267578124788e-05
-3.344152645703124923e-05
-3.321111886015624601e-05
-3.485334519218749681e-05
-3.288419947187499738e-05
-2.824858172812499903e-05
-2.681082306484374714e-05
-2.989118952968749919e-05
-3.374326885624999905e-05
-3.368185226171874951e-05
-2.974012759531249959e-05
-2.715223829531249877e-05
-2.930601526874999959e-05
-3.335188111718749918e-05
-3.485754135703124661e-05
-3.352354240624999841e-05
-3.184660234687500111e-05
-3.190038955078124979e-05
-3.316267222968749523e-05
-3.242567309531250069e-05
-2.924726896093749899e-05
-2.746542478046874990e-05
-2.758596915234374941e-05
-2.634428582812500021e-05
-2.373465276484374828e-05
-2.179869489374999789e-05
-2.081145174687499923e-05
-2.111357561562499842e-05
-2.338179344843749872e-05
-2.565077422031249776e-05
-2.496489200312499956e-05
-2.117880690546874840e-05
-1.695784654218749851e-05
-1.531600167968750047e-05
-1.625365378750000025e-05
-1.717490270546875020e-05
-1.714896277734374928e-05
-1.828841226718749903e-05
-2.148588987812499951e-05
-2.326430083281249753e-05
-2.148817869531249910e-05
-1.911734555859374997e-05
-1.828421610234374922e-05
-1.921042412421874771e-05
-2.292631882812500035e-05
-2.789457800312499799e-05
-2.942350788437499739e-05
-2.567289945312499825e-05
-2.148741575625000036e-05
-2.176855880078125055e-05
-2.478445691484374797e-05
-2.674559177499999716e-05
-2.650602890937499900e-05
-2.510450985156249785e-05
-2.437628451640624889e-05
-2.495497379531249910e-05
-2.573546045624999928e-05
-2.647741869453124912e-05
-2.747229123203124865e-05
-2.742079284531249956e-05
-2.588995561640624994e-05
-2.456511193437500008e-05
-2.522390981484374926e-05
-2.763365284374999807e-05
-2.855490176171874802e-05
-2.591894730078124918e-05
-2.285689137343750057e-05
-2.250250617890625017e-05
-2.303999674843749772e-05
-2.226752094765624778e-05
-2.155684321093750014e-05
-2.215193567968750020e-05
-2.272223262890624742e-05
-2.200430697109374828e-05
-2.085760956015625042e-05
-2.114409317812499851e-05
-2.282141470703124856e-05
-2.412794785156249837e-05
-2.405546864062500028e-05
-2.344168416484374742e-05
-2.408140856874999781e-05
-2.571791285781249795e-05
-2.619398683281249935e-05
-2.471541092968749755e-05
-2.178419905156249827e-05
-1.825942058281249979e-05
-1.543578311249999786e-05
-1.487578584062499875e-05
-1.730498381562500080e-05
-2.061728375546875014e-05
-2.239340589296874858e-05
-2.286375782499999932e-05
-2.281798148124999749e-05
-2.250212470937499741e-05
-2.198828525078124781e-05
-2.114600052578124873e-05
-2.107771747968750043e-05
-2.303961527890624835e-05
-2.617605776484374866e-05
-2.909773290468750025e-05
-3.138502421406249595e-05
-3.272474520781249818e-05
-3.237646352578125118e-05
-3.022116067421874952e-05
-2.757643241406249832e-05
-2.681807098593749864e-05
-2.831305007890625027e-05
-2.938688680937499728e-05
-3.080061289218749847e-05
-3.557813730156249808e-05
-4.038999396874999484e-05
-4.110563080937499779e-05
-4.028928601249999963e-05
-4.036443551015624667e-05
-3.988111361406250055e-05
-3.833692495156249940e-05
-3.700025571406249887e-05
-3.655622517968749841e-05
-3.655965840546874948e-05
-3.620183998515624801e-05
-3.568723758749999968e-05
-3.625257543281249498e-05
-3.746488560312499896e-05
-3.725622176953125026e-05
-3.679349922812499699e-05
-3.823736140390624551e-05
-3.890722190078125002e-05
-3.654592550234374521e-05
-3.312414380703124830e-05
-3.150709446406249630e-05
-3.357542226250000026e-05
-3.822439143984374674e-05
-4.193113087500000105e-05
-4.236219144531249597e-05
-3.967817182343749910e-05
-3.486784103437499981e-05
-2.985266110703124886e-05
-2.734602481718749850e-05
-2.790335180234375034e-05
-3.022497536953124995e-05
-3.309782240937500140e-05
-3.567884525781250007e-05
-3.697736754218749626e-05
-3.620222145468749737e-05
-3.371771039765625088e-05
-3.103826841015624641e-05
-3.048399318124999966e-05
-3.292005760781249876e-05
-3.668478041171875154e-05
-3.882444301249999533e-05
-3.741682044218749755e-05
-3.391950777968749745e-05
-3.037908906015624787e-05
-2.749060176953124871e-05
-2.755774040703124890e-05
-3.152845675781250145e-05
-3.492773175078124512e-05
-3.476598866953124973e-05
-3.332975588437499530e-05
-3.151205356796875161e-05
-2.924879483906249984e-05
-3.001020802343749784e-05
-3.444097662890624792e-05
-3.737256997656249657e-05
-3.694723144921874893e-05
-3.618810708203125051e-05
-3.603513779999999731e-05
-3.532789328906250074e-05
-3.422239458749999538e-05
-3.414190451640625044e-05
-3.519781217890625015e-05
-3.574750977343750112e-05
-3.598745410859374526e-05
-3.771131492031249587e-05
-3.997571805781249913e-05
-3.943174250624999542e-05
-3.580473020312500087e-05
-3.345258907343750117e-05
-3.479574329296874769e-05
-3.740423194765624815e-05
-3.861234595312499555e-05
-3.765829065546874593e-05
-3.584821772968749634e-05
-3.532484153281249904e-05
-3.606870711874999571e-05
-3.718717578437499984e-05
-3.693082825937499909e-05
-3.379667459062499836e-05
-3.170164392499999815e-05
-3.410986107578124949e-05
-3.783338517031249623e-05
-3.948972587500000067e-05
-3.881185451796874593e-05
-3.627775242187500056e-05
-3.359525867812500116e-05
-3.289755090546874551e-05
-3.372152509296875132e-05
-3.274610750156249655e-05
-2.895506330000000025e-05
-2.695692589531249820e-05
-2.912329136328124842e-05
-3.119428944843750132e-05
-3.036039705312499845e-05
-2.929647853046874850e-05
-3.034742708906249968e-05
-3.152464206250000101e-05
-2.961271677187499795e-05
-2.564009307343749857e-05
-2.508886960078125013e-05
-3.042944303828124886e-05
-3.708723076718749658e-05
-3.992994171406250069e-05
-3.834722462890624583e-05
-3.494184612343749876e-05
-3.342626767578124749e-05
-3.480413562265624730e-05
-3.668935804609375071e-05
-3.701704037343749807e-05
-3.602178636640624917e-05
-3.569944461249999971e-05
-3.619688088124999948e-05
-3.540838336015624568e-05
-3.417204060937499777e-05
-3.560140694296875006e-05
-4.015195698124999753e-05
-4.459683995937500125e-05
-4.542958794609374925e-05
-4.350278534374999720e-05
-4.162137761562500099e-05
-4.018857805624999764e-05
-3.936498533828124797e-05
-4.007528160546874624e-05
-4.203031295312499880e-05
-4.417226437109374556e-05
-4.434011096484375113e-05
-4.000013210781249920e-05
-3.367384140156249927e-05
-3.186262406718750158e-05
-3.527601343281249889e-05
-3.876722258281249558e-05
-4.062421626093749849e-05
-4.168393861874999864e-05
-4.041478948828125105e-05
-3.729932782656249636e-05
-3.615339335468749723e-05
-3.699987424453124950e-05
-3.668516188125000091e-05
-3.511388888203124736e-05
-3.376959025390624595e-05
-3.328474247968749559e-05
-3.362119860624999870e-05
-3.419798053749999531e-05
-3.501051063906249981e-05
-3.594930715546874769e-05
-3.638113066484374811e-05
-3.624113134687500045e-05
-3.588522027421874581e-05
-3.535268880859375018e-05
-3.385999853281250151e-05
-3.141744912421874625e-05
-3.024748207187499981e-05
-3.139265360468749682e-05
-3.314893932656249773e-05
-3.432958752578125014e-05
-3.537633991953125152e-05
-3.682783148593750090e-05
-3.810956911093749789e-05
-3.918760200625000148e-05
-4.169957886953124974e-05
-4.450605021093749633e-05
-4.470594024531249607e-05
-4.317166979062499877e-05
-4.127271446406249785e-05
-4.030225597656249839e-05
-4.307019889531249804e-05
-4.815823950312499646e-05
-5.069501188593750093e-05
-4.894330379843749918e-05
-4.505765515312500091e-05
-4.192044972812499848e-05
-4.085309797968749747e-05
-4.160611883437499925e-05
-4.301335993515624767e-05
-4.373662616640624471e-05
-4.290082642343749501e-05
-4.059026547265625072e-05
-3.849027570312499519e-05
-3.859937598906249678e-05
-4.064901178046874793e-05
-4.243505212578124682e-05
-4.248311728671874823e-05
-4.050290894999999686e-05
-3.765142420390625057e-05
-3.682439826015624984e-05
-3.805616337656249858e-05
-3.725317001328124855e-05
-3.291776879062499578e-05
-2.871321161718749912e-05
-2.862776244218749887e-05
-3.155020052109374918e-05
-3.309667800078124652e-05
-3.232572807812499744e-05
-3.120954822968749628e-05
-3.011358626640624878e-05
-2.867582760312500028e-05
-2.760504262890624820e-05
-2.765615954609374792e-05
-2.943113727499999826e-05
-3.216856263125000121e-05
-3.277128449062499536e-05
-3.041723601328124882e-05
-2.744444395624999751e-05
-2.418173505546875043e-05
-2.131346564999999816e-05
-2.215384302734375041e-05
-2.658613751093749796e-05
-3.026808142656249945e-05
-3.092573489843750053e-05
-3.007543931328124782e-05
-2.860640014843749711e-05
-2.714270155703124769e-05
-2.889746140078124775e-05
-3.407629175703125109e-05
-3.789175000859375085e-05
-3.791883434531249648e-05
-3.685262700546875034e-05
-3.625181249374999625e-05
-3.339918333906249508e-05
-2.964476021249999889e-05
-3.067320206875000021e-05
-3.534620382656249740e-05
-3.892553243828124668e-05
-4.157636421093750128e-05
-4.364354760078125036e-05
-4.364698082656249465e-05
-4.265058241093749766e-05
-4.245336266328125026e-05
-4.303662957656249964e-05
-4.388463634453124937e-05
-4.456288917109374671e-05
-4.502332289531249700e-05
-4.446637737968749452e-05
-4.147146008984374949e-05
-3.770826316406250095e-05
-3.490942121328124845e-05
-3.193510327812499629e-05
-2.985533139374999781e-05
-3.060911518749999833e-05
-3.257826090781249775e-05
-3.432691723906249780e-05
-3.697813048124999499e-05
-4.005735253749999894e-05
-4.080083665390624626e-05
-3.901403336953124864e-05
-3.700407040937499930e-05
-3.627355625703125076e-05
-3.626325657968749755e-05
-3.524129970546874561e-05
-3.446806096562500033e-05
-3.551252454218749874e-05
-3.597257679687499967e-05
-3.447073125234374589e-05
-3.271635287812499858e-05
-3.191984449687500133e-05
-3.127744980624999860e-05
-2.979658508593749722e-05
-2.920072967812499843e-05
-3.100355468281249991e-05
-3.278730621093749583e-05
-3.233412040781249704e-05
-3.036497468749999761e-05
-2.919119293984374734e-05
-3.093183841093749716e-05
-3.447683476484374930e-05
-3.709524162734374682e-05
-3.769720054765624901e-05
-3.531034569062499603e-05
-3.079145762343750013e-05
-2.845495674453124815e-05
-3.051832543906250018e-05
-3.476637013906249909e-05
-3.691556947812499735e-05
-3.534048178359375014e-05
-3.354643057812500102e-05
-3.386038000234375088e-05
-3.584669185156249887e-05
-3.978002418828124919e-05
-4.438932053437500064e-05
-4.724461997578124737e-05
-4.731748065624999822e-05
-4.481809228749999936e-05
-4.168203127109374503e-05
-4.010312888124999739e-05
-4.055097411093749828e-05
-4.111554901718749485e-05
-4.016454547578124693e-05
-4.007947777031249605e-05
-4.301450434374999576e-05
-4.612233661484374959e-05
-4.583203830156250106e-05
-4.253385273437499520e-05
-3.905637648749999601e-05
-3.785474746406250138e-05
-3.883359828125000044e-05
-3.975179544296874868e-05
-3.990934235937500105e-05
-4.046743228359374485e-05
-4.081342514843749566e-05
-3.919256111015625001e-05
-3.680303596640625147e-05
-3.524473293124999668e-05
-3.354337882187499931e-05
-3.217008850937499867e-05
-3.336218079453124561e-05
-3.659894976718749515e-05
-3.812711670937499582e-05
-3.497312662500000097e-05
-2.937963888828124917e-05
-2.657812665078124772e-05
-2.675856173906249931e-05
-2.647017077343749762e-05
-2.628515805078125025e-05
-2.811964502656249992e-05
-3.049696314531249842e-05
-3.160627654218750083e-05
-3.097265565078124707e-05
-2.815245140624999959e-05
-2.407759387343749738e-05
-2.154272883828124989e-05
-2.197989292109374821e-05
-2.350348222890624972e-05
-2.433088964218749981e-05
-2.547110207109374829e-05
-2.733801395703124826e-05
-2.858274903749999916e-05
-2.893560835390624871e-05
-2.848814459374999719e-05
-2.748182797031249974e-05
-2.757223624921874852e-05
-2.932966637968749754e-05
-3.148725804843749540e-05
-3.295362692656249716e-05
-3.251188520937499968e-05
-2.975309755937499836e-05
-2.658957073671874903e-05
-2.428740211562499757e-05
-2.339361900390624939e-05
-2.531965866718749933e-05
-2.914503512656249954e-05
-3.185919084140625051e-05
-3.186109818906249734e-05
-3.030012486718749700e-05
-2.964552315156249762e-05
-3.073080396796874932e-05
-3.211591983593750063e-05
-3.225973384921874872e-05
-3.166960048437499720e-05
-3.152006442812500185e-05
-3.146856604140624937e-05
-3.010671981484375003e-05
-2.733839542656249763e-05
-2.545088418593749802e-05
-2.575644128046874828e-05
-2.733000309687499802e-05
-2.952879347499999855e-05
-3.170851037656250028e-05
-3.232954277343749787e-05
-3.081701608203124830e-05
-2.827375871718749783e-05
-2.657126019921874898e-05
-2.722853220156249730e-05
-2.890852401718749969e-05
-2.855833498749999909e-05
-2.512816096249999919e-05
-2.127989633124999976e-05
-2.201346223984375000e-05
-2.809980861093749901e-05
-3.453100343828124734e-05
-3.692091005156249525e-05
-3.438184885156250135e-05
-2.939527913906250027e-05
-2.646711901718749930e-05
-2.689970546562499846e-05
-2.796476839687499989e-05
-2.809675685468749731e-05
-2.807463162187500021e-05
-2.884710742265625015e-05
-3.045652737499999788e-05
-3.126829453750000026e-05
-2.974851992499999919e-05
-2.801359649687500003e-05
-2.867048702968749899e-05
-3.003080737812499748e-05
-3.064039568906250054e-05
-3.219908019374999791e-05
-3.515089142656249683e-05
-3.808210330468749611e-05
-3.979757178671874712e-05
-3.947446709374999893e-05
-3.870160982343749624e-05
-4.050367188906249560e-05
-4.375684405156249498e-05
-4.446637737968749452e-05
-4.169194947890624887e-05
-3.770864463359375031e-05
-3.415792623671875091e-05
-3.140219034296875129e-05
-3.051222192656250016e-05
-3.230360284531250034e-05
-3.512724031562499549e-05
-3.574064332187499899e-05
-3.250616316640624564e-05
-2.869871577499999950e-05
-2.943380756171874721e-05
-3.358762928750000029e-05
-3.526952845078124612e-05
-3.222006101796874691e-05
-2.766645922343749774e-05
-2.590025529374999976e-05
-2.649305894531250023e-05
-2.515905999453124864e-05
-2.245138926171875044e-05
-2.272185115937499806e-05
-2.602156260468749800e-05
-2.963941963906249760e-05
-3.184316912109375004e-05
-3.189314162968749828e-05
-3.072965955937500122e-05
-3.042944303828124886e-05
-3.096845948593749727e-05
-3.079069468437500140e-05
-3.026235938359374879e-05
-3.086927740781249952e-05
-3.297003011640624700e-05
-3.403318569999999821e-05
-3.120840382109374818e-05
-2.611998174375000040e-05
-2.163161123906249782e-05
-1.889952645624999955e-05
-1.926306691953124828e-05
-2.212408840390624906e-05
-2.385863036249999885e-05
-2.339514488203125024e-05
-2.296103255546875024e-05
-2.259558474453124790e-05
-2.225760273984374733e-05
-2.397536003906249792e-05
-2.728384528359375022e-05
-3.004148852500000005e-05
-3.180158894218750140e-05
-3.232076897421874890e-05
-3.148039159687500004e-05
-3.099821410937499523e-05
-3.190000808125000042e-05
-3.255651714453125002e-05
-3.207815435234374565e-05
-3.178251546562499923e-05
-3.181303302812499593e-05
-3.145254432109374890e-05
-3.039205902421875002e-05
-2.803648466874999925e-05
-2.568548794765624765e-05
-2.547453529687499936e-05
-2.697752524999999784e-05
-2.783316140859374844e-05
-2.702635334999999798e-05
-2.559126497343749843e-05
-2.453764612812499830e-05
-2.508238461874999736e-05
-2.607725715625000028e-05
-2.426298806562499750e-05
-2.189711403281250030e-05
-2.359999402031249852e-05
-2.730177435156249752e-05
-2.847822638593750012e-05
-2.716902295468749798e-05
-2.531889572812499721e-05
-2.378348086484374842e-05
-2.265929015625000041e-05
-2.138632633046874901e-05
-1.981429039218750011e-05
-1.796759639140625041e-05
-1.622656945078124785e-05
-1.593283791171874825e-05
-1.713027077031249986e-05
-1.786154786171875053e-05
-1.644629590078124849e-05
-1.472472390624999916e-05
-1.535948920624999933e-05
-1.618460780234374984e-05
-1.481513218515624963e-05
-1.334533008125000019e-05
-1.402854201171874944e-05
-1.611975798203124923e-05
-1.762656263046874814e-05
-1.790312804062499917e-05
-1.755713517578124836e-05
-1.797637019062499938e-05
-2.030218992265624879e-05
-2.285956166015624952e-05
-2.362211925312499900e-05
-2.335623498984375055e-05
-2.383726806875000048e-05
-2.601164439687499754e-05
-2.916716035937500003e-05
-3.203275947812499658e-05
-3.445928716640625137e-05
-3.643911403359374659e-05
-3.730886456484375083e-05
-3.644979518046874916e-05
-3.437231211328124688e-05
-3.284338223203124747e-05
-3.323515144062499672e-05
-3.514745820078124576e-05
-3.671491650468749888e-05
-3.681638739999999960e-05
-3.687437076874999808e-05
-3.842809616953124692e-05
-4.019239275156249807e-05
-4.051511597499999690e-05
-4.037053902265625008e-05
-4.087827496874999627e-05
-4.128148826328124682e-05
-4.063184565156249936e-05
-3.904340652343749724e-05
-3.787839857499999594e-05
-3.802679022265624998e-05
-3.846128401874999596e-05
-3.772924398828124995e-05
-3.613050518281250140e-05
-3.533895590546874590e-05
-3.562315070624999779e-05
-3.482778673359374864e-05
-3.142355263671874966e-05
-2.794798373749999730e-05
-2.779234416874999853e-05
-2.943685931796874891e-05
-2.923544340546874832e-05
-2.707594438906250024e-05
-2.491797125078124963e-05
-2.353667007812499875e-05
-2.308996925703124935e-05
-2.403830251171874832e-05
-2.550657873750000030e-05
-2.611158941406249741e-05
-2.680204926562499817e-05
-2.809637538515624794e-05
-2.846029731796874944e-05
-2.785795692812499788e-05
-2.731321843749999882e-05
-2.705877826015624829e-05
-2.752607843593749733e-05
-2.794416904218750025e-05
-2.636526665234374922e-05
-2.453650171953125020e-05
-2.597349744374999997e-05
-2.934034752656250011e-05
-3.059347493671874722e-05
-2.900579874765624722e-05
-2.899130290546874761e-05
-3.385008032499999767e-05
-3.883855738515624897e-05
-3.854139262031249831e-05
-3.529279809218749809e-05
-3.373029889218750029e-05
-3.380315957265625114e-05
-3.350828362499999667e-05
-3.288267359374999992e-05
-3.192213331406249752e-05
-3.043440214218749739e-05
-2.954977429921874755e-05
-3.003309619531249706e-05
-3.101385436015624634e-05
-3.139952005624999895e-05
-3.135221783437499627e-05
-3.122709582812500099e-05
-3.044432034999999785e-05
-2.877348380312499718e-05
-2.779654033359374833e-05
-2.978971863437499847e-05
-3.420255817187500125e-05
-3.678129220312499696e-05
-3.511350741249999799e-05
-3.150442417734375074e-05
-2.828291398593749955e-05
-2.607840156484374838e-05
-2.559660554687499972e-05
-2.689360195312499844e-05
-2.990148920703124901e-05
-3.438337472968749881e-05
-3.763502101406250073e-05
-3.680189155781249659e-05
-3.323591437968749545e-05
-3.144567786953124676e-05
-3.258398295078125179e-05
-3.344114498749999986e-05
-3.366239731562499797e-05
-3.488500716328124838e-05
-3.553541271406250135e-05
-3.443716193359374749e-05
-3.278234710703124729e-05
-3.088911382343750042e-05
-2.842825387734374849e-05
-2.604750253281249892e-05
-2.623785582890624757e-05
-3.111761407265625003e-05
-3.699148191484374990e-05
-3.864438939374999649e-05
-3.722532273749999741e-05
-3.535001852187499784e-05
-3.301237323437500114e-05
-3.197973521328124663e-05
-3.436163096640625108e-05
-3.882863917734374513e-05
-4.236371732343750021e-05
-4.345090548749999535e-05
-4.493444049453124568e-05
-4.928891519375000062e-05
-5.066258697578125063e-05
-4.367978720625000110e-05
-3.462904110781249699e-05
-3.137701335390624571e-05
-3.307188248124999708e-05
-3.520315275234374804e-05
-3.581655575859375154e-05
-3.595808095468749666e-05
-3.631818819218750110e-05
-3.633039521718750114e-05
-3.627737095234375120e-05
-3.628233005624999973e-05
-3.602369371406249600e-05
-3.716238026484375040e-05
-4.034841378984374620e-05
-4.149625560937499893e-05
-3.806760746249999988e-05
-3.350790215546874730e-05
-3.132932966250000044e-05
-3.077238414687499796e-05
-2.950094619921874741e-05
-2.811239710546874841e-05
-2.963140877890624737e-05
-3.397062469687500057e-05
-3.657300983906249762e-05
-3.472364555156249558e-05
-3.058393819843749953e-05
-2.672957005468750007e-05
-2.499922426093750008e-05
-2.666662758203124968e-05
-3.002622974374999831e-05
-3.221433897499999965e-05
-3.234747184140624517e-05
-3.152006442812500185e-05
-3.111303643828125087e-05
-3.127973862343750157e-05
-3.163450528750000134e-05
-3.194273266874999716e-05
-3.161390593281250170e-05
-3.091009464765624942e-05
-3.050306665781249844e-05
-2.979429626874999763e-05
-2.953947462187499773e-05
-3.161161711562499873e-05
-3.475301870546875096e-05
-3.583982539999999673e-05
-3.433035046484374887e-05
-3.156584077187500029e-05
-2.836798169140624705e-05
-2.698706198828124892e-05
-2.980154418984374914e-05
-3.404768154218750122e-05
-3.455122132343749761e-05
-3.150976475078124864e-05
-2.858427491562500001e-05
-2.723501718359375008e-05
-2.833403090312499928e-05
-3.123129199296875079e-05
-3.237112295234374651e-05
-3.099096618828125051e-05
-2.899321025312499782e-05
-2.654112410624999825e-05
-2.415732100546875036e-05
-2.356871351874999969e-05
-2.472799942421875034e-05
-2.560843110234375039e-05
-2.501104981640624736e-05
-2.386969297890624740e-05
-2.342299215781249800e-05
-2.418516828124999812e-05
-2.574461572499999761e-05
-2.656973432109374812e-05
-2.661551066484374995e-05
-2.737463503203124837e-05
-2.813223352109374932e-05
-2.730635198593750007e-05
-2.602423289140625033e-05
-2.595251661953124758e-05
-2.668913428437499953e-05
-2.744673277343749710e-05
-2.777327069218749975e-05
-2.713469069687499745e-05
-2.624548521953124844e-05
-2.647627428593749764e-05
-2.678335725859374875e-05
-2.454909021406249961e-05
-2.154959528984374864e-05
-2.280882621249999916e-05
-2.769011033437499908e-05
-3.195913585859374700e-05
-3.373792828281250116e-05
-3.199919015937499817e-05
-2.842405771249999869e-05
-2.724646126953124799e-05
-2.879370168828124745e-05
-2.957876598359375018e-05
-2.846907111718749840e-05
-2.744444395624999751e-05
-2.786978248359374855e-05
-2.838324047265624879e-05
-2.697676231093749911e-05
-2.548941260859374834e-05
-2.628325070312500004e-05
-2.750319026406249811e-05
-2.682035980312499822e-05
-2.433813756328124793e-05
-2.220228965781249780e-05
-2.179640607656249831e-05
-2.122649059687500045e-05
-1.971587125312499771e-05
-1.970595304531250064e-05
-2.152556270937499794e-05
-2.283781789687499840e-05
-2.354048477343749919e-05
-2.530897752031250014e-05
-2.764013782578124745e-05
-2.849691839296874954e-05
-2.846144172656249753e-05
-3.020246866718750010e-05
-3.323095527578124692e-05
-3.452985902968749924e-05
-3.380430398124999923e-05
-3.388441258281250159e-05
-3.618238503906249647e-05
-3.749616610468750117e-05
-3.500097390078124533e-05
-3.169515894296874537e-05
-3.103063901953124554e-05
-3.223722714687499548e-05
-3.376768290624999913e-05
-3.532865622812499947e-05
-3.665311844062499997e-05
-3.749311434843749947e-05
-3.787229506249999931e-05
-3.711393363437499963e-05
-3.527563196328124953e-05
-3.501127357812499854e-05
-3.812177613593749792e-05
-4.262540542187499886e-05
-4.565923260390624696e-05
-4.593427213593750052e-05
-4.298856441562499823e-05
-3.710363395703124642e-05
-3.094595278359375080e-05
-2.923658781406249981e-05
-3.298490742812499937e-05
-3.789785352109374748e-05
-4.142987991093750085e-05
-4.316861803437499706e-05
-4.134824543125000104e-05
-3.630979586250000150e-05
-3.157499604062499862e-05
-2.975157168124999751e-05
-3.093946780156249803e-05
-3.387716466171875008e-05
-3.705900202187499608e-05
-3.950841788203124670e-05
-4.054334472031249741e-05
-3.930585756093750140e-05
-3.685377141406249844e-05
-3.626058629296874522e-05
-3.827817864374999542e-05
-4.247701377421874482e-05
-4.866330516249999709e-05
-5.295636326718749571e-05
-5.032689378828124625e-05
-4.161679998124999505e-05
-3.362348742343750167e-05
-3.049238551093749926e-05
-2.964094551718749845e-05
-2.839201427187499775e-05
-2.701300191640624985e-05
-2.555616977656249917e-05
-2.375448918046874918e-05
-2.235640334843749910e-05
-2.070235146093749764e-05
-1.674880123906250044e-05
-1.176070564843750020e-05
-8.953852837499999166e-06
-8.779902731250000350e-06
-1.009444673593749870e-05
-1.180762640078125013e-05
-1.187476503828124863e-05
-9.238047638281249364e-06
-5.438611107031250075e-06
-1.723097872656249973e-06
1.229857768750000009e-06
1.252364471093749863e-06
-1.584624432812499991e-06
-3.645322840624999684e-06
-3.094862307031249975e-06
-6.710049054687499570e-07
2.142714357031249722e-06
3.099821410937499778e-06
1.403426405468749883e-06
-8.773799218749999273e-09
1.017760709375000022e-06
1.658629521874999996e-06
-3.963468429687499982e-07
-3.067777970312499684e-06
-4.495999895312500062e-06
-5.607983578906249725e-06
-7.177730699999999884e-06
-9.096522442187499161e-06
-1.108588604765624886e-05
-1.208228446328124924e-05
-1.185531009218749878e-05
-1.219596238359375000e-05
-1.443976616640624853e-05
-1.763037732578124858e-05
-2.037924676796874944e-05
-2.291716355937499863e-05
-2.521780630234374924e-05
-2.533415450937499895e-05
-2.283858083593750052e-05
-2.051199816484374898e-05
-2.024954712734374821e-05
-2.046202565624999736e-05
-1.910780882031249889e-05
-1.763304761249999753e-05
