1.741332116250000027e-05
1.540526554999999777e-05
1.502074426250000003e-05
1.642455213750000076e-05
1.840209018749999978e-05
2.030028257499999858e-05
2.239989087499999796e-05
2.383421631249999878e-05
2.314146764374999844e-05
2.110289446874999924e-05
1.957091283124999813e-05
1.904295899999999827e-05
1.918944329999999870e-05
1.965636200624999838e-05
2.059019941874999773e-05
2.219237144999999735e-05
2.384642333749999882e-05
2.463377644999999774e-05
2.397764885624999751e-05
2.247313302499999817e-05
2.196043797500000006e-05
2.351073014999999783e-05
2.623289672499999904e-05
2.849119634999999889e-05
2.921751433749999763e-05
2.837217785625000024e-05
2.719725169999999848e-05
2.663267679374999852e-05
2.568968411249999745e-05
2.377928469999999862e-05
2.286375782499999932e-05
2.392271724374999735e-05
2.423399638124999826e-05
2.204588715000000031e-05
2.002867626874999947e-05
2.096861719374999884e-05
2.332152126249999728e-05
2.365721444999999826e-05
2.167662464374999753e-05
2.004393504999999782e-05
2.022398866875000005e-05
2.093504787500000044e-05
2.019041934999999825e-05
1.787108459999999822e-05
1.592406411249999929e-05
1.591490884374999757e-05
1.749877033750000052e-05
1.947325663124999784e-05
2.066954508124999796e-05
2.023314393749999838e-05
1.855162624374999853e-05
1.681822869375000022e-05
1.614073880624999823e-05
1.691893664999999882e-05
1.816710495625000079e-05
1.933897935624999745e-05
1.987303670000000071e-05
1.829222696249999946e-05
1.590575357499999923e-05
1.523741895624999897e-05
1.572875171249999871e-05
1.611632475624999816e-05
1.645201794374999914e-05
1.661986453749999794e-05
1.617430812500000002e-05
1.531066110624999918e-05
1.421202885624999935e-05
1.246947603749999932e-05
1.014098601874999926e-05
8.789058000000000376e-06
1.016540006874999933e-05
1.306151674999999936e-05
1.461791243749999884e-05
1.417235602499999923e-05
1.339720993749999865e-05
1.381530054374999988e-05
1.506346884999999846e-05
1.574095873749999875e-05
1.547545594374999967e-05
1.524047071249999898e-05
1.557616389999999827e-05
1.619261866250000008e-05
1.644591443124999912e-05
1.544493838124999958e-05
1.326903617499999997e-05
1.130065339374999928e-05
1.111754801874999874e-05
1.303710269999999929e-05
1.571654468749999868e-05
1.785887757499999819e-05
1.845397004374999824e-05
1.669310668749999816e-05
1.394652606249999857e-05
1.256713223749999960e-05
1.276854815000000019e-05
1.365355746249999940e-05
1.482848361874999946e-05
1.589659830625000090e-05
1.630858540000000042e-05
1.624144676250000022e-05
1.659239873124999955e-05
1.716307714999999954e-05
1.769713449374999941e-05
1.917723627499999867e-05
2.088927153124999861e-05
2.094725490000000047e-05
1.974791469374999865e-05
1.894835455624999969e-05
1.861876488124999872e-05
1.794127499375000012e-05
1.757201248750000073e-05
1.852416043750000014e-05
2.002257275624999945e-05
2.007140085624999960e-05
1.717833593124999789e-05
1.248168306249999935e-05
1.048888623125000028e-05
1.477965551874999932e-05
2.298582807499999968e-05
2.978208924374999760e-05
3.281248320000000141e-05
3.309934828749999886e-05
3.309324477499999545e-05
3.427427444374999722e-05
3.543699357499999555e-05
3.501890296874999941e-05
3.362730211874999533e-05
3.287962183749999821e-05
3.332517824999999613e-05
3.350828362499999667e-05
3.202513008749999571e-05
3.003233325624999833e-05
2.954710401249999860e-05
3.092954959375000096e-05
3.283079373749999807e-05
3.351438713750000008e-05
3.310240004375000056e-05
3.262022255624999576e-05
3.140867532499999729e-05
2.938536093124999982e-05
2.804869169374999929e-05
2.785948280624999873e-05
2.792356968749999723e-05
2.736509829374999728e-05
2.633055292499999933e-05
2.559507966874999886e-05
2.564085601249999730e-05
2.570189113749999748e-05
2.431944555624999851e-05
2.212218105624999884e-05
2.046507741249999906e-05
1.886595713749999776e-05
1.718749119999999961e-05
1.606444489999999970e-05
1.537169623124999936e-05
1.505126182500000012e-05
1.510924519374999859e-05
1.531676461874999920e-05
1.573485522499999873e-05
1.570433766249999864e-05
1.437377193749999982e-05
1.275023761250000014e-05
1.253661467499999951e-05
1.317748348749999970e-05
1.249694184374999940e-05
1.066283633749999910e-05
9.866327956250000149e-06
1.078490658749999946e-05
1.294860176874999903e-05
1.552123228749999811e-05
1.648558726249999755e-05
1.457823960624999873e-05
1.194152220624999946e-05
1.168822643749999872e-05
1.328734671250000002e-05
1.361083287499999928e-05
1.119079016874999895e-05
7.852168831249999322e-06
6.689449699999999298e-06
8.532710474999999624e-06
1.166686414374999866e-05
1.404418226249999885e-05
1.457823960624999873e-05
1.387023215625000004e-05
1.341552047499999870e-05
1.351317667499999899e-05
1.311644836249999952e-05
1.200866084374999966e-05
1.151122457499999989e-05
1.195983274374999952e-05
1.206969596874999984e-05
1.144713769374999970e-05
1.043395461875000012e-05
8.886714199999998969e-06
7.583614281249999381e-06
8.099361087500000047e-06
1.010131318749999914e-05
1.187438356874999926e-05
1.308593079999999943e-05
1.421202885624999935e-05
1.455382555624999866e-05
1.320494929374999978e-05
1.107482343125000031e-05
1.001281225624999888e-05
1.056212838124999880e-05
1.190490113124999935e-05
1.260680506874999972e-05
1.212157582499999999e-05
1.193847044999999945e-05
1.284789381249999873e-05
1.372985136874999963e-05
1.447142813750000011e-05
1.610716948749999983e-05
1.753539141250000063e-05
1.661986453749999794e-05
1.444701408750000004e-05
1.363829868124999936e-05
1.473387917499999918e-05
1.647032848124999920e-05
1.726378510624999814e-05
1.700133406875000075e-05
1.657713994999999782e-05
1.564635429375000017e-05
1.308898255624999944e-05
9.124751187499999667e-06
5.905148343749999538e-06
5.435177881249999853e-06
8.227534850000000423e-06
1.368407502499999949e-05
1.943358379999999942e-05
2.241209789999999800e-05
2.214964686250000061e-05
2.042540458125000064e-05
1.866148946874999885e-05
1.754149492500000065e-05
1.661376102499999792e-05
1.516417680624999875e-05
1.370848907499999956e-05
1.334227832500000018e-05
1.500243372499999997e-05
1.712035256249999941e-05
1.625670554374999857e-05
1.281127273749999863e-05
1.051024852500000034e-05
1.108703045624999865e-05
1.381530054374999988e-05
1.683348747499999857e-05
1.828307169374999774e-05
1.767882395624999935e-05
1.563109551249999843e-05
1.321105280624999980e-05
1.114501382499999882e-05
9.793085806249999934e-06
9.829706881250000042e-06
1.123046299999999907e-05
1.314391416874999960e-05
1.517028031874999877e-05
1.706847270624999756e-05
1.825255413124999765e-05
1.836852086874999799e-05
1.736754481874999844e-05
1.603697909374999793e-05
1.633299945000000049e-05
1.901549319374999989e-05
2.142332887499999848e-05
2.034911067499999872e-05
1.751097736250000056e-05
1.703795514375000086e-05
1.861266136874999871e-05
1.975096645000000035e-05
2.041930106875000062e-05
2.088316801874999859e-05
2.074583898749999988e-05
2.034911067499999872e-05
1.962889619999999999e-05
1.829527871874999777e-05
1.661986453749999794e-05
1.515807329374999873e-05
1.528014354374999909e-05
1.726073334999999982e-05
1.894530279999999799e-05
1.874999040000000080e-05
1.698912704375000072e-05
1.508788289999999853e-05
1.460570541249999881e-05
1.473082741874999917e-05
1.359252233749999922e-05
1.238707861874999907e-05
1.349791789374999895e-05
1.650084604374999929e-05
1.893614753124999966e-05
1.906126953749999833e-05
1.732176847500000000e-05
1.596678869999999941e-05
1.671446898124999991e-05
1.875914566874999914e-05
1.985777791874999897e-05
1.853636746250000018e-05
1.484984591249999952e-05
9.869379712500000158e-06
4.632565987500000040e-06
9.887690249999999365e-07
2.716063062499999922e-06
1.132506744374999935e-05
2.080687411250000006e-05
2.261656556875000029e-05
1.646117321250000086e-05
9.765619999999999854e-06
7.208248262499999973e-06
8.001704887499999760e-06
1.041259232500000006e-05
1.275328936875000015e-05
1.333007130000000015e-05
1.173095102499999884e-05
8.972163374999999220e-06
6.668087406250000083e-06
5.499264762500000041e-06
4.882809999999999927e-06
4.162595524999999508e-06
3.570554812499999888e-06
4.174802549999999544e-06
5.740353506249999902e-06
6.607052281249999904e-06
6.057736156249999986e-06
4.577634374999999878e-06
3.518674956249999736e-06
4.244992943749999749e-06
6.188961674999999524e-06
7.595821306249999416e-06
8.190913775000000315e-06
8.862300149999998897e-06
9.750361218749999809e-06
9.890742006250000221e-06
8.670039506250000027e-06
7.318111487499999449e-06
7.614131843749999470e-06
9.561152331249999254e-06
1.088866629999999976e-05
9.710688387499999692e-06
7.244869337499999234e-06
5.859371999999999404e-06
6.079098450000000049e-06
6.805416437499999639e-06
7.647701162500000416e-06
9.112544162499999631e-06
1.077269956249999942e-05
1.221618026874999857e-05
1.377562771249999976e-05
1.482543186249999945e-05
1.357116004374999916e-05
9.088130112499999560e-06
3.082273812499999726e-06
-2.655027937499999849e-07
2.359007581249999722e-06
9.762568243749999845e-06
1.747740804374999876e-05
2.080382235624999836e-05
1.848753936250000003e-05
1.441954828124999996e-05
1.210021353124999993e-05
1.084594171249999964e-05
9.436030324999998886e-06
8.843989612499998843e-06
1.043395461875000012e-05
1.316527646249999966e-05
1.392821552499999851e-05
1.162413955625000022e-05
8.459468324999999409e-06
6.997677081249999356e-06
8.163447968750000235e-06
1.065062931249999906e-05
1.217650743750000015e-05
1.222533553749999860e-05
1.154479389374999999e-05
9.896845518750000239e-06
7.498165106249999977e-06
5.853268487499999386e-06
5.691525406249999758e-06
6.399532856249999295e-06
7.180782456249999893e-06
7.962032056249999644e-06
8.554072768749999687e-06
8.160396212500000226e-06
6.597897012499999877e-06
4.925534587500000052e-06
4.534909787499999753e-06
5.480954224999999988e-06
7.388301881249999655e-06
9.841913906250000077e-06
1.064452579999999904e-05
9.060664306249999479e-06
7.299800949999999395e-06
6.341549487499999972e-06
6.292721387499999828e-06
8.068843524999999957e-06
1.092223561874999986e-05
1.222228378124999859e-05
1.099547776875000007e-05
8.685298287500000072e-06
6.729122531249999415e-06
6.253048556249999712e-06
7.571407256249999345e-06
9.103388893749999605e-06
9.802241074999999961e-06
9.884638493750000203e-06
9.283442512500000133e-06
8.331294562499999033e-06
7.635494137500000380e-06
7.675166968749998802e-06
8.395381443749999221e-06
8.489985887499999499e-06
8.129878650000000136e-06
9.631342724999999460e-06
1.311950011874999953e-05
1.576537278749999882e-05
1.586913249999999913e-05
1.398925064999999869e-05
1.077880307499999944e-05
7.312007974999999431e-06
6.115719524999999309e-06
8.508296424999999553e-06
1.263121911874999979e-05
1.577147629999999884e-05
1.619261866250000008e-05
1.355284950624999911e-05
9.704584874999999674e-06
6.915279662499999961e-06
5.944821174999999655e-06
6.356808268750000016e-06
6.414791637499999339e-06
4.772946774999999604e-06
2.566527006249999907e-06
1.242064793750000044e-06
7.995601374999999107e-07
7.965083812500000076e-07
5.126950500000000220e-07
-3.784177749999999986e-07
-1.232909525000000018e-06
-1.303099918750000012e-06
3.051756249999999690e-08
2.148436399999999951e-06
2.536009443749999817e-06
5.493161249999999573e-08
-2.890013168750000009e-06
-3.387449437499999774e-06
-1.559447443749999917e-06
2.899168437500000036e-07
1.000976049999999972e-06
1.007079562499999990e-06
6.286617874999999387e-07
-2.746580624999999787e-08
-7.507320374999999792e-07
-1.406859631249999893e-06
-1.654051887499999983e-06
-1.437377193749999982e-06
-1.269530599999999913e-06
-1.361083287499999970e-06
-2.462767293750000026e-06
-5.535885837500000149e-06
-9.179682799999999828e-06
-1.023864221874999955e-05
-6.945797225000000050e-06
-8.270259437499999913e-07
4.507443981249999672e-06
6.042477374999999941e-06
2.978514099999999845e-06
-2.371214606249999757e-06
-6.515499593749999635e-06
-7.855220587499999331e-06
-6.240841531249999676e-06
-2.648924424999999725e-06
2.227782062499999919e-07
9.246821437499999602e-07
6.896969125000000119e-07
3.753660187499999896e-07
-1.281737625000000055e-07
-8.209224312499999734e-07
-1.690672962499999878e-06
-2.117918837499999861e-06
-1.516722856250000003e-06
-3.540037249999999799e-07
9.948725374999999544e-07
2.258299624999999850e-06
2.526854174999999791e-06
2.053831956250000097e-06
2.496336612499999701e-06
4.376218462500000134e-06
6.042477374999999941e-06
5.468747199999999952e-06
3.091429081249999753e-06
1.037597124999999868e-06
-2.624510374999999759e-07
-1.464842999999999851e-06
-1.760863356249999872e-06
-2.410887437499999662e-07
2.194212743750000085e-06
4.071042837500000086e-06
4.968259175000000177e-06
5.035397812499999527e-06
3.820798825000000199e-06
1.373290312500000006e-06
-8.239741874999999823e-07
-1.168822643750000041e-06
2.166746937500000005e-07
1.333617481249999889e-06
1.608275543749999848e-06
2.932737756249999711e-06
4.187009574999999579e-06
1.953123999999999801e-06
-1.605223787499999839e-06
-2.194212743750000085e-06
-7.873531124999999808e-07
-4.730222187499999585e-07
-1.055907662499999922e-06
-1.312255187499999880e-07
1.715087012499999950e-06
1.339720993749999907e-06
-1.251220062499999859e-06
-3.067015031249999681e-06
-2.438353243749999954e-06
6.103512499999999379e-08
2.145384643749999942e-06
1.690672962499999878e-06
-3.051756249999999954e-07
-1.202391962499999928e-06
-1.129149812500000004e-07
1.846312531249999911e-06
2.954100049999999774e-06
3.100584349999999780e-06
3.683469793749999796e-06
4.095456887500000158e-06
2.215575037499999724e-06
-1.757811599999999864e-06
-4.989621468749999393e-06
-5.703732431249999794e-06
-5.014035518749999465e-06
-4.266355237499999812e-06
-3.680418037499999787e-06
-3.729246137499999930e-06
-4.833981899999999783e-06
-6.668087406250000083e-06
-9.057612549999999470e-06
-1.131896393124999933e-05
-1.250609711249999942e-05
-1.330260549375000007e-05
-1.395873308749999860e-05
-1.326293266249999995e-05
-1.172179575624999882e-05
-1.062011174999999897e-05
-9.432978568749998878e-06
-7.983394349999999707e-06
-7.666011700000000469e-06
-8.898921224999999005e-06
-9.823603368750000024e-06
-8.996577424999999291e-06
-7.150264893749999803e-06
-5.734249993749999884e-06
-5.929562393749999610e-06
-7.440181737499999807e-06
-8.108516356250000074e-06
-6.958004250000000086e-06
-6.103512500000000120e-06
-7.739253849999998990e-06
-1.075438902499999937e-05
-1.220702500000000024e-05
-1.162413955625000022e-05
-1.129149812499999925e-05
-1.246642428124999931e-05
-1.435240964374999976e-05
-1.559447443749999832e-05
-1.489562225624999966e-05
-1.189269410624999932e-05
-7.556148474999999300e-06
-4.071042837500000086e-06
-4.742429212499999515e-06
-1.023864221874999955e-05
-1.656493292499999778e-05
-1.937254867499999924e-05
-1.761778883124999918e-05
-1.369323029374999952e-05
-1.040648881250000004e-05
-9.088130112499999560e-06
-1.021422816874999948e-05
-1.229857768749999881e-05
-1.325988090624999994e-05
-1.366576448749999944e-05
-1.451720448124999855e-05
-1.510008992499999856e-05
-1.528929881250000081e-05
-1.535643744999999762e-05
-1.513976275624999868e-05
-1.548461121249999800e-05
-1.681212518125000020e-05
-1.796263728749999849e-05
-1.780699771874999973e-05
-1.606749665624999801e-05
-1.366576448749999944e-05
-1.166381238749999865e-05
-1.049193798750000029e-05
-1.122741124374999906e-05
-1.388549093750000008e-05
-1.569518239375000031e-05
-1.494139859999999979e-05
-1.337279588749999858e-05
-1.286925610624999880e-05
-1.352538369999999903e-05
-1.504515831250000010e-05
-1.670226195624999988e-05
-1.681517693749999851e-05
-1.453551501874999860e-05
-1.182250371249999911e-05
-1.109618572499999868e-05
-1.175841683124999892e-05
-1.246642428124999931e-05
-1.368712678124999950e-05
-1.562499199999999841e-05
-1.729430266874999823e-05
-1.761473707499999747e-05
-1.644896618750000083e-05
-1.499938196874999996e-05
-1.413268319374999911e-05
-1.315917294999999965e-05
-1.145934471874999974e-05
-1.058654243124999887e-05
-1.235961281249999899e-05
-1.558837092499999830e-05
-1.759032302500000079e-05
-1.761473707499999747e-05
-1.689452259999999875e-05
-1.664122683124999970e-05
-1.654662238749999773e-05
-1.604003084999999963e-05
-1.609496246249999979e-05
-1.773375556874999952e-05
-2.041319755625000060e-05
-2.218321618124999902e-05
-2.133177618749999821e-05
-1.878355971874999921e-05
-1.693114367499999885e-05
-1.609496246249999979e-05
-1.533507515624999925e-05
-1.496581264999999986e-05
-1.526488476250000074e-05
-1.556700863124999993e-05
-1.582030439999999898e-05
-1.643675916250000079e-05
-1.685790152499999864e-05
-1.623534325000000020e-05
-1.546630067499999794e-05
-1.612242826874999818e-05
-1.756285721874999901e-05
-1.839903843124999808e-05
-1.890257821249999786e-05
-1.924742666875000057e-05
-1.855772975624999854e-05
-1.666869263749999808e-05
-1.472167214999999915e-05
-1.372069609999999960e-05
-1.341552047499999870e-05
-1.313170714374999957e-05
-1.258544277499999966e-05
-1.134948149374999942e-05
-9.539790037499999191e-06
-8.471675349999999445e-06
-8.764643950000000305e-06
-1.036681598124999992e-05
-1.325072563749999991e-05
-1.579283859375000060e-05
-1.645506970000000085e-05
-1.631774066874999875e-05
-1.678465937499999842e-05
-1.759642653750000081e-05
-1.793822323749999842e-05
-1.769713449374999941e-05
-1.824645061874999763e-05
-2.121275769374999956e-05
-2.603758432499999847e-05
-2.932432580624999964e-05
-2.743834044374999750e-05
-2.119139539999999780e-05
-1.508177938749999851e-05
-1.220092148750000022e-05
-1.275328936875000015e-05
-1.454467028749999863e-05
-1.517638383124999879e-05
-1.511229694999999860e-05
-1.525572949374999902e-05
-1.387938742500000006e-05
-1.020507289999999945e-05
-6.835933999999999728e-06
-6.100460743750000111e-06
-7.504268618749999995e-06
-8.621211406249999884e-06
-7.556148474999999300e-06
-5.065915374999999617e-06
-3.610227643750000005e-06
-4.779050287499999622e-06
-7.476802812499999914e-06
-9.487910181249999039e-06
-1.020812465624999946e-05
-9.817499856250000006e-06
-8.520503449999999588e-06
-7.229610556250000036e-06
-6.622311062499999948e-06
-6.924434931249999988e-06
-8.026118937499999832e-06
-8.752436925000000269e-06
-8.529658718749999615e-06
-8.297725243749998935e-06
-8.615107893749999866e-06
-9.374995200000000401e-06
-1.019591763124999942e-05
-1.008910616249999911e-05
-9.039302012499999417e-06
-8.831782587499998808e-06
-1.039428178750000000e-05
-1.225280134374999868e-05
-1.302489567499999925e-05
-1.307982728749999941e-05
-1.283873854374999871e-05
-1.250914886874999943e-05
-1.303099918749999927e-05
-1.430358154374999962e-05
-1.476439673749999927e-05
-1.416625251249999921e-05
-1.395262957499999859e-05
-1.518553909999999882e-05
-1.712645607499999943e-05
-1.820067427499999919e-05
-1.816710495625000079e-05
-1.678465937499999842e-05
-1.397094011249999864e-05
-1.217040392500000013e-05
-1.289367015624999887e-05
-1.432799559374999969e-05
-1.481017308124999941e-05
-1.439208247499999988e-05
-1.393737079374999854e-05
-1.416320075624999920e-05
-1.415709724374999919e-05
-1.288146313124999883e-05
-1.138610256874999953e-05
-1.074828551249999935e-05
-1.076964780624999941e-05
-1.066588809374999911e-05
-9.606928674999999388e-06
-7.980342593749999698e-06
-7.369991343749999601e-06
-9.179682799999999828e-06
-1.271361653750000003e-05
-1.519774612499999885e-05
-1.534117866874999927e-05
-1.465758526874999896e-05
-1.486815644999999958e-05
-1.534728218124999929e-05
-1.427306398124999953e-05
-1.203307489374999973e-05
-1.098327074375000004e-05
-1.206054069999999981e-05
-1.384581810624999997e-05
-1.493529508749999977e-05
-1.500243372499999997e-05
-1.424559817499999945e-05
-1.302184391874999924e-05
-1.185912478749999922e-05
-1.180419317499999906e-05
-1.349181438124999893e-05
-1.582945966875000070e-05
-1.695555772499999893e-05
-1.617125636874999832e-05
-1.396788835624999863e-05
-1.179503790624999903e-05
-1.123046299999999907e-05
-1.217955919375000016e-05
-1.334838183750000020e-05
-1.375121366249999969e-05
-1.365660921874999941e-05
-1.368407502499999949e-05
-1.323851861249999988e-05
-1.216430041250000012e-05
-1.178283088124999900e-05
-1.238707861874999907e-05
-1.287230786249999880e-05
-1.313170714374999957e-05
-1.372985136874999963e-05
-1.461486068124999883e-05
-1.546630067499999794e-05
-1.575316576249999879e-05
-1.527709178750000078e-05
-1.464537824374999892e-05
-1.449279043124999848e-05
-1.441649652499999995e-05
-1.385192161874999998e-05
-1.390685323125000015e-05
-1.527709178750000078e-05
-1.629943013124999870e-05
-1.556090511874999992e-05
-1.361693638749999929e-05
-1.214904163125000007e-05
-1.257933926249999964e-05
-1.432799559374999969e-05
-1.536864447499999766e-05
-1.422423588124999938e-05
-1.137694729999999950e-05
-9.378046956249998716e-06
-9.710688387499999692e-06
-1.124877353749999912e-05
-1.277159990625000020e-05
-1.380309351874999984e-05
-1.383361108124999993e-05
-1.329955373750000006e-05
-1.350402140624999896e-05
-1.422118412499999937e-05
-1.417235602499999923e-05
-1.417235602499999923e-05
-1.544188662499999787e-05
-1.636046525624999887e-05
-1.562804375625000011e-05
-1.520690139374999888e-05
-1.653746711874999939e-05
-1.793822323749999842e-05
-1.852416043750000014e-05
-1.992491655624999917e-05
-2.218321618124999902e-05
-2.265013488749999869e-05
-2.042845633749999895e-05
-1.806029348749999878e-05
-1.737670008750000016e-05
-1.758421951250000077e-05
-1.788329162499999826e-05
-1.858214380624999862e-05
-2.029112730625000024e-05
-2.236021804374999954e-05
-2.183226421249999968e-05
-1.725768159374999812e-05
-1.255187345624999956e-05
-1.214598987500000006e-05
-1.398925064999999869e-05
-1.320189753749999977e-05
-9.863276200000000140e-06
-7.318111487499999449e-06
-7.101436793749999660e-06
-8.935542299999999112e-06
-1.197509152499999956e-05
-1.469115458749999906e-05
-1.552123228749999811e-05
-1.391600850000000017e-05
-1.071471619374999925e-05
-8.920283518749999067e-06
-1.125182529374999913e-05
-1.561888848749999839e-05
-1.797179255625000021e-05
-1.744689048124999867e-05
-1.550292174999999805e-05
-1.406249279999999891e-05
-1.394652606249999857e-05
-1.441954828124999996e-05
-1.507567587499999849e-05
-1.632384418124999877e-05
-1.804198294999999873e-05
-1.882933606249999765e-05
-1.750487385000000054e-05
-1.486205293749999956e-05
-1.323851861249999988e-05
-1.402892348124999881e-05
-1.625060203124999855e-05
-1.870726581250000068e-05
-2.061156171249999949e-05
-2.081297762500000008e-05
-1.946410136249999951e-05
-1.809996631875000059e-05
-1.748656331250000048e-05
-1.662596804999999796e-05
-1.470336161249999909e-05
-1.341246871874999870e-05
-1.433715086249999971e-05
-1.628417135000000034e-05
-1.745909750624999871e-05
-1.712645607499999943e-05
-1.570433766249999864e-05
-1.541747257499999780e-05
-1.741637291874999858e-05
-1.907347656249999836e-05
-1.867369649374999889e-05
-1.851805692500000012e-05
-2.023314393749999838e-05
-2.205199066250000033e-05
-2.220457847499999739e-05
-2.104491109999999737e-05
-1.949461892499999960e-05
-1.868285176250000061e-05
-1.957091283124999813e-05
-2.122801647499999791e-05
-2.238158033749999791e-05
-2.279661918749999912e-05
-2.254637517499999839e-05
-2.189024758124999816e-05
-2.109984271249999753e-05
-2.088011626250000028e-05
-2.177122908749999950e-05
-2.303770793124999814e-05
-2.409361559374999785e-05
-2.509764339999999910e-05
-2.572935694374999926e-05
-2.538450848749999994e-05
-2.437742892500000037e-05
-2.376707767499999858e-05
-2.361143810624999982e-05
-2.249754707499999825e-05
-1.995848587499999757e-05
-1.774596259374999955e-05
-1.774291083749999785e-05
-1.993102006874999919e-05
-2.219237144999999735e-05
-2.261046205625000027e-05
-2.147826048749999864e-05
-2.010802193124999971e-05
-1.973570766874999861e-05
-2.070921791249999978e-05
-2.200316256250000018e-05
-2.261351381249999859e-05
-2.231749345624999941e-05
-2.133787969999999823e-05
-2.099303124374999891e-05
-2.283934377499999925e-05
-2.540587078124999831e-05
-2.524107594374999783e-05
-2.216185388749999726e-05
-1.898802738749999811e-05
-1.753844316874999894e-05
-1.800841363125000032e-05
-1.932677233124999741e-05
-2.019041934999999825e-05
-2.059325117499999943e-05
-2.104796285624999907e-05
-2.155760614999999888e-05
-2.202757661250000026e-05
-2.271117001249999887e-05
-2.332152126249999728e-05
-2.322691681874999869e-05
-2.266234191249999873e-05
-2.165526234999999916e-05
-2.029112730625000024e-05
-2.064207927499999958e-05
-2.360838634999999812e-05
-2.539061199999999996e-05
-2.200011080624999848e-05
-1.487425996249999960e-05
-8.984370399999999255e-06
-7.806392487499999187e-06
-1.062926701874999900e-05
-1.369933380624999954e-05
-1.379699000624999982e-05
-1.024169397499999956e-05
-5.230710212500000100e-06
-2.462767293750000026e-06
-3.109739618749999807e-06
-4.595944912499999932e-06
-4.971310931250000186e-06
-5.001828493749999429e-06
-5.383298024999999701e-06
-5.300900606249999459e-06
-4.067991081250000077e-06
-2.328490018750000056e-06
-8.819575562499999407e-07
-1.892088874999999993e-07
-3.570554812499999888e-07
-3.173826499999999783e-07
5.798336875000000072e-07
1.257323574999999877e-06
1.269530599999999913e-06
1.495360562499999941e-06
1.409911387499999902e-06
-2.166746937500000005e-07
-2.508543637499999737e-06
-4.364011437500000099e-06
-6.082150206250000058e-06
-7.293697437499999377e-06
-7.235714068750000054e-06
-6.695553212499999316e-06
-6.500240812499999590e-06
-6.460567981249999474e-06
-7.058712206249999535e-06
-8.456416568749999400e-06
-9.350581150000000330e-06
-9.182734556249999837e-06
-8.508296424999999553e-06
-7.855220587499999331e-06
-7.846065318749999304e-06
-8.273311193749998863e-06
-8.187862018750000307e-06
-7.635494137500000380e-06
-6.924434931249999988e-06
-5.654904331249999651e-06
-4.058835812500000050e-06
-3.280637968749999885e-06
-3.936765562499999692e-06
-4.666135306250000138e-06
-4.672238818750000156e-06
-6.088253718750000075e-06
-8.999629181249999300e-06
-1.034850544374999987e-05
-9.216303874999999936e-06
-7.412715931249999726e-06
-6.948848981250000059e-06
-8.322139293749999006e-06
-9.927363081250000328e-06
-1.058043891874999886e-05
-1.077880307499999944e-05
-1.009215791874999912e-05
-8.114619868750000092e-06
-6.268307337499999757e-06
-5.169675087499999921e-06
-4.187009574999999579e-06
-3.195188793750000057e-06
-2.835081556249999848e-06
-4.049680543750000023e-06
-6.390377587500000115e-06
-8.453364812499999391e-06
-1.003417454999999895e-05
-1.075133726874999936e-05
-9.884638493750000203e-06
-8.291621731249998917e-06
-7.235714068750000054e-06
-7.339473781249999511e-06
-8.895869468749998996e-06
-1.114501382499999882e-05
-1.245421725624999927e-05
-1.171874399999999881e-05
-9.301753050000000187e-06
-6.924434931249999988e-06
-5.670163112499999696e-06
-5.447384906249999889e-06
-6.262203824999999739e-06
-7.702632774999998883e-06
-8.502192912499999535e-06
-7.592769549999999408e-06
-5.102536449999999724e-06
-2.679441987499999815e-06
-1.977538049999999873e-06
-2.804563993749999758e-06
-3.778074237499999650e-06
-4.205320112499999633e-06
-4.095456887500000158e-06
-2.539061199999999826e-06
6.835933999999999940e-07
2.770994674999999660e-06
2.005003856249999954e-06
7.019039374999999418e-08
-1.580809737499999979e-06
-2.966307074999999809e-06
-4.287717531249999875e-06
-4.565427349999999843e-06
-2.575682274999999934e-06
3.326414312499999701e-07
1.599120274999999821e-06
6.286617874999999387e-07
-1.364135043749999979e-06
-3.421018756249999873e-06
-5.551144618749999347e-06
-7.186885968749999911e-06
-7.366939587499999592e-06
-6.491085543749999563e-06
-5.487057737500000006e-06
-4.562375593749999834e-06
-3.546140762499999817e-06
-2.606199837500000023e-06
-2.398680412499999838e-06
-3.369138899999999721e-06
-5.139157524999999832e-06
-7.000728837499999365e-06
-8.761592193750000296e-06
-9.814448099999999997e-06
-9.643549749999999495e-06
-8.901972981249999014e-06
-7.717891556249998928e-06
-5.932614149999999619e-06
-3.680418037499999787e-06
-1.184081424999999874e-06
2.624510374999999759e-07
-1.464843000000000063e-07
-1.382445581250000033e-06
-2.191160987500000076e-06
-2.178953962500000040e-06
-1.727294037499999986e-06
-9.338374124999999871e-07
1.373290312500000059e-07
8.117671624999999465e-07
1.251220062499999859e-06
1.928709949999999730e-06
1.815794968749999822e-06
9.765619999999999536e-08
-1.638793106249999938e-06
-1.651000131249999974e-06
-4.425046562499999748e-07
8.331294562500000092e-07
1.342772749999999916e-06
3.723142624999999807e-07
-1.702879987499999914e-06
-3.536985493749999790e-06
-4.187009574999999579e-06
-4.302976312499999920e-06
-4.833981899999999783e-06
-5.377194512499999683e-06
-6.420895149999999357e-06
-8.499141156249999526e-06
-9.674067312499999585e-06
-9.149165237499999739e-06
-8.950801081249999157e-06
-1.015624479999999931e-05
-1.093139088749999989e-05
-9.527583012499999155e-06
-7.217403531250000000e-06
-6.051632643749999968e-06
-6.573482962499999805e-06
-8.673091262500000036e-06
-1.127318758749999919e-05
-1.211852406874999998e-05
-1.082457941874999957e-05
-9.545893549999999209e-06
-9.323115343750000249e-06
-9.170527531249999802e-06
-8.587642087499999785e-06
-8.306880512499998962e-06
-9.097285381249999587e-06
-1.091308034999999983e-05
-1.230468119999999883e-05
-1.193847044999999945e-05
-1.129760163749999927e-05
-1.213988636250000004e-05
-1.348571086874999891e-05
-1.363219516874999934e-05
-1.232909524999999890e-05
-1.058043891874999886e-05
-9.115595918749999640e-06
-8.422847249999999302e-06
-9.381098712499998725e-06
-1.120299719374999899e-05
-1.173705453749999886e-05
-1.106566816250000028e-05
-1.083068293124999959e-05
-1.093749439999999990e-05
-1.088561454374999975e-05
-1.143187891249999966e-05
-1.255797696874999958e-05
-1.318358699999999972e-05
-1.256408048124999959e-05
-1.089782156874999979e-05
-9.555048818749999236e-06
-9.271235487500000097e-06
-8.813472049999998754e-06
-7.711788043749998910e-06
-6.988521812499999329e-06
-6.027218593749999896e-06
-3.552244274999999834e-06
-5.645749062499999624e-07
1.394652606249999857e-06
2.136229374999999915e-06
1.568602712499999944e-06
-5.310055874999999698e-07
-3.039549225000000024e-06
-3.762815456250000029e-06
-1.828001993749999858e-06
8.483882374999999481e-07
2.166746937500000005e-06
2.084349518749999763e-06
5.279538312499999608e-07
-2.416990949999999892e-06
-4.742429212499999515e-06
-5.407712074999999773e-06
-5.603024474999999499e-06
-5.432126124999999844e-06
-3.176878256250000004e-06
2.294920699999999957e-06
9.240717925000000007e-06
1.322631158749999984e-05
1.155700091875000003e-05
7.281490412499999341e-06
5.978390493749999753e-06
8.489985887499999499e-06
1.123046299999999907e-05
1.146239647499999975e-05
8.636470187499999929e-06
4.782102043749999631e-06
2.893064925000000018e-06
3.161619474999999959e-06
3.381345924999999757e-06
2.667234962499999779e-06
2.587889299999999970e-06
3.988645418749999844e-06
4.693601112499999372e-06
2.764891162500000065e-06
1.617430812499999981e-07
-6.500240812500000014e-07
-5.798336874999999807e-08
1.324462212499999863e-06
3.610227643750000005e-06
5.862423756249999413e-06
6.091305475000000084e-06
3.918455024999999638e-06
2.117918837499999861e-06
2.352904068749999704e-06
2.987669368749999872e-06
3.378294168749999748e-06
4.589841399999999914e-06
5.575558668749999418e-06
3.823850581250000208e-06
-6.164547625000000088e-07
-4.858395949999999855e-06
-6.521603106249999653e-06
-6.103512500000000120e-06
-5.395505049999999737e-06
-5.493161250000000023e-06
-6.353756512500000007e-06
-6.521603106249999653e-06
-5.404660318749999764e-06
-4.553220324999999807e-06
-4.553220324999999807e-06
-3.973386637499999800e-06
-1.873778337499999992e-06
6.439205687499999835e-07
1.745604574999999828e-06
1.562499199999999926e-06
1.327513968749999872e-06
1.126098056249999916e-06
9.155268749999999333e-07
1.089476981250000020e-06
1.730345793749999995e-06
2.911375462500000072e-06
4.055784056250000041e-06
3.878782193749999522e-06
1.873778337499999992e-06
-9.124751187499999244e-07
-2.673338474999999797e-06
-3.695676818749999832e-06
-5.410763831249999782e-06
-6.982418299999999311e-06
-7.019039374999999418e-06
-5.627438524999999570e-06
-4.284665774999999866e-06
-4.885861756249999936e-06
-7.153316649999999812e-06
-8.621211406249999884e-06
-8.288569974999998908e-06
-7.275386899999999323e-06
-5.996701031249999807e-06
-4.193113087499999597e-06
-2.264403137499999868e-06
-7.781978437499999539e-07
-3.356931874999999791e-07
-1.181029668749999865e-06
-2.490233099999999683e-06
-3.103636106249999789e-06
-2.307127724999999993e-06
-6.866451562500000029e-07
6.103512499999999379e-08
-5.706784187499999803e-07
-2.066038981249999709e-06
-3.808591799999999740e-06
-4.705808137499999407e-06
-4.302976312499999920e-06
-2.859495606249999920e-06
-9.551997062500000497e-07
9.185786312499999423e-07
3.182981768750000022e-06
5.291745337499999433e-06
5.615231499999999535e-06
4.003904199999999889e-06
1.678465937499999842e-06
3.051756249999999690e-08
-1.434325437499999973e-07
9.338374124999999871e-07
2.362059337499999731e-06
2.600096325000000005e-06
9.551997062500000497e-07
-8.666987750000000018e-07
-1.403807874999999884e-06
-1.516722856250000003e-06
-2.728270087499999958e-06
-5.401608562499999755e-06
-7.611080087499999461e-06
-6.542965399999999716e-06
-2.136229374999999915e-06
2.877806143749999973e-06
5.307004118749999477e-06
3.152464206249999932e-06
-1.837157262499999885e-06
-4.821774874999999748e-06
-3.036497468750000015e-06
8.270259437499999913e-07
1.498412318749999949e-06
-2.243040843749999805e-06
-5.548092862499999338e-06
-3.433225781249999909e-06
2.761839406250000057e-06
6.701656724999999334e-06
5.050656593749999572e-06
2.093504787499999790e-06
3.738401406249999957e-06
9.295649537500000169e-06
1.348876262499999892e-05
1.394347430624999856e-05
1.256102872499999958e-05
1.156615618750000005e-05
1.155089740625000001e-05
1.209411001874999991e-05
1.208495474999999988e-05
1.089476981249999978e-05
9.841913906250000077e-06
1.061705999374999896e-05
1.316527646249999966e-05
1.591490884374999757e-05
1.663512331874999968e-05
1.461486068124999883e-05
1.196593625624999953e-05
1.101378830625000013e-05
1.172484751249999883e-05
1.213683460625000003e-05
1.085204522499999965e-05
8.612056137499999857e-06
6.753536581249999486e-06
5.447384906249999889e-06
4.385373731250000161e-06
3.817747068750000190e-06
3.540037249999999799e-06
3.137205424999999887e-06
3.619382912500000031e-06
4.888913512499999945e-06
4.885861756249999936e-06
3.305052018749999956e-06
1.593016762500000015e-06
7.720943312499999360e-07
1.104735762499999853e-06
1.818846724999999831e-06
1.556395687499999908e-06
3.479002124999999620e-07
-1.312255187499999880e-07
3.997800687499999554e-07
3.479002124999999620e-07
-5.310055874999999698e-07
-1.718138768749999959e-06
-4.025266493749999952e-06
-7.232662312500000045e-06
-9.368891687500000384e-06
-9.439082081249998895e-06
-7.598873062499999425e-06
-4.943845125000000106e-06
-3.515623199999999727e-06
-4.144284987499999454e-06
-5.960079956249999699e-06
-7.424922956249999762e-06
-7.266231631249999296e-06
-5.859371999999999404e-06
-4.455564124999999520e-06
-3.823850581250000208e-06
-3.369138899999999721e-06
-1.782225649999999935e-06
-7.141109624999999776e-07
-2.743528868750000003e-06
-5.795285118750000063e-06
-6.588741743749999850e-06
-5.700680674999999785e-06
-4.885861756249999936e-06
-3.704832087499999859e-06
-1.794432674999999971e-06
-1.043700637499999886e-06
-1.980589806249999882e-06
-2.676390231249999806e-06
-2.832029799999999839e-06
-3.295896749999999929e-06
-3.604124131249999987e-06
-3.466795100000000007e-06
-3.158567718749999950e-06
-2.813719262499999785e-06
-2.993772881249999890e-06
-3.579710081249999915e-06
-3.414915243749999855e-06
-2.801512237499999749e-06
-3.298948506249999938e-06
-4.949948637500000124e-06
-6.619259306249999939e-06
-7.806392487499999187e-06
-8.316035781249998989e-06
-7.904048687499999474e-06
-7.000728837499999365e-06
-6.335445974999999954e-06
-6.658932137500000056e-06
-8.175654993750000271e-06
-9.524531256249999146e-06
-9.927363081250000328e-06
-1.045226515625000017e-05
-1.112059977499999875e-05
-1.100463303750000010e-05
-1.071776794999999926e-05
-1.101684006250000014e-05
-1.131286041874999931e-05
-1.092833913124999988e-05
-1.013488250624999924e-05
-9.838862150000000068e-06
-1.014403777499999927e-05
-1.048278271875000026e-05
-1.112365153124999876e-05
-1.197203976874999955e-05
-1.152037984374999992e-05
-9.332270612500000276e-06
-6.820675218749999683e-06
-5.386349781249999710e-06
-5.877682537499999458e-06
-8.322139293749999006e-06
-1.189269410624999932e-05
-1.487120820624999959e-05
-1.499327845624999995e-05
-1.299437811249999916e-05
-1.214293811875000005e-05
-1.281737624999999864e-05
-1.348876262499999892e-05
-1.380309351874999984e-05
-1.390380147500000014e-05
-1.479796605624999937e-05
-1.693114367499999885e-05
-1.810912158749999892e-05
-1.656493292499999778e-05
-1.338805466874999862e-05
-1.114501382499999882e-05
-1.169127819374999873e-05
-1.376647244374999973e-05
-1.481322483749999942e-05
-1.444091057500000002e-05
-1.352538369999999903e-05
-1.248778657499999937e-05
-1.154479389374999999e-05
-1.149596579374999985e-05
-1.289061839999999886e-05
-1.428527100624999956e-05
-1.405638928749999889e-05
-1.296691230624999908e-05
-1.204528191874999977e-05
-1.138610256874999953e-05
-1.128539461249999923e-05
-1.161498428750000020e-05
-1.236266456874999900e-05
-1.388549093750000008e-05
-1.526488476250000074e-05
-1.558226741249999829e-05
-1.495360562499999983e-05
-1.301574040624999923e-05
-1.021727992499999948e-05
-8.374019149999999159e-06
-8.251948899999998800e-06
-9.283442512500000133e-06
-1.058349067499999887e-05
-1.136779203124999947e-05
-1.090697683749999981e-05
-9.451289106249998931e-06
-8.901972981249999014e-06
-9.844965662500000086e-06
-1.066588809374999911e-05
-1.046142042500000020e-05
-9.985346449999998804e-06
-1.013488250624999924e-05
-1.052550730624999869e-05
-1.084288995624999963e-05
-1.188659059374999930e-05
-1.296080879374999906e-05
-1.191100464374999937e-05
-8.615107893749999866e-06
-5.841061462499999350e-06
-6.051632643749999968e-06
-7.623287112499999497e-06
-6.872555074999999835e-06
-3.976438393749999809e-06
-2.499388368749999710e-06
-3.826902337500000217e-06
-6.161495868749999443e-06
-7.385250124999999646e-06
-6.433102174999999393e-06
-3.796384774999999704e-06
-1.431273681249999964e-06
-6.042477374999999729e-07
-4.516599250000000017e-07
6.103512499999999379e-08
8.605952624999999839e-07
1.641844862499999947e-06
2.066038981249999709e-06
8.514399937499999571e-07
-2.166746937500000005e-06
-4.351804412500000063e-06
-4.504392224999999663e-06
-3.823850581250000208e-06
-3.045652737500000042e-06
-2.468870806250000044e-06
-2.136229374999999915e-06
-1.538085149999999854e-06
-5.981442249999999550e-07
1.068114687499999958e-07
4.425046562499999748e-07
3.082273812500000044e-07
-6.958004249999999239e-07
-1.892088874999999834e-06
-1.925658193749999721e-06
-1.467894756249999860e-06
-2.236937331249999787e-06
-3.179930012500000013e-06
-2.465819050000000035e-06
-1.394652606249999857e-06
-1.266478843749999904e-06
-1.168822643750000041e-06
-1.568602712499999944e-06
-2.755735893750000039e-06
-2.517698906249999764e-06
-9.826655124999999186e-07
-1.077269956249999984e-06
-3.503416174999999691e-06
-6.063839668750000004e-06
-5.892941318749999502e-06
-2.301024212499999975e-06
2.209471524999999706e-06
4.785153799999999640e-06
4.385373731250000161e-06
1.708983499999999932e-06
-1.144408593749999970e-06
-2.478026075000000071e-06
-3.283689724999999894e-06
-5.068967131249999626e-06
-6.683346187499999280e-06
-7.019039374999999418e-06
-7.095333281249999642e-06
-7.156368406249999821e-06
-6.570431206249999796e-06
-5.902096587499999529e-06
-5.981442249999999762e-06
-6.829830487499999710e-06
-8.203120800000000351e-06
-9.365839931250000375e-06
-8.950801081249999157e-06
-6.506344324999999608e-06
-3.457639831249999980e-06
-1.736449306250000013e-06
-1.562499199999999926e-06
-1.629637837499999911e-06
-1.406859631249999893e-06
-1.754759843749999855e-06
-3.198240549999999643e-06
-4.647824768750000084e-06
-4.428098318749999440e-06
-2.499388368749999710e-06
-6.866451562500000029e-07
-4.699704625000000025e-07
-1.303099918750000012e-06
-1.965331024999999837e-06
-2.951048293749999765e-06
-5.038449568749999536e-06
-6.951900737500000068e-06
-7.125850843749999732e-06
-6.045529131249999950e-06
-4.998776737499999420e-06
-4.452512368749999511e-06
-4.791257312499999658e-06
-6.259152068749999730e-06
-8.554072768749999687e-06
-1.049193798750000029e-05
-9.982294693749998795e-06
-7.604976574999999443e-06
-6.509396081249999617e-06
-7.220455287500000009e-06
-7.922359224999999528e-06
-7.315059731249999440e-06
-5.572506912499999409e-06
-4.354856168750000072e-06
-4.357907925000000081e-06
-4.431150074999999449e-06
-3.768918968749999623e-06
-2.856443849999999911e-06
-2.481077831250000080e-06
-2.911375462500000072e-06
-3.918455024999999638e-06
-4.626462475000000022e-06
-4.006955956249999898e-06
-2.621458618750000068e-06
-1.754759843749999855e-06
-1.547240418749999881e-06
-1.837157262499999885e-06
-2.227782062499999760e-06
-2.005003856249999954e-06
-1.647948374999999965e-06
-1.907347656249999879e-06
-2.105711812499999825e-06
-2.178953962500000040e-06
-3.118894887499999834e-06
-4.406736024999999377e-06
-4.846188924999999819e-06
-4.382321975000000152e-06
-3.561399543749999861e-06
-3.124998399999999851e-06
-3.509519687499999709e-06
-4.565427349999999843e-06
-5.981442249999999762e-06
-6.915279662499999961e-06
-6.790157656249999594e-06
-6.475826762499999519e-06
-6.863399806249999809e-06
-7.571407256249999345e-06
-7.330318512499999485e-06
-5.401608562499999755e-06
-3.283689724999999894e-06
-2.966307074999999809e-06
-4.067991081250000077e-06
-4.983517956249999375e-06
-4.772946774999999604e-06
-3.680418037499999787e-06
-3.012083418749999944e-06
-4.074094593750000095e-06
-6.695553212499999316e-06
-8.706660581250000135e-06
-8.309932268749998971e-06
-6.152340599999999416e-06
-3.765867212499999614e-06
-2.056883712500000106e-06
-1.263427087499999895e-06
-8.789057999999999318e-07
-1.031493612499999850e-06
-2.258299624999999850e-06
-3.768918968749999623e-06
-5.093381181249999698e-06
-7.019039374999999418e-06
-9.307856562500000204e-06
-1.076049253749999938e-05
-1.073607848749999931e-05
-9.716791899999999710e-06
-9.173579287499999811e-06
-9.149165237499999739e-06
-8.465571837499999427e-06
-7.550044962499999282e-06
-7.208248262499999973e-06
-6.799312924999999621e-06
-6.268307337499999757e-06
-6.924434931249999988e-06
-8.380122662499999177e-06
-8.715815850000000161e-06
-8.212276068750000378e-06
-8.923335274999999076e-06
-1.133422271249999937e-05
-1.346129681874999884e-05
-1.364135043749999937e-05
-1.273803058750000010e-05
-1.168212292499999870e-05
-1.038817827499999999e-05
-9.335322368750000285e-06
-8.914180006249999049e-06
-9.158320506249999766e-06
-9.869379712500000158e-06
-1.007689913749999907e-05
-9.155268749999999757e-06
-7.412715931249999726e-06
-6.478878518749999527e-06
-7.916255712499999510e-06
-1.011046845624999917e-05
-1.072692321874999929e-05
-1.013793426249999925e-05
-9.799189318749999952e-06
-9.967035912499998750e-06
-9.457392618749998949e-06
-7.742305606249998999e-06
-5.767819312499999982e-06
-3.860471656249999468e-06
-2.514647149999999755e-06
-2.947996537499999756e-06
-4.364011437500000099e-06
-4.791257312499999658e-06
-4.116819181250000220e-06
-3.503416174999999691e-06
-2.713011306249999913e-06
-1.223754256249999991e-06
-6.042477374999999729e-07
-2.069090737499999718e-06
-4.647824768750000084e-06
-7.009884106249999391e-06
-8.190913775000000315e-06
-8.441157787499999356e-06
-8.734126387500000215e-06
-8.544917499999999660e-06
-8.056636499999999921e-06
-8.618159649999999875e-06
-9.948725374999998697e-06
-1.095580493749999996e-05
-1.086425224999999969e-05
-1.000060523124999885e-05
-9.579462868749999307e-06
-9.350581150000000330e-06
-8.160396212500000226e-06
-6.872555074999999835e-06
-7.751460874999999026e-06
-1.049804150000000031e-05
-1.220397324375000023e-05
-1.187438356874999926e-05
-1.155394916250000002e-05
-1.309813782499999947e-05
-1.587828776875000085e-05
-1.755065019374999898e-05
-1.700438582499999907e-05
-1.499633021249999995e-05
-1.217345568125000014e-05
-8.975215131249999229e-06
-6.027218593749999896e-06
-3.839109362499999406e-06
-2.328490018750000056e-06
-1.132201568749999934e-06
-8.819575562499999407e-07
-1.605223787499999839e-06
-2.026366150000000016e-06
-2.032469662500000034e-06
-2.090453031249999781e-06
-1.580809737499999979e-06
1.617430812499999981e-07
2.191160987500000076e-06
1.953123999999999801e-06
-1.333617481249999889e-06
-4.595944912499999932e-06
-5.151364549999999868e-06
-3.445432806249999945e-06
-6.103512499999999908e-07
2.328490018750000056e-06
4.180906062499999561e-06
4.339597387500000027e-06
3.137205424999999887e-06
1.889037118749999825e-06
1.834105506249999876e-06
2.853392093749999902e-06
3.851316387499999441e-06
4.107663912500000194e-06
3.918455024999999638e-06
3.646848718749999689e-06
2.465819050000000035e-06
3.662107499999999627e-07
-4.425046562499999748e-07
9.582514625000000587e-07
2.761839406250000057e-06
3.549192518749999826e-06
3.668211012499999751e-06
3.555296031249999843e-06
2.709959549999999904e-06
9.979242937499999633e-07
-1.068114687499999958e-07
4.455564124999999838e-07
1.226806012500000000e-06
1.181029668749999865e-06
1.623534324999999893e-06
3.314207287499999983e-06
5.014035518749999465e-06
5.337521681249999567e-06
4.498288712499999646e-06
3.976438393749999809e-06
4.226682406249999696e-06
4.589841399999999914e-06
4.763791506249999578e-06
4.312131581249999946e-06
3.405759974999999828e-06
3.207395818749999670e-06
3.518674956249999736e-06
3.134153668749999878e-06
2.139281131249999924e-06
1.739501062500000022e-06
2.413939193749999883e-06
3.121946643749999843e-06
3.204344062499999661e-06
3.738401406249999957e-06
5.426022612499999826e-06
6.448360956249999438e-06
5.154416306249999877e-06
3.497312662499999673e-06
3.347776606249999658e-06
2.981565856249999854e-06
1.147460349999999979e-06
-9.307856562499999781e-07
-2.832029799999999839e-06
-4.644773012500000075e-06
-4.925534587500000052e-06
-3.173826499999999995e-06
-9.216303874999999512e-07
9.368891687499999960e-07
2.810667506249999776e-06
4.406736024999999377e-06
4.275510506249999839e-06
2.099608299999999808e-06
-2.075194250000000001e-07
-4.272458749999999830e-07
6.774898874999999761e-07
6.469723249999999924e-07
6.713863749999999846e-08
4.577634374999999667e-07
5.523678812499999266e-07
-6.530758375000000103e-07
-2.175902206250000031e-06
-3.405759974999999828e-06
-3.759763700000000020e-06
-2.728270087499999958e-06
-1.593016762500000015e-06
-1.412963143749999911e-06
-1.913451168750000108e-06
-3.195188793750000057e-06
-5.413815587499999791e-06
-7.702632774999998883e-06
-8.654780724999999982e-06
-7.907100443749999483e-06
-6.927486687499999997e-06
-7.006832349999999382e-06
-6.811519949999999656e-06
-4.370114950000000117e-06
-1.037597124999999868e-06
2.136229374999999915e-07
-6.439205687499999835e-07
-1.019286587500000026e-06
7.141109624999999776e-07
3.338621337499999631e-06
4.290769287499999884e-06
2.981565856249999854e-06
1.150512106249999988e-06
5.798336875000000072e-07
1.245116549999999842e-06
1.434325437499999973e-06
1.074218199999999975e-06
1.898192387499999852e-06
3.332517825000000037e-06
3.662107499999999733e-06
3.366087143749999712e-06
3.204344062499999661e-06
2.273558406249999894e-06
6.011959812499999640e-07
-1.434325437499999973e-07
1.708983499999999985e-07
5.584713937499999445e-07
8.728022874999999139e-07
1.007079562499999990e-06
4.943845124999999682e-07
-1.232909525000000018e-06
-3.137205424999999887e-06
-2.243040843749999805e-06
1.394652606249999857e-06
4.122922693749999391e-06
4.391477243750000179e-06
3.488157393749999646e-06
2.749632381250000021e-06
3.012083418749999944e-06
4.714963406249999434e-06
7.098385037499999651e-06
8.551021012499999678e-06
9.039302012499999417e-06
1.012572723749999922e-05
1.163329482500000025e-05
1.144103418124999969e-05
9.237666168749999999e-06
6.597897012499999877e-06
5.096432937499999706e-06
5.780026337500000018e-06
7.461544031249999870e-06
7.598873062499999425e-06
5.508420031250000068e-06
2.697752524999999868e-06
6.683346187499999492e-07
-1.770018624999999899e-07
-4.699704625000000025e-07
-1.016234831250000017e-06
-9.704584874999998827e-07
6.042477374999999729e-07
2.490233099999999683e-06
3.124998399999999851e-06
2.209471524999999706e-06
4.272458749999999830e-07
-1.031493612499999850e-06
-1.126098056249999916e-06
3.265379187500000052e-07
2.294920699999999957e-06
2.899168437500000036e-06
7.720943312499999360e-07
-2.883909656249999991e-06
-5.239865481250000127e-06
-5.432126124999999844e-06
-4.653928281250000102e-06
-4.003904199999999889e-06
-3.533933737499999781e-06
-2.581785787499999952e-06
-1.605223787499999839e-06
-1.718138768749999959e-06
-2.416990949999999892e-06
-2.664183206249999770e-06
-2.462767293750000026e-06
-2.062987224999999700e-06
-1.620482568749999884e-06
-9.124751187499999244e-07
8.239741874999999029e-08
1.342772749999999969e-07
-9.094233624999999154e-07
-1.489257049999999923e-06
-1.589965006250000006e-06
-2.593992812499999988e-06
-4.510495737499999681e-06
-6.768795362499999531e-06
-8.920283518749999067e-06
-9.402461006249998788e-06
-7.009884106249999391e-06
-2.960203562499999791e-06
-2.838133312499999857e-07
-8.056636499999999286e-07
-3.112791374999999816e-06
-4.837033656249999792e-06
-5.313107631249999495e-06
-5.239865481250000127e-06
-5.633542037499999588e-06
-6.408688124999999322e-06
-6.314083681249999891e-06
-4.699704624999999390e-06
-2.539061199999999826e-06
-1.953123999999999801e-06
-3.210447574999999679e-06
-4.040525274999999997e-06
-3.582761837499999924e-06
-3.036497468750000015e-06
-3.140257181249999896e-06
-3.707883843749999868e-06
-3.860471656249999468e-06
-3.289793237499999911e-06
-3.503416174999999691e-06
-5.221554943750000074e-06
-6.863399806249999809e-06
-7.202144749999999955e-06
-6.625362818749999957e-06
-6.738277799999999442e-06
-8.526606962499999606e-06
-9.924311325000000319e-06
-8.749385168750000260e-06
-6.243893287499999685e-06
-4.684445843750000192e-06
-4.937741612500000088e-06
-6.585689987499999841e-06
-8.447261299999999374e-06
-9.634394481249999468e-06
-9.777827024999999889e-06
-8.819575562499998772e-06
-7.824703024999999241e-06
-8.538813987499999642e-06
-1.117858314374999892e-05
-1.372374785624999961e-05
-1.443175530624999999e-05
-1.400756118749999875e-05
-1.356200477499999913e-05
-1.279906571249999859e-05
-1.182555546874999912e-05
-1.205748894374999980e-05
-1.416625251249999921e-05
-1.614989407499999995e-05
-1.593321938124999762e-05
-1.483458713124999948e-05
-1.482848361874999946e-05
-1.553954282499999816e-05
-1.579589034999999891e-05
-1.494750211249999981e-05
-1.369628204999999953e-05
-1.415709724374999919e-05
-1.643370740624999909e-05
-1.815489793125000075e-05
-1.861266136874999871e-05
-1.915282222499999860e-05
-2.030638608749999859e-05
-2.135924199374999999e-05
-2.177428084374999782e-05
-2.216185388749999726e-05
-2.385863036249999885e-05
-2.673643650624999882e-05
-2.863462889374999762e-05
-2.820127950624999973e-05
-2.615965457499999883e-05
-2.406920154374999777e-05
-2.297667280624999796e-05
-2.247313302499999817e-05
-2.196348973124999837e-05
-2.188414406874999814e-05
-2.225340657499999753e-05
-2.192076514374999825e-05
-2.066344156874999795e-05
-2.000121046249999770e-05
-2.023314393749999838e-05
-1.990355426249999741e-05
-1.869505878750000064e-05
-1.765746166249999760e-05
-1.764525463749999756e-05
-1.876524918124999915e-05
-2.019652286249999827e-05
-2.045287038749999902e-05
-1.888121591874999949e-05
-1.703795514375000086e-05
-1.660765751249999791e-05
-1.687926381875000040e-05
-1.716307714999999954e-05
-1.822508832499999926e-05
-1.935728989374999750e-05
-1.886595713749999776e-05
-1.708373148749999930e-05
-1.540526554999999777e-05
-1.508788289999999853e-05
-1.668395141874999982e-05
