-3.238752614218749635e-05
-3.107527095468749588e-05
-2.977598573124999758e-05
-2.822149739140625001e-05
-2.592657669140625005e-05
-2.306097757265625011e-05
-2.123450145703125068e-05
-2.124403819531249838e-05
-2.201956575234375002e-05
-2.287977954531249979e-05
-2.376669620546874922e-05
-2.429159828046874737e-05
-2.442053498203124986e-05
-2.474440261406250018e-05
-2.506636289843750028e-05
-2.454527551874999917e-05
-2.332991359218750026e-05
-2.206801238281249741e-05
-2.111739031093749886e-05
-2.070769203437499892e-05
-2.041586784296874955e-05
-1.928442921328125004e-05
-1.747397481796874769e-05
-1.660613163437500044e-05
-1.775015875859374935e-05
-1.973914089453124968e-05
-2.031821164296874926e-05
-1.942404706171874833e-05
-1.945532756328125054e-05
-2.139853335546874904e-05
-2.362669688749999817e-05
-2.486914315078124949e-05
-2.537039411484374969e-05
-2.509344723515624930e-05
-2.340468162031249794e-05
-2.097472070624999886e-05
-1.973494472968749988e-05
-2.018927494140625016e-05
-2.121237622421875019e-05
-2.228850177187500017e-05
-2.322195771484375016e-05
-2.341459982812499840e-05
-2.320975068984375012e-05
-2.396734917890624769e-05
-2.590979203203124746e-05
-2.723539865312499944e-05
-2.627485837343750043e-05
-2.391241756640624753e-05
-2.298849836171874863e-05
-2.468908953203124726e-05
-2.665747231328124796e-05
-2.649534776249999981e-05
-2.537687909687499907e-05
-2.551535253671874927e-05
-2.625731077499999911e-05
-2.576330773203125042e-05
-2.490156806093749979e-05
-2.576979271406249980e-05
-2.762526051406249847e-05
-2.869833430546875013e-05
-2.931936670234374772e-05
-2.987593074843749745e-05
-2.985418698515624971e-05
-2.962835702265624905e-05
-2.976072694999999923e-05
-3.001287831015625018e-05
-3.021238687499999716e-05
-3.049696314531249842e-05
-3.139494242187499979e-05
-3.292768699843749963e-05
-3.357122609765625045e-05
-3.215482972812499693e-05
-2.919195587890624946e-05
-2.652052475156249861e-05
-2.541121135468749959e-05
-2.517927787968749891e-05
-2.562636017031249769e-05
-2.715261976484374814e-05
-2.868154964609374754e-05
-2.951849379765624873e-05
-3.052595482968750105e-05
-3.156889252812499522e-05
-3.139570536093749852e-05
-3.049543726718749757e-05
-3.070829726562499608e-05
-3.226927058749999642e-05
-3.336027344687499878e-05
-3.268621678515625125e-05
-3.101538023828125058e-05
-2.928541591406249995e-05
-2.814749230234374767e-05
-2.902830544999999708e-05
-3.181341449765624530e-05
-3.379018960859374559e-05
-3.331754885937499526e-05
-3.175276084218750126e-05
-3.087843267656249785e-05
-3.064573626249999844e-05
-3.011701949218749985e-05
-2.874754387499999964e-05
-2.693937829687500027e-05
-2.614782901953124816e-05
-2.630194271015624946e-05
-2.592848403906250027e-05
-2.546270974140624869e-05
-2.588499651249999802e-05
-2.630499446640624777e-05
-2.576178185390624956e-05
-2.514113092656249796e-05
-2.555121067265624725e-05
-2.668036048515624718e-05
-2.761801259296875035e-05
-2.772711287890624855e-05
-2.761190908046875033e-05
-2.925985745546874839e-05
-3.306501602968750172e-05
-3.552091687187499834e-05
-3.252828839921874951e-05
-2.527617114062500047e-05
-1.926917043203124830e-05
-1.750983295390624907e-05
-1.862029075937499958e-05
-2.002715039062499862e-05
-2.054823777031249973e-05
-2.071150672968749936e-05
-2.130926948515624836e-05
-2.269057065781249924e-05
-2.445906340468750019e-05
-2.516668938515624951e-05
-2.475660963906250022e-05
-2.536047590703124923e-05
-2.758711356093749751e-05
-2.969206243437499818e-05
-2.987974544374999788e-05
-2.798346040390624931e-05
-2.626303281796874976e-05
-2.671125951718750002e-05
-2.864836179687499850e-05
-3.084715217499999564e-05
-3.282354581640624657e-05
-3.381765541484374737e-05
-3.361242480703124973e-05
-3.339040953984374611e-05
-3.392065218828124555e-05
-3.470304619687499594e-05
-3.535154439999999530e-05
-3.610075055937499665e-05
-3.702810298984375001e-05
-3.777616474062499649e-05
-3.818281126093749810e-05
-3.851011211874999610e-05
-3.892858419453124839e-05
-3.930623903046875076e-05
-3.940961727343749831e-05
-3.926885501640624515e-05
-3.926237003437499915e-05
-3.949621085703124666e-05
-3.970830791640624644e-05
-3.967817182343749910e-05
-3.949392203984375047e-05
-3.994977812968749482e-05
-4.163358464062500103e-05
-4.338224097187500108e-05
-4.388158458828124767e-05
-4.393575326171874571e-05
-4.424626946015625128e-05
-4.353444731484374877e-05
-4.125478539609375055e-05
-3.895032795781249612e-05
-3.807332950546874715e-05
-3.884122767187500131e-05
-4.069288077656249954e-05
-4.232747771796874946e-05
-4.223134739609374664e-05
-4.059217282031249755e-05
-3.975866189453125082e-05
-4.128873618437499832e-05
-4.372098591562500038e-05
-4.436910264921875037e-05
-4.293554015078124828e-05
-4.163129582343749806e-05
-4.137876299374999774e-05
-4.147413037656249505e-05
-4.160535589531250052e-05
-4.147870801093750100e-05
-4.143750930156249495e-05
-4.258268083437499534e-05
-4.465901949296874953e-05
-4.627225414062500109e-05
-4.699513890234374876e-05
-4.742009596015624704e-05
-4.769475402265624446e-05
-4.804036541796874590e-05
-4.924504619765624901e-05
-5.052144324921874809e-05
-4.990842171250000074e-05
-4.762952273281249448e-05
-4.602086571953124887e-05
-4.600522546874999776e-05
-4.609181905234374611e-05
-4.535329403984374733e-05
-4.488751974218749914e-05
-4.539640009687500021e-05
-4.582288303281249596e-05
-4.541242181718750068e-05
-4.472348784375000078e-05
-4.433705920859374943e-05
-4.406659731093749504e-05
-4.322621993359374617e-05
-4.184148553515625100e-05
-4.088514142031249841e-05
-4.020345536796875001e-05
-3.864210057656250030e-05
-3.702886592890624874e-05
-3.725889205624999582e-05
-3.859289100703125079e-05
-3.924596684453124932e-05
-3.937528501562500118e-05
-3.936651121640624544e-05
-3.924978153984374975e-05
-3.973119608828124905e-05
-4.099233435859374639e-05
-4.261090957968749585e-05
-4.494206988515624655e-05
-4.790189197812499570e-05
-4.945332856171874835e-05
-4.769589843124999933e-05
-4.286000918359374510e-05
-3.704069148437499941e-05
-3.324430670937499505e-05
-3.312757703281249937e-05
-3.535001852187499784e-05
-3.727872847187499672e-05
-3.775785420312499982e-05
-3.757856352343749972e-05
-3.825033136796875105e-05
-4.019430009921874490e-05
-4.209478130390625005e-05
-4.204137556953125074e-05
-3.930585756093750140e-05
-3.591878959296875099e-05
-3.488157393749999731e-05
-3.684080144999999967e-05
-3.959081530078124525e-05
-3.982923375781249870e-05
-3.676260019609375092e-05
-3.356016348124999852e-05
-3.283193814609374617e-05
-3.370474043359374534e-05
-3.467558039062500094e-05
-3.572042543671874871e-05
-3.689764041015625005e-05
-3.691709535625000159e-05
-3.528097253671874742e-05
-3.365934555937499627e-05
-3.308370803671874775e-05
-3.315237255234374880e-05
-3.318517893203124848e-05
-3.280332793124999630e-05
-3.254812481484375042e-05
-3.290670617421875062e-05
-3.363912767421874600e-05
-3.410261315468749799e-05
-3.330267154765624967e-05
-3.128317184921874586e-05
-2.967909247031249941e-05
-2.969473272109374713e-05
-3.064726214062499590e-05
-3.084410041875000071e-05
-2.943037433593749953e-05
-2.706907793749999811e-05
-2.525480884687499871e-05
-2.485312143046874902e-05
-2.573507898671874991e-05
-2.709768815234374798e-05
-2.776983746640624868e-05
-2.817419516953124733e-05
-2.921522552031249805e-05
-2.948454300937499757e-05
-2.810476771484374755e-05
-2.692297510703124704e-05
-2.711599868984374803e-05
-2.801893707031249793e-05
-2.899626200937499953e-05
-2.901266519921874936e-05
-2.787664893515624730e-05
-2.761190908046875033e-05
-2.875975089999999968e-05
-2.945669573359374982e-05
-2.886923265546874725e-05
-2.773893843437499922e-05
-2.675436557421874951e-05
-2.614592167187499794e-05
-2.593115432578124921e-05
-2.574156396874999929e-05
-2.538107526171874887e-05
-2.550924902421874925e-05
-2.681120453437499989e-05
-2.925222806484374752e-05
-3.286474452578124584e-05
-3.784139603046874647e-05
-4.248235434765624950e-05
-4.243047449140624765e-05
-3.572576601015624661e-05
-2.781370646250000029e-05
-2.609556769375000033e-05
-3.089674321406250129e-05
-3.620794349765625141e-05
-3.772809957968749508e-05
-3.589742729921874585e-05
-3.305509782187499788e-05
-3.182867327890624704e-05
-3.330534183437499523e-05
-3.580129697734374980e-05
-3.783834427421875154e-05
-3.941076168203124641e-05
-4.004552698203124827e-05
-3.968541974453125061e-05
-3.942602046328124815e-05
-3.949201469218749686e-05
-3.974874368671874698e-05
-4.089849285390624654e-05
-4.235227323749999890e-05
-4.257314409609374764e-05
-4.188459159218749711e-05
-4.126050743906249782e-05
-4.059369869843749501e-05
-3.977544655390625002e-05
-3.904149917578125041e-05
-3.828428215624999882e-05
-3.731382366874999937e-05
-3.641813320937499758e-05
-3.623235754765625149e-05
-3.696897521249999666e-05
-3.786275832421874484e-05
-3.803098638749999978e-05
-3.757398588906250055e-05
-3.716657642968750020e-05
-3.751256929453125101e-05
-3.855970315781249497e-05
-3.882940211640625064e-05
-3.756597502890625032e-05
-3.591459342812500119e-05
-3.476560720000000036e-05
-3.430288465859374710e-05
-3.432500989140625097e-05
-3.376463114999999742e-05
-3.288229212421875055e-05
-3.351782036328125115e-05
-3.565939031171874853e-05
-3.834188405546874794e-05
-4.227254610546874592e-05
-4.690053445859375018e-05
-4.871404061015625084e-05
-4.542501031171875008e-05
-3.887174523437499801e-05
-3.402403043124999988e-05
-3.431318433593750030e-05
-3.795164072499999615e-05
-4.177434689765624742e-05
-4.462163547890625069e-05
-4.553945117109374957e-05
-4.407689698828124824e-05
-4.205205671640624654e-05
-4.187124015859374897e-05
-4.360845240390624772e-05
-4.565770672578124949e-05
-4.678571212968749455e-05
-4.593465360546874988e-05
-4.292218871718750015e-05
-3.972127788046874521e-05
-3.843076645624999925e-05
-3.884847559296874603e-05
-3.942754634140624561e-05
-3.986852511953125114e-05
-4.112203399921874762e-05
-4.286306093984374680e-05
-4.381787917656249516e-05
-4.374997759999999961e-05
-4.330022502265624512e-05
-4.283673954218749990e-05
-4.212606180546874549e-05
-4.131963521640625117e-05
-4.137151507265624624e-05
-4.292180724765625078e-05
-4.508817271562499761e-05
-4.618604202656249533e-05
-4.553563647578124914e-05
-4.386174817265624677e-05
-4.235532499375000061e-05
-4.160497442578125116e-05
-4.119527614921874784e-05
-4.008939597812499989e-05
-3.794706309062499699e-05
-3.609045088203125022e-05
-3.625524571953124732e-05
-3.833806936015624750e-05
-4.025304640703124888e-05
-3.995168547734374842e-05
-3.754842743046874561e-05
-3.523100002812499918e-05
-3.470991264843749808e-05
-3.584783626015624697e-05
-3.707006463828124802e-05
-3.680913947890624810e-05
-3.516615020781249857e-05
-3.399618315546874874e-05
-3.458212035546875046e-05
-3.560445869921874499e-05
-3.572729188828125085e-05
-3.587186884062499768e-05
-3.638113066484374811e-05
-3.592756339218749996e-05
-3.465955867031250047e-05
-3.446577214843749736e-05
-3.589246819531249731e-05
-3.798177681796875027e-05
-4.066503350078124840e-05
-4.386212964218749613e-05
-4.521100590468749670e-05
-4.266050061874999472e-05
-3.772161459765624908e-05
-3.383444007421874657e-05
-3.342054563281250022e-05
-3.630292941093749936e-05
-3.985021458203124770e-05
-4.154317636171874547e-05
-4.152677317187499563e-05
-4.172170410234374684e-05
-4.280355169296875086e-05
-4.421575189765624781e-05
-4.594075711796874651e-05
-4.752423714218750010e-05
-4.777753291093749915e-05
-4.703671908124999740e-05
-4.685132488906250067e-05
-4.756200262578124831e-05
-4.852826494843749796e-05
-4.913480150312499932e-05
-4.850995441093749452e-05
-4.671590320546874540e-05
-4.570996805156250071e-05
-4.650304320703124689e-05
-4.758374638906249604e-05
-4.777104792890624638e-05
-4.749944162265625066e-05
-4.738881545859374483e-05
-4.738576370234374991e-05
-4.690701944062499617e-05
-4.614293596953124922e-05
-4.625318066406249891e-05
-4.721944298671874857e-05
-4.803121014921874756e-05
-4.858815566484375005e-05
-4.929959634062499642e-05
-5.006482422031249824e-05
-5.038945479140625067e-05
-5.078007959140624504e-05
-5.279500165546874968e-05
-5.582310679453125052e-05
-5.621830922890624406e-05
-5.222432323671874970e-05
-4.614903948203124585e-05
-4.088170819453124734e-05
-3.818815183437499600e-05
-3.845632491484374742e-05
-4.060933894921874612e-05
-4.320752792656250014e-05
-4.467847443906250107e-05
-4.387929577109374470e-05
-4.132116109453124863e-05
-3.876836699140625046e-05
-3.735845560390624971e-05
-3.672407177343749721e-05
-3.643034023437499762e-05
-3.668287306406249794e-05
-3.770788169453125158e-05
-3.924062627109375142e-05
-4.005124902499999554e-05
-3.940084347421874935e-05
-3.826063104531249748e-05
-3.745611180390624999e-05
-3.706777582109374504e-05
-3.731687542500000107e-05
-3.817022276640624870e-05
-3.897245319062500000e-05
-3.883817591562499960e-05
-3.777502033203124839e-05
-3.679464363671874509e-05
-3.683851263281249670e-05
-3.745725621249999809e-05
-3.714216237968750013e-05
-3.621633582734375102e-05
-3.594930715546874769e-05
-3.564642034765624977e-05
-3.432386548281249610e-05
-3.278463592421875026e-05
-3.230970635781249697e-05
-3.265341040546875157e-05
-3.289945825312499912e-05
-3.330915652968749566e-05
-3.411367577109374993e-05
-3.448026799062500037e-05
-3.395116975078124903e-05
-3.327711308906250150e-05
-3.332250796328125057e-05
-3.408048792187500089e-05
-3.560064400390625133e-05
-3.776739094140624752e-05
-3.920820136093750111e-05
-3.868596957265624513e-05
-3.688085575078125085e-05
-3.580167844687499916e-05
-3.594282217343749492e-05
-3.576696471953124589e-05
-3.520353422187499741e-05
-3.574102479140624835e-05
-3.728292463671874652e-05
-3.835027638515624754e-05
-3.773992513515624575e-05
-3.580892636796875067e-05
-3.480985766562500134e-05
-3.604429306874999564e-05
-3.794401133437499529e-05
-3.847043928750000107e-05
-3.734472270078124543e-05
-3.567503056249999964e-05
-3.473585257656249561e-05
-3.475072988828124799e-05
-3.531339744687499773e-05
-3.660276446249999559e-05
-3.875577849687500106e-05
-4.094236184999999815e-05
-4.203069442265624817e-05
-4.194448230859374919e-05
-4.167936098437499947e-05
-4.192617177109374575e-05
-4.222295506640624704e-05
-4.221875890156249724e-05
-4.287526796484374684e-05
-4.461209874062499622e-05
-4.624516980390624868e-05
-4.689595682421875101e-05
-4.645535951562499485e-05
-4.515454841406249569e-05
-4.420621515937500011e-05
-4.439618698593749601e-05
-4.473912809453124511e-05
-4.453351601718749810e-05
-4.411618835000000069e-05
-4.346234957343749665e-05
-4.260442459765624985e-05
-4.192731617968750062e-05
-4.140813614765624634e-05
-4.077413378671874999e-05
-4.024007644296875012e-05
-4.064443414609374876e-05
-4.234197356015624570e-05
-4.400098455156249569e-05
-4.400518071640624549e-05
-4.291951843046874781e-05
-4.258268083437499534e-05
-4.401662480234374680e-05
-4.662320610937500042e-05
-4.850118061171874556e-05
-4.848706623906249869e-05
-4.777066645937499701e-05
-4.863469494765624722e-05
-5.116574528749999766e-05
-5.301892427031250013e-05
-5.208623126640624887e-05
-4.770848692578124874e-05
-4.108197969843749645e-05
-3.545721146015624582e-05
-3.429144057265624579e-05
-3.756406768124999671e-05
-4.144933485703124562e-05
-4.257390703515624638e-05
-4.100683020078124940e-05
-3.871496125703125115e-05
-3.687322636015624998e-05
-3.593595572187499956e-05
-3.579938962968749619e-05
-3.543203447109374702e-05
-3.465688838359374813e-05
-3.421209491015624895e-05
-3.387334996640624965e-05
-3.339880186953124571e-05
-3.313558789296874960e-05
-3.258245707265624755e-05
-3.143537819218750033e-05
-3.105810482578124732e-05
-3.203466682578125018e-05
-3.289144739296874888e-05
-3.254202130234374701e-05
-3.142469704531249776e-05
-3.036077852265624781e-05
-2.919233734843749883e-05
-2.768476976093749780e-05
-2.717779675390625033e-05
-2.874372917968749921e-05
-3.107679683281250012e-05
-3.225858944062500063e-05
-3.220556517578125068e-05
-3.177412313593749963e-05
-3.117597891093749787e-05
-3.073728894999999532e-05
-3.120840382109374818e-05
-3.216970703984374931e-05
-3.184393206015624878e-05
-3.048628199843749924e-05
-3.062628131640624690e-05
-3.253477338124999551e-05
-3.388212376562499861e-05
-3.345983699453124589e-05
-3.265150305781249797e-05
-3.316343516875000074e-05
-3.429487379843749686e-05
-3.415487448046874920e-05
-3.264730689296874817e-05
-3.098142944999999603e-05
-2.947805802734374819e-05
-2.794226169453125003e-05
-2.695730736484374757e-05
-2.720755137734374830e-05
-2.828558427265624850e-05
-2.924459867421875004e-05
-3.014906293281249740e-05
-3.167913722265625168e-05
-3.322447029375000092e-05
-3.305090165703124808e-05
-3.106153805156249839e-05
-2.977178956640624778e-05
-3.080519052656249763e-05
-3.267706151640624614e-05
-3.335607728203124898e-05
-3.242185840000000026e-05
-3.106497127734374945e-05
-3.098829590156249817e-05
-3.158605865703125056e-05
-3.023069741249999722e-05
-2.714460890468749790e-05
-2.544745096015625034e-05
-2.589644059843749932e-05
-2.668608252812499783e-05
-2.709120317031249859e-05
-2.717665234531249885e-05
-2.650869919609374794e-05
-2.554587009921874935e-05
-2.548903113906249898e-05
-2.670401159609374852e-05
-2.867124996874999772e-05
-3.032263156953125024e-05
-3.107794124140624822e-05
-3.150671299453124694e-05
-3.167532252734375125e-05
-3.104399045312500045e-05
-3.006666551406249885e-05
-2.927664211484374760e-05
-2.840231394921874757e-05
-2.773512373906249879e-05
-2.818182456015624819e-05
-2.975729372421874816e-05
-3.162000944531249833e-05
-3.332212649375000121e-05
-3.476522573046875099e-05
-3.571394045468749594e-05
-3.629186679453124743e-05
-3.630865145390624663e-05
-3.515470612187499727e-05
-3.363760179609374853e-05
-3.301809527734374841e-05
-3.297613362890625040e-05
-3.313749524062499643e-05
-3.450315616249999620e-05
-3.778188678359375053e-05
-4.178579098359374872e-05
-4.436681383203124740e-05
-4.407842286640624571e-05
-4.123609338906249774e-05
-3.783719986562499667e-05
-3.611028729765625113e-05
-3.680532478359374766e-05
-3.851201946640624970e-05
-3.935773741718749647e-05
-3.881376186562499953e-05
-3.751371370312499911e-05
-3.565328679921874513e-05
-3.290136560078124595e-05
-3.062475543828124943e-05
-3.078192088515624566e-05
-3.268659825468750061e-05
-3.392141512734375106e-05
-3.313635083203124833e-05
-3.105619747812500049e-05
-3.010595687578124791e-05
-3.156698518046874839e-05
-3.332594118906250164e-05
-3.362310595390624552e-05
-3.361814684999999699e-05
-3.385618383750000108e-05
-3.379629312109374900e-05
-3.399580168593749937e-05
-3.469885003203124614e-05
-3.532865622812499947e-05
-3.559759224765624962e-05
-3.511579622968750096e-05
-3.369329634765625081e-05
-3.161466887187500043e-05
-2.933157372734374776e-05
-2.785452370234375020e-05
-2.786406044062499790e-05
-2.852819889453124836e-05
-2.881582692109374794e-05
-2.927244594999999779e-05
-3.070333816171874755e-05
-3.257253886484375049e-05
-3.423193132578124985e-05
-3.581579281953124603e-05
-3.721464159062500162e-05
-3.786809889765624951e-05
-3.789823499062499685e-05
-3.784826248203124860e-05
-3.730085370468750060e-05
-3.580968930703124940e-05
-3.479002125000000043e-05
-3.559606636953124538e-05
-3.721120836484375055e-05
-3.828161186953124649e-05
-3.867834018203125104e-05
-3.789136853906250148e-05
-3.600309435937499637e-05
-3.539579486562499628e-05
-3.708150872421874932e-05
-3.891790304765624581e-05
-3.938520322343749824e-05
-3.908498670234374588e-05
-3.913343333281249666e-05
-3.975484719921875039e-05
-4.015043110312500007e-05
-3.989942415156249721e-05
-3.935583006953124964e-05
-3.881185451796874593e-05
-3.865354466249999483e-05
-3.892171774296874625e-05
-3.858449867734375119e-05
-3.724439621406249959e-05
-3.586156916328125125e-05
-3.515928375624999643e-05
-3.515470612187499727e-05
-3.580816342890624516e-05
-3.713949209296874780e-05
-3.860700537968749765e-05
-3.929174318828124776e-05
-3.877370756484374836e-05
-3.756597502890625032e-05
-3.669355421093750051e-05
-3.675611521406249815e-05
-3.725317001328124855e-05
-3.707540521171874591e-05
-3.640974087968749798e-05
-3.629262973359374616e-05
-3.662221940859374712e-05
-3.667104750859374727e-05
-3.610761701093749879e-05
-3.544576737421875130e-05
-3.586462091953124617e-05
-3.715475087421874953e-05
-3.761785488515624539e-05
-3.676069284843749732e-05
-3.539770221328124988e-05
-3.408239526953124772e-05
-3.285406337890625004e-05
-3.200376779374999734e-05
-3.199766428125000071e-05
-3.221815367031250008e-05
-3.213804506874999773e-05
-3.243520983359374839e-05
-3.298567036718749810e-05
-3.297880391562499596e-05
-3.270605320078124538e-05
-3.280218352265624820e-05
-3.373029889218750029e-05
-3.513525117578124573e-05
-3.497541544218749716e-05
-3.293874961484375156e-05
-3.167227077109374954e-05
-3.207319524843749712e-05
-3.270872348749999771e-05
-3.303030230234374844e-05
-3.292654258984375153e-05
-3.208502080390624779e-05
-3.110235529140624829e-05
-3.063238482890625030e-05
-3.055036887968750112e-05
-3.113210991484374626e-05
-3.258093119453125009e-05
-3.366544907187499967e-05
-3.362692064921874596e-05
-3.342130857187499896e-05
-3.384130652578124871e-05
-3.469617974531250058e-05
-3.488729598046875135e-05
-3.332250796328125057e-05
-3.103407224531249661e-05
-3.021620157031249760e-05
-3.124731371328125126e-05
-3.282812345078124573e-05
-3.433340222109375057e-05
-3.596532887578124816e-05
-3.721960069453125015e-05
-3.747404087187499729e-05
-3.724630356171874641e-05
-3.742864599765624822e-05
-3.830984061484374699e-05
-3.929021731015625029e-05
-3.921049017812499731e-05
-3.791311230234374922e-05
-3.691099184374999818e-05
-3.768995262656249750e-05
-3.954694630468750041e-05
-4.071195425312499494e-05
-4.131658346015624946e-05
-4.229619721640624726e-05
-4.269788463281250034e-05
-4.161641851171874568e-05
-4.062917536484374702e-05
-4.070585074062499831e-05
-4.057004758750000045e-05
-4.045293644140624862e-05
-4.200856918984375107e-05
-4.435346239843749927e-05
-4.405133852968750008e-05
-3.912465953359374769e-05
-3.200071603749999564e-05
-2.731436284609375031e-05
-2.740744141171874804e-05
-3.022688271718750017e-05
-3.127249070234375006e-05
-2.886694383828124766e-05
-2.549666052968749985e-05
-2.343252889609374908e-05
-2.328718900468750014e-05
-2.520598074687499857e-05
-2.788847449062499797e-05
-2.922705107578124872e-05
-2.855642763984374887e-05
-2.663611001953124959e-05
-2.509993221718749868e-05
-2.550963049374999861e-05
-2.740744141171874804e-05
-2.872465570312499703e-05
-2.838324047265624879e-05
-2.727545295390624723e-05
-2.721670664609375002e-05
-2.923849516171875002e-05
-3.218801757734374597e-05
-3.353231620546874738e-05
-3.253134015546875122e-05
-3.121374439453124608e-05
-3.125418016484374662e-05
-3.215482972812499693e-05
-3.274801484921875016e-05
-3.266981359531250141e-05
-3.268011327265624784e-05
-3.357999989687499942e-05
-3.475874074843749822e-05
-3.503988379296874841e-05
-3.413427512578124957e-05
-3.270910495703124708e-05
-3.189352309921874765e-05
-3.213537478203124540e-05
-3.224828976328124742e-05
-3.110006647421874532e-05
-2.948301713125000011e-05
-2.860449280078125028e-05
-2.893675276250000020e-05
-3.006094347109374820e-05
-3.044775357578124891e-05
-2.944982928203124768e-05
-2.874754387499999964e-05
-2.978971863437499847e-05
-3.074072217578124639e-05
-3.005064379374999838e-05
-3.006246934921874905e-05
-3.189276016015624892e-05
-3.321645943359375068e-05
-3.294447165781249883e-05
-3.194158826015624906e-05
-3.080366464843750017e-05
-3.049047816328124904e-05
-3.190191542890624725e-05
-3.388097935703125052e-05
-3.501165504765624790e-05
-3.540380572578124651e-05
-3.544500443515624579e-05
-3.566511235468749580e-05
-3.625791600624999966e-05
-3.595846242421874602e-05
-3.426626358359374699e-05
-3.268926854140624617e-05
-3.269842381015625128e-05
-3.488309981562500155e-05
-3.820722531093749818e-05
-3.996465544140624719e-05
-3.920705695234374624e-05
-3.785512893359375074e-05
-3.722494126796874805e-05
-3.668172865546874984e-05
-3.562658393203124886e-05
-3.456533569609375125e-05
-3.414838949843749643e-05
-3.481748705624999543e-05
-3.669736890625000095e-05
-3.836706104453124674e-05
-3.783376663984374560e-05
-3.579023436093749786e-05
-3.542860124531249595e-05
-3.763044337968750157e-05
-3.992536407968749475e-05
-4.116704740390624733e-05
-4.221189244999999510e-05
-4.266698560078124750e-05
-4.212911356171874719e-05
-4.204709761249999801e-05
-4.262387954374999462e-05
-4.206807843671874701e-05
-4.004323816484374530e-05
-3.818242979140624874e-05
-3.775327656875000065e-05
-3.854101115078124894e-05
-3.948552971015625087e-05
-4.008100364843750028e-05
-4.064672296328124496e-05
-4.100988195703125110e-05
-4.067151848281250117e-05
-4.037168343124999817e-05
-4.136731890781249644e-05
-4.298474972031249779e-05
-4.372060444609375101e-05
-4.369313863984374924e-05
-4.308202445078124871e-05
-4.177396542812499805e-05
-4.133603840625000100e-05
-4.333837197578124947e-05
-4.616925736718749613e-05
-4.608571553984374948e-05
-4.171102295546875104e-05
-3.660924944453124836e-05
-3.578527525703124933e-05
-3.903730301093750061e-05
-4.154584664843749781e-05
-4.093511392890624665e-05
-3.840787828437499665e-05
-3.537366963281249918e-05
-3.391454867578124892e-05
-3.595960683281250090e-05
-3.940389523046875105e-05
-4.040563421953124594e-05
-3.897512347734374556e-05
-3.801305731953124570e-05
-3.814123108203124946e-05
-3.746793735937500066e-05
-3.576887206718749949e-05
-3.441732551796874658e-05
-3.395574738515624820e-05
-3.393476656093749919e-05
-3.338125427109374778e-05
-3.249204879374999877e-05
-3.264311072812499837e-05
-3.350561333828125111e-05
-3.360746570312500120e-05
-3.323667731875000096e-05
-3.347662165390624510e-05
-3.386457616718750068e-05
-3.362310595390624552e-05
-3.356207082890624535e-05
-3.441236641406249805e-05
-3.535917379062499617e-05
-3.584974360781250058e-05
-3.613546428671874993e-05
-3.606603683203125015e-05
-3.534734823515624550e-05
-3.446500920937499863e-05
-3.400648283281249517e-05
-3.351553154609374817e-05
-3.288534388046874548e-05
-3.361280627656249909e-05
-3.646467249218750153e-05
-3.985135899062499580e-05
-4.131162435625000093e-05
-3.950307730859374880e-05
-3.578374937890624509e-05
-3.297308187265624870e-05
-3.198049815234374536e-05
-3.193929944296874609e-05
-3.242681750390624879e-05
-3.330610477343750074e-05
-3.438947824218749544e-05
-3.563345038359375100e-05
-3.659208331562499979e-05
-3.640630765390624691e-05
-3.503759497578124544e-05
-3.405073329843749614e-05
-3.487051132109374537e-05
-3.669508008906249797e-05
-3.762853603203124796e-05
-3.733366008437500027e-05
-3.665082962343749700e-05
-3.563726507890625143e-05
-3.413122336953124786e-05
-3.243864305937499946e-05
-3.114851310468749610e-05
-3.144720374765625100e-05
-3.325498785624999762e-05
-3.446005010546875010e-05
-3.415792623671875091e-05
-3.394849946406249669e-05
-3.539426898749999882e-05
-3.784673660390625114e-05
-3.948629264921874960e-05
-3.953473927968750038e-05
-3.862455297812499559e-05
-3.798406563515624646e-05
-3.857076577421874691e-05
-3.964689132187499689e-05
-3.925245182656249531e-05
-3.735197062187499694e-05
-3.592985220937499615e-05
-3.575628357265625009e-05
-3.581045224609374813e-05
-3.544271561796874959e-05
-3.493269085468750043e-05
-3.471296440468749978e-05
-3.518751250156249694e-05
-3.640173001953124775e-05
-3.732641216328124877e-05
-3.666532546562500000e-05
-3.486936691249999728e-05
-3.344000057890625176e-05
-3.284757839687499727e-05
-3.285940395234374794e-05
-3.314932079609374710e-05
-3.309820387890625076e-05
-3.217962524765624637e-05
-3.084982246171874798e-05
-3.065069536640624697e-05
-3.180082600312499590e-05
-3.267057653437500014e-05
-3.274458162343749909e-05
-3.295896749999999506e-05
-3.348348810546874723e-05
-3.299673298359375004e-05
-3.078955027578124653e-05
-2.807463162187500021e-05
-2.627409543437499831e-05
-2.622793762109374712e-05
-2.808302395156249981e-05
-3.048094142499999795e-05
-3.163641263515624817e-05
-3.116300894687499911e-05
-3.010519393671874918e-05
-2.932318139765624816e-05
-2.869261226249999948e-05
-2.842710946874999701e-05
-2.872312982499999957e-05
-2.881658986015625006e-05
-2.852667301640624751e-05
-2.881086781718749941e-05
-3.006246934921874905e-05
-3.154180819140624958e-05
-3.320043771328125021e-05
-3.513410676718749763e-05
-3.578031615312500080e-05
-3.428762587734374536e-05
-3.201216012343749694e-05
-3.012121565703124965e-05
-2.849081488046874952e-05
-2.700308370859374940e-05
-2.630194271015624946e-05
-2.714499037421874727e-05
-2.914122043124999910e-05
-3.031462070937500001e-05
-2.941358967656249694e-05
-2.817152488281249838e-05
-2.824095233749999816e-05
-2.836760022187499768e-05
-2.730368169921874774e-05
-2.546805031484374997e-05
-2.376288151015624878e-05
-2.348593463046874839e-05
-2.487829841953124782e-05
-2.593763930781249860e-05
-2.576292626249999766e-05
-2.545813210703124952e-05
-2.557562472265624732e-05
-2.678450166718750024e-05
-2.969969182499999905e-05
-3.339613158281250015e-05
-3.632314729609374964e-05
-3.735616678671874674e-05
-3.688695926328124748e-05
-3.673513438984374915e-05
-3.783987015234374900e-05
-3.958661913593749545e-05
-4.044454411171874902e-05
-3.969648236093749577e-05
-3.895833881796874636e-05
-3.958013415390624945e-05
-4.030988536718749926e-05
-3.920095343984374961e-05
-3.658712421171875126e-05
-3.472898612500000025e-05
-3.473432669843749815e-05
-3.588979790859374498e-05
-3.714902883124999549e-05
-3.752134309374999997e-05
-3.665159256249999573e-05
-3.547552199765624927e-05
-3.495748637421874986e-05
-3.480222827500000047e-05
-3.436964182656250132e-05
-3.395612885468749756e-05
-3.450430057109375108e-05
-3.634298371171875054e-05
-3.824422785546874765e-05
-3.874319000234374488e-05
-3.818815183437499600e-05
-3.824308344687499955e-05
-3.980100501249999819e-05
-4.154508370937499907e-05
-4.091146281796874531e-05
-3.781850785859375063e-05
-3.509443393593749582e-05
-3.364637559531249750e-05
-3.237875234296874738e-05
-3.227155940468749939e-05
-3.474996694921874925e-05
-3.843496262109374906e-05
-4.059369869843749501e-05
-3.983648167890625020e-05
-3.732755657187499686e-05
-3.572576601015624661e-05
-3.578985289140624849e-05
-3.604848923359374544e-05
-3.625143102421874688e-05
-3.666341811796874640e-05
-3.609884321171874982e-05
-3.490217329218749695e-05
-3.447225713046875013e-05
-3.381651100624999927e-05
-3.227117793515625003e-05
-3.131063765546874763e-05
-3.134420697421874604e-05
-3.122709582812500099e-05
-3.028410314687499992e-05
-2.885740709999999997e-05
-2.772863875703124941e-05
-2.727278266718749828e-05
-2.698057700624999954e-05
-2.653006148984374970e-05
-2.661017009140624867e-05
-2.718313732734374823e-05
-2.721937693281249897e-05
-2.661017009140624867e-05
-2.648352220703124914e-05
-2.769316209062499740e-05
-2.938421652265624833e-05
-3.034933443671874990e-05
-3.108671504062499719e-05
-3.251150373984375031e-05
-3.372533978828125175e-05
-3.233640922500000001e-05
-2.704046772265624823e-05
-2.002982067734374757e-05
-1.570891529687499781e-05
-1.625289084843749814e-05
-1.918486566562499954e-05
-2.066153422109374773e-05
-1.967123931796875075e-05
-1.704596600390624771e-05
-1.437224605937499897e-05
-1.358603735546874984e-05
-1.398658036328124974e-05
-1.347045208749999887e-05
-1.251220062499999944e-05
-1.275481524687499931e-05
-1.393508197656249896e-05
-1.419982183124999931e-05
-1.263884850937499897e-05
-1.132773773046874999e-05
-1.302718449218749884e-05
-1.661109073828124897e-05
-1.837233556406249842e-05
-1.735152309843749797e-05
-1.553649106874999984e-05
-1.435927609531249851e-05
-1.415213813984374896e-05
-1.516150651953124980e-05
-1.672820188437500080e-05
-1.715430335078125057e-05
-1.576193956171874775e-05
-1.376723538281250016e-05
-1.243094761484374899e-05
-1.143798242499999968e-05
-1.059188300468750016e-05
-1.130484955859374908e-05
-1.422309147265624959e-05
-1.734999722031250051e-05
-1.810187366640625081e-05
-1.669959166953124754e-05
-1.575698045781249922e-05
-1.668318847968749770e-05
-1.894530279999999799e-05
-2.144545410781249897e-05
-2.319945101250000031e-05
-2.386778563124999718e-05
-2.359083875156250018e-05
-2.220610435312499824e-05
-1.949271157734374938e-05
-1.684035392656250071e-05
-1.596640723046875005e-05
-1.595648902265624959e-05
-1.550139587187500059e-05
-1.517714677031249921e-05
-1.552809873906250024e-05
-1.595839637031249981e-05
-1.542700931328124889e-05
-1.404532667109374865e-05
-1.360244054531249968e-05
-1.481475071562499857e-05
-1.578520920312499973e-05
-1.514128863437499953e-05
-1.455382555624999866e-05
-1.634520647500000052e-05
-1.971167508828124791e-05
-2.159613457265624920e-05
-2.110289446874999924e-05
-1.984633383281249767e-05
-1.936491928437499837e-05
-2.049216174921874808e-05
-2.253683843671874730e-05
-2.336386438046874803e-05
-2.251089850859374977e-05
-2.160338249374999732e-05
-2.115210403828124875e-05
-2.051009081718749877e-05
-1.965369171953124943e-05
-1.900176029062499900e-05
-1.867789265859374869e-05
-1.837767613749999971e-05
-1.794051205468749800e-05
-1.749724445937499967e-05
-1.723250460468749932e-05
-1.748274861718750005e-05
-1.836890233828125074e-05
-1.936682663203124859e-05
-2.005728648359374934e-05
-2.064665690937499874e-05
-2.101630088515624750e-05
-2.072104346796875045e-05
-1.956862401406249855e-05
-1.743125023046874757e-05
-1.471251688124999912e-05
-1.230048503515624903e-05
-1.106147199765624879e-05
-1.127547640468749878e-05
-1.216506335156249885e-05
-1.317977230468749928e-05
-1.420706975234374912e-05
-1.425208315703124883e-05
-1.303824710859374908e-05
-1.250151947812499856e-05
-1.376151333984374951e-05
-1.497420497968749947e-05
-1.435164670468749933e-05
-1.294211678671874964e-05
-1.300086309453124855e-05
-1.553038755624999983e-05
-1.993979386796874815e-05
-2.450674709609374885e-05
-2.580908407578124886e-05
-2.097662805390624908e-05
-1.320456782421874872e-05
-9.904474909374999414e-06
-1.395873308749999860e-05
-2.094153285703124982e-05
-2.456778222109374903e-05
-2.296446578124999792e-05
-2.027396117734374829e-05
-2.164572561171874808e-05
-2.681654510781249779e-05
-3.033560153359374901e-05
-2.794531345078124835e-05
-2.211607754374999882e-05
-1.938742598671874823e-05
-2.205466094921874928e-05
-2.560461640703124995e-05
-2.474592849218749764e-05
-2.010840340078124907e-05
-1.670188048671875051e-05
-1.681670281562499937e-05
-1.864127158359374858e-05
-2.017210881249999820e-05
-2.054366013593750056e-05
-1.985739644921874961e-05
-1.955985021484374958e-05
-2.030218992265624879e-05
-2.048529529765624933e-05
-1.903342226171875058e-05
-1.674193478749999830e-05
-1.527671031796874802e-05
-1.615256436171874890e-05
-1.857680323281250072e-05
-2.030371580078124964e-05
-2.084196930937499932e-05
-2.105597371640624931e-05
-2.168616138203124862e-05
-2.289351244843749729e-05
-2.405356129296875006e-05
-2.517660759296874997e-05
-2.704351947890624994e-05
-2.921904021562499849e-05
-3.031156895312499830e-05
-3.009413132031249724e-05
-2.974661257734374897e-05
-2.967680365312499983e-05
-2.909048498359374874e-05
-2.812002649609374928e-05
-2.778395183906249893e-05
-2.800291534999999746e-05
-2.778967388203124959e-05
-2.724302804375000031e-05
-2.737158327578125005e-05
-2.793272495624999895e-05
-2.795637606718750029e-05
-2.792623997421874956e-05
-2.865141355312500021e-05
-2.971151738046874972e-05
-3.082617135078124664e-05
-3.220747252343749751e-05
-3.364523118671874940e-05
-3.459165709374999815e-05
-3.447912358203124550e-05
-3.318899362734374891e-05
-3.142698586250000073e-05
-3.026312232265624753e-05
-3.031652805703125022e-05
-3.143804847890624589e-05
-3.296697836015624529e-05
-3.416441121874999690e-05
-3.436926035703124517e-05
-3.322180000703124858e-05
-3.141783059374999562e-05
-3.033216830781249794e-05
-2.998846426015625011e-05
-2.917936738437500006e-05
-2.830275040156249707e-05
-2.896421856874999858e-05
-3.067129472109374661e-05
-3.130415267343750164e-05
-3.048475612031249839e-05
-3.004568468984374985e-05
-3.086164801718749865e-05
-3.151510532421874654e-05
-3.058050497265624846e-05
-2.842405771249999869e-05
-2.672461095078124815e-05
-2.667883460703124971e-05
-2.781027323671874922e-05
-2.873075921562499705e-05
-2.843130563359375020e-05
-2.712286514140625017e-05
-2.626379575703124850e-05
-2.651518417812499733e-05
-2.686155851249999750e-05
-2.671240392578124812e-05
-2.650526597031250026e-05
-2.637137016484374924e-05
-2.631910883906249802e-05
-2.679098664921874962e-05
-2.763861194765624999e-05
-2.787588599609374857e-05
-2.746313596328125032e-05
-2.756727714531249999e-05
-2.863348448515624952e-05
-3.006742845312499759e-05
-3.127363511093749816e-05
-3.204458503359374725e-05
-3.216589234453124887e-05
-3.144911109531249783e-05
-3.066061357421875081e-05
-3.108518916249999973e-05
-3.277128449062499536e-05
-3.438261179062500008e-05
-3.515966522578124580e-05
-3.518903837968750118e-05
-3.450277469296874684e-05
-3.367803756640624907e-05
-3.309629653124999716e-05
-3.267324682109374570e-05
-3.325460638671874826e-05
-3.495672343515625113e-05
-3.589170525624999858e-05
-3.501852149921875004e-05
-3.312795850234374873e-05
-3.160284331640624976e-05
-3.172987267031249865e-05
-3.315351696093749690e-05
-3.427847060859374702e-05
-3.430441053671875134e-05
-3.337743957578124735e-05
-3.223799008593750099e-05
-3.165014553828124567e-05
-3.184126177343749644e-05
-3.266447302187499674e-05
-3.327406133281249979e-05
-3.324011054453124525e-05
-3.387258702734375092e-05
-3.567236027578124730e-05
-3.653905905078124985e-05
-3.510969271718749756e-05
-3.259390115859374886e-05
-3.058622701562499572e-05
-2.989385981640624814e-05
-3.036878938281249805e-05
-3.138998331796875125e-05
-3.268659825468750061e-05
-3.383024390937499677e-05
-3.388746433906249651e-05
-3.300474384375000028e-05
-3.275411836171874679e-05
-3.334043703124999787e-05
-3.321340767734374898e-05
-3.179739277734375160e-05
-3.024099708984374704e-05
-2.981680297109374749e-05
-3.042410246484374757e-05
-3.100965819531249654e-05
-3.119314503984374644e-05
-3.145254432109374890e-05
-3.176420492812499579e-05
-3.151434238515624781e-05
-3.092878665468749545e-05
-3.037298554765624785e-05
-2.935369896015624824e-05
-2.818525778593749926e-05
-2.744139219999999920e-05
-2.695120385234374755e-05
-2.716864148515624861e-05
-2.792776585234374703e-05
-2.824781878906250029e-05
-2.810705653203124713e-05
-2.782629495703124969e-05
-2.786444191015624726e-05
-2.876699882109374779e-05
-3.012503035234375008e-05
-3.078993174531249589e-05
-3.056295737421875052e-05
-3.020780924062499800e-05
-2.975119021171874814e-05
-2.954862989062499945e-05
-3.080671640468750187e-05
-3.260458230546875143e-05
-3.214414858125000114e-05
-2.909773290468750025e-05
-2.634123407187499851e-05
-2.575644128046874828e-05
-2.635420403593749728e-05
-2.640684683124999786e-05
-2.526701587187499875e-05
-2.398298942968749879e-05
-2.458838157578124866e-05
-2.730825933359375029e-05
-2.923849516171875002e-05
-2.804144377265624778e-05
-2.516745232421874824e-05
-2.348593463046874839e-05
-2.350538957656249993e-05
-2.349127520390624968e-05
-2.271689205546874952e-05
-2.239035413671875026e-05
-2.308233986640624848e-05
-2.385367125859375032e-05
-2.410238939296875020e-05
-2.391203609687499816e-05
-2.377241824843749987e-05
-2.494429264843749992e-05
-2.739218263046874969e-05
-2.880514577421874875e-05
-2.812994470390624974e-05
-2.689512783124999929e-05
-2.647322252968749932e-05
-2.674673618359374864e-05
-2.683523711484374721e-05
-2.633818231562500020e-05
-2.581442464921875014e-05
-2.533835067421874875e-05
-2.407911975156249823e-05
-2.229422381484374744e-05
-2.161482657968749862e-05
-2.287405750234374914e-05
-2.482565562421874724e-05
-2.553633336093749827e-05
-2.462576558984374750e-05
-2.324942352109374855e-05
-2.245901865234374792e-05
-2.216185388749999726e-05
-2.147368285312499948e-05
-2.035864741328124981e-05
-2.026595031718749805e-05
-2.195204564531250046e-05
-2.415236190156249844e-05
-2.485502877812499923e-05
-2.299422040468749928e-05
-1.944846111171874841e-05
-1.610907683515625004e-05
-1.384047753281249868e-05
-1.226386396015624892e-05
-1.190718994843749894e-05
-1.375540982734374949e-05
-1.643447034531249782e-05
-1.769980478046874836e-05
-1.702307783203124849e-05
-1.500815576796874893e-05
-1.291922861484374873e-05
-1.224212019687499950e-05
-1.348304058203124996e-05
-1.524504834687499984e-05
-1.523665601718749854e-05
-1.359862584999999924e-05
-1.299247076484374895e-05
-1.446761344218749967e-05
-1.613654264140624843e-05
-1.639250869687499982e-05
-1.537741827421875001e-05
-1.382674462968749949e-05
-1.289328868671874950e-05
-1.326636588828124933e-05
-1.408080333749999896e-05
-1.437567928515625004e-05
-1.446379874687499924e-05
-1.468161784921874967e-05
-1.411780588203125013e-05
-1.208114005468749945e-05
-1.004485569687499983e-05
-9.718699247656249928e-06
-1.041068497734374984e-05
-1.104392439921874916e-05
-1.229285564453124986e-05
-1.445807670390624859e-05
-1.615752346562500082e-05
-1.660765751249999791e-05
-1.620940332187499928e-05
-1.551932493984374789e-05
-1.548842590781249843e-05
-1.619223719296875071e-05
-1.633338091953124985e-05
-1.581000472265624916e-05
-1.631659626015625065e-05
-1.834410681874999792e-05
-1.988181049921874968e-05
-1.960829684531250036e-05
-1.912650082734374831e-05
-1.981047569687499968e-05
-2.028235350703124789e-05
-1.915663692031249903e-05
-1.762541822187500004e-05
-1.765021374140624948e-05
-1.895445806874999971e-05
-1.994475297187500007e-05
-2.016867558671875052e-05
-2.020644107031249872e-05
-2.054785630078125036e-05
-2.104147787421874969e-05
-2.109412066953125027e-05
-2.045325185703124839e-05
-1.966704315312499756e-05
-1.917036982343749992e-05
-1.901129702890625009e-05
-1.968420928203124952e-05
-2.106131428984375060e-05
-2.158202019999999895e-05
-2.056769271640624788e-05
-1.905821778125000001e-05
-1.775282904531249830e-05
-1.668585876640625004e-05
-1.608122955937499890e-05
-1.636923905546874784e-05
-1.788176574687500080e-05
-1.993025712968750045e-05
-2.102965231874999902e-05
-2.040251640937499803e-05
-1.883162487968750062e-05
-1.816443466953124845e-05
-1.903113344453124760e-05
-2.038191705468749839e-05
-2.146109435859375008e-05
-2.207068266953124975e-05
-2.204054657656249902e-05
-2.210882962265624732e-05
-2.332571742734375046e-05
-2.469938920937500047e-05
-2.436445896093749822e-05
-2.269934445703124820e-05
-2.171286424921874827e-05
-2.233542252421875010e-05
-2.311667212421874900e-05
-2.224501424531249793e-05
-2.066382303828125070e-05
-2.071265113828124746e-05
-2.297323958046875028e-05
-2.604864694140625041e-05
-2.769011033437499908e-05
-2.610510443203124803e-05
-2.196463413984374986e-05
-1.839636814453124913e-05
-1.738623682578124786e-05
-1.785010377578124922e-05
-1.804122001093749999e-05
-1.807440786015624903e-05
-1.870230670859374876e-05
-1.939391096874999761e-05
-1.989935809765624761e-05
-2.051772020781249964e-05
-2.047995472421874804e-05
-2.029036436718749812e-05
-2.171629747499999934e-05
-2.342108481015624778e-05
-2.303961527890624835e-05
-2.120055066874999952e-05
-1.941336591484374915e-05
-1.809195545859375035e-05
-1.737708155703124953e-05
-1.736868922734374993e-05
-1.826552409531249981e-05
-2.004050182421875014e-05
-2.109602801718750049e-05
-2.036818415156249750e-05
-1.986540730937499984e-05
-2.120818005937500039e-05
-2.293165940156249825e-05
-2.366369943203124764e-05
-2.402762136484374914e-05
-2.459601096640624953e-05
-2.462462118124999940e-05
-2.329787015156249932e-05
-2.130774360703124751e-05
-1.977538050000000042e-05
-1.887740122343749906e-05
-1.879271498749999754e-05
-1.938475569999999928e-05
-1.958121250859374795e-05
-1.892317756718749750e-05
-1.821288129999999923e-05
-1.805571585312499961e-05
-1.809500721484374867e-05
-1.794432674999999844e-05
-1.772498176953125055e-05
-1.776770635703125067e-05
-1.777495427812499879e-05
-1.681250665078124957e-05
-1.488532257890624984e-05
-1.311721130156249995e-05
-1.276511492421874913e-05
-1.421622502109374915e-05
-1.593817848515624954e-05
-1.630553364374999871e-05
-1.620864038281250055e-05
-1.701621138046874974e-05
-1.779021305937500053e-05
-1.728629180859374799e-05
-1.629485249687499953e-05
-1.609458099296875042e-05
-1.674231625703124767e-05
-1.785429994062499902e-05
-1.922415702734374859e-05
-2.051886461640624773e-05
-2.144125794296874917e-05
-2.181738690078124731e-05
-2.174719650703124880e-05
-2.165869557578125023e-05
-2.134169439531249867e-05
-2.031935605156249736e-05
-1.885947215546874837e-05
-1.724318575156249850e-05
-1.584662579765624927e-05
-1.551551024453125084e-05
-1.640318984374999900e-05
-1.746253073203124978e-05
-1.747931539140624898e-05
-1.667632202812499895e-05
-1.660575016484374769e-05
-1.770171212812499857e-05
-1.877669326718750046e-05
-1.935957871093750047e-05
-2.060355085234374925e-05
-2.300375714296875037e-05
-2.515562676874999757e-05
-2.585409748046874856e-05
-2.519339225234374917e-05
-2.334822412968750032e-05
-2.057303328984374916e-05
-1.808127431171874778e-05
-1.695098009062499976e-05
-1.705550274218749880e-05
-1.806868581718749838e-05
-1.955794286718749936e-05
-2.038763909765624904e-05
-2.049788379218749873e-05
-2.084120637031250059e-05
-2.132452826640625010e-05
-2.143553589999999852e-05
-2.091673733750000038e-05
-2.075346837812499736e-05
-2.304190409609374794e-05
-2.704886005234374784e-05
-2.931135584218749749e-05
-2.855947939609374719e-05
-2.612989995156249747e-05
-2.322043183671874931e-05
-2.103918905703125011e-05
-2.049330615781249957e-05
-2.083243257109374823e-05
-2.066306009921874858e-05
-1.961134860156249867e-05
-1.835555090468749922e-05
-1.747092306171874938e-05
-1.705130657734374900e-05
-1.754454668124999896e-05
-1.912039731484374829e-05
-2.015494268359374963e-05
-1.990775042734375060e-05
-1.992415361718750044e-05
-2.029570494062499941e-05
-1.970480863671874916e-05
-1.845091828749999993e-05
-1.832160011640624806e-05
-2.028769408046874917e-05
-2.324332000859374853e-05
-2.509001400937499823e-05
-2.480276745234374802e-05
-2.311781653281250049e-05
-2.148398253046874930e-05
-2.122038708437500043e-05
-2.224463277578124856e-05
-2.308272133593749785e-05
-2.305945169453124926e-05
-2.257460392031249890e-05
-2.208594145078124810e-05
-2.176626998359374758e-05
-2.134016851718749781e-05
-2.102812644062499817e-05
-2.182234600468749923e-05
-2.342795126171874992e-05
-2.415617659687499888e-05
-2.296866194609374772e-05
-2.045248891796874966e-05
-1.839102757109374784e-05
-1.816176438281249950e-05
-1.974829616328124801e-05
-2.147139403593749989e-05
-2.118338453984374757e-05
-1.919898003828124979e-05
-1.775740667968749747e-05
-1.765364696718750055e-05
-1.793250119453124777e-05
-1.794318234140625034e-05
-1.790770567499999833e-05
-1.819800398828125024e-05
-1.892203315859374940e-05
-1.980551659296874776e-05
-2.066992655078124733e-05
-2.130850654609374963e-05
-2.149618955546874933e-05
-2.144087647343749980e-05
-2.077902683671874892e-05
-1.962279268749999998e-05
-1.938780745624999759e-05
-1.990202838437499995e-05
-1.954802465937499891e-05
-1.845702179999999994e-05
-1.810339954453124827e-05
-1.863135337578124813e-05
-1.893195136640624985e-05
-1.838873875390624826e-05
-1.754874284609374876e-05
-1.781653445703125082e-05
-1.962584444374999829e-05
-2.147482726171874757e-05
-2.229460528437500019e-05
-2.248953621484374801e-05
-2.244261546249999808e-05
-2.247313302499999817e-05
-2.294348495703124892e-05
-2.343176595703125035e-05
-2.340315574218750048e-05
-2.329138516953124994e-05
-2.328718900468750014e-05
-2.291601915078125053e-05
-2.304991495624999817e-05
-2.475470229140625000e-05
-2.651098801328124753e-05
-2.673300328046874776e-05
-2.654379439296874720e-05
-2.708853288359374965e-05
-2.730482610781249922e-05
-2.560957551093749848e-05
-2.212141811718750011e-05
-1.891287788984374768e-05
-1.777571721718749752e-05
-1.816977524296874974e-05
-1.831969276874999785e-05
-1.806181936562499963e-05
-1.870421405624999897e-05
-1.993750505078124857e-05
-2.003249096406249991e-05
-1.839941990078124745e-05
-1.642111891171874969e-05
-1.596030371796875003e-05
-1.694563951718749847e-05
-1.775130316718750084e-05
-1.747931539140624898e-05
-1.618460780234374984e-05
-1.409262889296874963e-05
-1.256293607265624980e-05
-1.370772613593749914e-05
-1.733092374374999833e-05
-2.072600257187499898e-05
-2.188681435546875048e-05
-2.132414679687499734e-05
-2.074240576171874881e-05
-2.047766590703124846e-05
-1.969183867265625039e-05
-1.869658466562499811e-05
-1.866988179843749845e-05
-1.941870648828125044e-05
-1.928519215234374877e-05
-1.746100485390624893e-05
-1.508368673515624873e-05
-1.368140473828124885e-05
-1.358489294687500005e-05
-1.383361108124999993e-05
-1.322097101406249856e-05
-1.197432858593749913e-05
-1.112098124453124981e-05
-1.024169397499999956e-05
-8.771891871093750114e-06
-7.859416752343749131e-06
-8.575816532031249115e-06
-1.021613551640624969e-05
-1.154670124140625021e-05
-1.184958804921874983e-05
-1.070556092499999922e-05
-9.237666168749999999e-06
-9.835810393750000059e-06
-1.305655764609374913e-05
-1.628378988046874759e-05
-1.637419815937499976e-05
-1.349982524140624916e-05
-1.120223425468750026e-05
-1.214026783203124941e-05
-1.494292447812499895e-05
-1.642073744218750032e-05
-1.558875239453124767e-05
-1.438063838906249857e-05
-1.446303580781249881e-05
-1.509894551640624877e-05
-1.550826232343749934e-05
-1.573332934687499788e-05
-1.490019989062499882e-05
-1.286505994140624899e-05
-1.164321303281249901e-05
-1.276473345468749976e-05
-1.574744371953124813e-05
-1.886977183281249819e-05
-2.052344225078125029e-05
-2.075499425624999822e-05
-2.064970866562500045e-05
-2.035521418749999874e-05
-1.968649809921874910e-05
-1.933173143515624933e-05
-1.950949623671874858e-05
-1.936339340624999752e-05
-1.861685753359374851e-05
-1.800726922265624884e-05
-1.767043162656249975e-05
-1.711806374531249983e-05
-1.613997586718749950e-05
-1.508635702187499937e-05
-1.484984591249999952e-05
-1.559600031562499917e-05
-1.671561338984374801e-05
-1.792258298671875070e-05
-1.943015057421874835e-05
-2.194975682812499749e-05
-2.574308984687500015e-05
-2.869490107968749906e-05
-2.759283560390624816e-05
-2.203329865546874752e-05
-1.484412386953124887e-05
-9.685892867968750255e-06
-8.925624092187500354e-06
-1.197699887265624978e-05
-1.559828913281249876e-05
-1.644782177890624934e-05
-1.400031326640624894e-05
-1.129493135078124862e-05
-1.061171942031249937e-05
-1.027869651953124903e-05
-8.565516854687499297e-06
-6.452557121093750086e-06
-5.727765011718749653e-06
-6.590267621874999854e-06
-7.251735789062499677e-06
-5.733487054687499458e-06
-2.525709766406249999e-06
-7.759090265624999472e-07
-1.149749167187499985e-06
-8.316035781250000047e-07
1.411437265624999906e-07
-9.128565882812499255e-07
-3.789899792968749896e-06
-6.448360956249999438e-06
-7.622142703906249705e-06
-6.626888696874999962e-06
-4.973218278906249557e-06
-5.240628420312499706e-06
-6.754299520312499912e-06
-7.090755646874999629e-06
-5.789181606250000045e-06
-3.944013483593749502e-06
-3.105161984374999793e-06
-4.054639647656249403e-06
-5.614850030468749322e-06
-6.321331602343749700e-06
-6.527325149218749458e-06
-7.420345321874999749e-06
-9.053416385156249670e-06
-1.030082175234374952e-05
-1.054267343515624896e-05
-1.019515469218749900e-05
-9.607310144531248754e-06
-9.089274521093749351e-06
-9.293360720312498891e-06
-1.044616164375000016e-05
-1.152533894765625015e-05
-1.148795493359374961e-05
-1.119193457734374874e-05
-1.131171601015624952e-05
-1.081885737578124892e-05
-9.720606595312500145e-06
-9.067149288281248863e-06
-9.084696886718750185e-06
-9.426875056249998860e-06
-9.929651898437499911e-06
-1.079406185624999948e-05
-1.185111392734374898e-05
-1.244696933515624946e-05
-1.279601395624999858e-05
-1.375197660156250011e-05
-1.508139791796874914e-05
-1.595267432734374916e-05
-1.626853109921874924e-05
-1.631278156484375022e-05
-1.584624432812499991e-05
-1.527861766562499824e-05
-1.606597077812500055e-05
-1.798628839843749983e-05
-1.906546570234374813e-05
-1.805113821875000045e-05
-1.580542708828125000e-05
-1.438979365781249860e-05
-1.413153878515624932e-05
-1.360511083203124862e-05
-1.237639747187499989e-05
-1.196555478671875017e-05
-1.342849043906249917e-05
-1.534537483359374907e-05
-1.584853314531249949e-05
-1.514739214687499955e-05
-1.519049820390624904e-05
-1.607665192499999974e-05
-1.566046866640625042e-05
-1.415518989609374897e-05
-1.394080401953124961e-05
-1.525382214609374880e-05
-1.597022192578125048e-05
-1.494139859999999979e-05
-1.346816327031249928e-05
-1.269530599999999998e-05
-1.186637270859374903e-05
-1.115340615468750011e-05
-1.207961417656249860e-05
-1.397704362499999866e-05
-1.461981978515624906e-05
-1.354445717656249951e-05
-1.197280270781249998e-05
-1.137885464765624972e-05
-1.226386396015624892e-05
