-5.772015477343749783e-06
-5.668255764843749478e-06
-4.601666955468749737e-06
-3.397749114843750016e-06
-2.145766113281249731e-06
-2.433775609374999729e-07
1.654814826562499985e-06
1.802062065624999993e-06
-1.834868445312499825e-07
-2.598951916406249790e-06
-3.577039794531249695e-06
-3.096006715624999766e-06
-2.365874032812499742e-06
-1.752852496093749849e-06
-8.296962304687499991e-07
-2.155302851562499971e-07
-9.738917132812498928e-07
-2.150343747656249745e-06
-2.103041525781250029e-06
-1.034545368749999859e-06
3.154753023437499727e-07
2.027510558593749808e-06
3.939435849218749488e-06
5.086896199218749467e-06
4.713056058593750064e-06
3.433225781249999909e-06
2.692411951562499853e-06
2.759550589062500050e-06
2.719496288281249721e-06
2.187727761718749854e-06
1.612090239062499859e-06
1.210402822656249951e-06
3.627775242187500056e-07
-1.412581674218749909e-06
-2.988050838281249661e-06
-2.688597256249999842e-06
-8.499141156249999526e-07
9.647364445312498660e-07
1.732253141406250000e-06
1.147460349999999979e-06
1.434325437499999973e-07
-8.163447968750000129e-08
1.602172031249999936e-07
-1.441954828124999996e-07
-8.758540437499999228e-07
-6.370541171874999633e-07
1.218032213281249974e-06
3.095625246093749977e-06
3.009413132031249724e-06
9.414668031249999036e-07
-1.301955510156250008e-06
-2.131270271093749689e-06
-1.775359198437499915e-06
-1.150130636718749986e-06
-1.514434039062499944e-07
1.611327299999999857e-06
2.775953778906249886e-06
1.297377875781249995e-06
-1.753233965624999850e-06
-3.648374596874999693e-06
-3.849409039843750071e-06
-3.041075103125000029e-06
-1.942061383593749981e-06
-1.311873717968750037e-06
-1.284789381249999958e-06
-1.723479342187499975e-06
-2.481077831250000080e-06
-3.356168935937499683e-06
-4.381940505468749939e-06
-4.835507778124999788e-06
-3.541563128124999803e-06
-1.321410456249999854e-06
-1.602172031250000069e-08
-7.858272343749999234e-08
-6.443020382812499846e-07
-7.099147976562499653e-07
-6.114956585937499942e-07
-1.298522284374999998e-06
-2.268980771874999881e-06
-2.238081739843750002e-06
-1.075744078124999980e-06
3.047941554687499943e-07
5.729672359374999870e-07
-1.098250780468750046e-06
-3.565214239062499873e-06
-4.925534587500000052e-06
-4.507062511718749460e-06
-2.941511555468749948e-06
-1.470183573437499867e-06
-6.141659453125000020e-07
-5.107877023437500164e-07
-1.836394323437499882e-06
-3.924177067968749443e-06
-4.906461110937499573e-06
-4.392240182812499758e-06
-3.195570263281249847e-06
-2.053069017187500095e-06
-1.166533826562500035e-06
-5.794522179687500061e-07
-9.857172687499999275e-07
-2.350996721093749910e-06
-3.302000262499999947e-06
-2.619932740625000064e-06
-4.924771648437499626e-07
1.440810419531249992e-06
2.040099053125000056e-06
1.702117048437499912e-06
1.051711497656249909e-06
6.713863749999999846e-08
-1.045607985156249891e-06
-1.491927336718749930e-06
-1.072310852343749970e-06
-3.753660187499999896e-07
-1.064299992187499946e-07
-8.022304242187499185e-07
-2.203749482031249901e-06
-3.247450119531249999e-06
-3.079222056249999717e-06
-1.874159807031249993e-06
-4.535672726562499544e-07
1.275634112499999931e-06
3.593442984374999955e-06
5.147168385156250067e-06
4.419705989062499839e-06
1.762007764843749876e-06
-5.233761968749999474e-07
-5.569455156249999400e-07
1.126098056249999916e-06
2.987669368749999872e-06
3.524396999218749965e-06
2.247618478124999818e-06
6.954189554687499228e-07
3.089903203125000066e-07
7.514949765624999814e-07
1.174544686718749846e-06
1.149749167187499985e-06
8.182521445312499656e-07
7.160183101562499832e-07
7.202144749999999955e-07
2.971647648437499719e-07
-7.678981664062499237e-07
-2.225111775781249964e-06
-3.329847538281249817e-06
-3.655241048437499713e-06
-3.427885207812499893e-06
-2.882002308593749774e-06
-2.013777655468749767e-06
-1.317977230468749844e-06
-1.629256367968749910e-06
-2.702330159374999882e-06
-3.660963091406249942e-06
-4.384992261718749948e-06
-4.531476561718749531e-06
-3.213880800781249901e-06
-9.674067312499998738e-07
3.929136171874999882e-07
-5.073544765624999666e-08
-1.770400094531249900e-06
-3.738782875781249747e-06
-5.076215052343749435e-06
-5.588147163281249667e-06
-5.553051966406249564e-06
-4.658887385156249482e-06
-3.022764565624999975e-06
-2.197645969531249883e-06
-2.785490517187499702e-06
-3.231809868749999741e-06
-2.615355106250000050e-06
-1.868819233593749977e-06
-1.496504971093749944e-06
-1.165007948437500030e-06
-9.067530757812499076e-07
-7.328029695312499266e-07
-6.549831851562500159e-07
-8.995051546874999922e-07
-1.422499882031249938e-06
-2.093504787499999790e-06
-2.581785787499999952e-06
-2.142332887499999933e-06
-7.381435429687499423e-07
4.135129718749999956e-07
3.551481335937499832e-07
-8.819575562499999407e-07
-2.392958369531250033e-06
-3.026197791406249773e-06
-3.151319797656249717e-06
-3.480909472656249837e-06
-3.403852627343750034e-06
-2.862165892968749716e-06
-3.145979224218749701e-06
-4.729840717968750113e-06
-6.332394218749999945e-06
-7.400127436718749478e-06
-8.788676530468749316e-06
-9.874338816406248690e-06
-9.008021510937498901e-06
-6.555935364062499330e-06
-4.378125810156249505e-06
-3.429792555468749687e-06
-3.423689042968749669e-06
-3.793714488281249908e-06
-4.474256132031249787e-06
-5.305859710156249686e-06
-5.193707667968749780e-06
-3.692243592968750033e-06
-1.919173211718749913e-06
-1.080703182031249994e-06
-1.425170168749999946e-06
-2.421187114843749692e-06
-3.279112090624999880e-06
-3.421400225781249662e-06
-2.674101414062499799e-06
-1.163863539843750027e-06
2.017973820312499833e-07
1.491545867187499876e-07
-1.231002177343750012e-06
-2.964018257812499803e-06
-4.488751974218749406e-06
-5.145642507031250063e-06
-4.831693082812499353e-06
-4.468534089062499982e-06
-4.302213373437499494e-06
-4.120252407031249595e-06
-4.595181973437499506e-06
-5.863186695312499839e-06
-6.312176333593749674e-06
-5.115506414062499339e-06
-3.538511371874999794e-06
-2.397536003906250046e-06
-1.495742032031249942e-06
-9.300227171874999759e-07
-6.053921460937499763e-07
-4.280088140624999852e-07
-1.294326119531249986e-06
-3.525159938281249967e-06
-5.631634689843749371e-06
-6.101605152343749903e-06
-5.059811862499999599e-06
-3.786848036718749888e-06
-3.118513417968750044e-06
-3.240965137499999768e-06
-4.246518821874999754e-06
-5.509564439843749860e-06
-6.029125941406250114e-06
-5.388257128906249927e-06
-3.913495921093749412e-06
-2.692030482031250063e-06
-2.338789696093749874e-06
-2.630613887499999671e-06
-3.737256997656249742e-06
-5.633542037499999588e-06
-7.445140841406250033e-06
-8.050151517968748844e-06
-6.476208232031249731e-06
-3.224561947656249932e-06
-6.935116078124999172e-07
-4.699704625000000025e-07
-1.953123999999999801e-06
-3.902814774218750228e-06
-4.982755017187499796e-06
-4.698941685937499811e-06
-3.997419217968749658e-06
-3.395841767187499799e-06
-2.785871986718749915e-06
-2.466200519531249824e-06
-3.065870622656249890e-06
-4.632565987500000040e-06
-6.078716980468749836e-06
-6.561275937499999769e-06
-5.841824401562499776e-06
-3.744886388281249764e-06
-1.445006584375000005e-06
-6.393429343749999700e-07
-1.596068518750000024e-06
-3.769681907812499625e-06
-6.086727840625000071e-06
-7.400127436718749478e-06
-7.318492957031249662e-06
-5.710980352343749604e-06
-3.571699221093749680e-06
-2.708052202343749687e-06
-2.956388867187499780e-06
-3.739545814843749749e-06
-5.891033971093750132e-06
-8.393855565625000064e-06
-9.256358175781249418e-06
-9.002680937499999309e-06
-8.433146927343749120e-06
-7.416912096093749527e-06
-6.542965399999999716e-06
-6.396099630468749920e-06
-6.614681671874999926e-06
-6.583401170312499411e-06
-6.252667086718749499e-06
-5.937954723437500058e-06
-5.675885155468749501e-06
-5.529019385937499705e-06
-5.687329241406249958e-06
-5.928417985156249818e-06
-6.490322604687499985e-06
-8.086009653906250219e-06
-1.016196684296874996e-05
-1.070212769921874985e-05
-8.269877967968749488e-06
-4.547498282031250002e-06
-3.037641877343749807e-06
-4.818341649218749526e-06
-7.835765641406249485e-06
-9.818644264843749797e-06
-1.009330232734374891e-05
-9.361643766406248880e-06
-8.732219039843749998e-06
-8.458323916406249618e-06
-8.283992340624999742e-06
-8.574672123437499324e-06
-9.538645628906249399e-06
-1.044043960078124950e-05
-1.063918522656249945e-05
-1.024131250546875019e-05
-8.972926314062499645e-06
-6.378552032031249445e-06
-3.733442302343749731e-06
-2.830122452343750045e-06
-3.450010440624999958e-06
-4.393766060937499762e-06
-5.251691036718749950e-06
-6.169506728906249679e-06
-7.211681488281249348e-06
-7.752605283593748818e-06
-6.672283571093749883e-06
-4.119489467968750016e-06
-1.868056294531249975e-06
-1.306533144531250022e-06
-2.054213425781249886e-06
-2.645872668749999716e-06
-2.280806327343749704e-06
-1.079177303906249990e-06
5.195615015624999362e-07
1.288604076562499969e-06
4.627225414062499812e-07
-8.670802445312500029e-07
-1.688384145312499872e-06
-2.085112457812499765e-06
-1.856993678124999943e-06
-6.149288843750000043e-07
1.075362608593749979e-06
2.183531596875000054e-06
2.083586579687499761e-06
9.704584874999998827e-07
-3.200529367187499861e-07
-1.431655150781249965e-06
-2.687071378124999837e-06
-4.102704808593749967e-06
-4.717633692968750077e-06
-3.695676818749999832e-06
-1.601790561718749829e-06
-7.476802812499999438e-08
-6.793972351562499817e-07
-3.045271267968749829e-06
-5.331799638281249762e-06
-6.192776370312499959e-06
-4.905698171874999994e-06
-2.154158442968749756e-06
9.498591328125000076e-08
6.576534718749999179e-07
-3.147123632812499705e-07
-2.141188478906249718e-06
-3.867719577343750125e-06
-4.527280396874999731e-06
-3.987119540624999840e-06
-2.709578080468749691e-06
-1.473235329687499876e-06
-1.012420135937500006e-06
-1.158522966406250011e-06
-1.763152173437499879e-06
-2.859114136718749707e-06
-3.784940689062499670e-06
-3.941343196874999706e-06
-3.383253272656249974e-06
-2.936170982031249933e-06
-3.112791374999999816e-06
-3.036878938281249805e-06
-2.583311665624999956e-06
-2.749632381250000021e-06
-3.669736890624999756e-06
-4.971692400781249552e-06
-6.262585294531249952e-06
-6.761547441406249722e-06
-5.755612287499999946e-06
-3.718564990624999899e-06
-2.057646651562500108e-06
-1.399993179687499872e-06
-1.659773930468749999e-06
-2.235411453124999783e-06
-1.576232103124999966e-06
4.558560898437499611e-07
1.716612890624999954e-06
1.081084651562499996e-06
-2.811430445312499778e-07
-1.079177303906249990e-06
-1.076888486718749983e-06
-3.864286351562499691e-07
6.874080953125000052e-07
1.552962461718749898e-06
1.853941921874999934e-06
1.625823142187499900e-06
1.010512788281250000e-06
3.746030796874999874e-07
2.452849085937499785e-07
5.641934367187499613e-07
7.804866609374999606e-07
9.929651898437499488e-07
1.964949555468750048e-06
3.494642375781249877e-06
4.212568033593749443e-06
3.619764382031249821e-06
2.439497652343749746e-06
1.277159990624999936e-06
4.596707851562499723e-07
2.101897117187499814e-07
6.935116078124999172e-07
1.883696545312499809e-06
2.914808688281249870e-06
2.391432491406250029e-06
3.162382414062499749e-07
-1.750945148437499843e-06
-2.828596574218750041e-06
-2.848051520312499886e-06
-2.190016578906249861e-06
-1.725386689843749980e-06
-1.861952782031249957e-06
-2.424238871093749701e-06
-3.430174024999999900e-06
-4.526135988281249939e-06
-5.045316020312499980e-06
-5.102536449999999724e-06
-4.887769103906250153e-06
-4.362104089843749881e-06
-3.967283124999999782e-06
-3.701398861718749637e-06
-3.389356785156249992e-06
-3.880308071874999526e-06
-5.469510139062499531e-06
-6.769939771093749323e-06
-6.614681671874999926e-06
-5.519482647656249465e-06
-5.031201647656249727e-06
-5.802151570312499660e-06
-6.711574932812499787e-06
-6.971355683593749914e-06
-7.168193961718749644e-06
-7.344051415624999525e-06
-6.975551848437499714e-06
-6.536480417968749485e-06
-6.911083497656249313e-06
-7.854457648437498905e-06
-8.084102306250000002e-06
-7.492824532812499538e-06
-7.746883240624999860e-06
-9.132762047656249903e-06
-9.480662260156249229e-06
-7.399364497656249899e-06
-3.923414128906249865e-06
-1.250838592968749858e-06
-9.216303874999999512e-07
-2.560042024218749676e-06
-4.805753154687500124e-06
-6.934734608593749806e-06
-8.532710474999999624e-06
-8.399196139062499656e-06
-5.910870386718749343e-06
-2.829359513281250043e-06
-1.100158128125000052e-06
-8.960719289062499821e-07
-1.751326617968749844e-06
-2.965925605468750020e-06
-3.891752157812499984e-06
-4.000089504687499454e-06
-2.466581989062500037e-06
-1.102446945312499926e-07
5.451199601562500112e-07
-5.817410351562500128e-07
-1.171874400000000050e-06
-8.167262664062499611e-07
-1.032638021093749853e-06
-2.042769339843749853e-06
-2.455137903125000004e-06
-1.949690774218750003e-06
-1.714705542968749949e-06
-2.374266362499999766e-06
-3.411100548437499844e-06
-4.041288214062499575e-06
-4.338452978906249388e-06
-4.702374911718750033e-06
-4.158399360156249707e-06
-1.908492064843749882e-06
7.133480234374999754e-08
-2.861021484374999924e-07
-1.590346475781250007e-06
-1.962279268749999828e-06
-2.206038299218749908e-06
-3.153608614843749724e-06
-3.874204559374999509e-06
-3.524015529687499752e-06
-2.606199837500000023e-06
-1.997755935156249720e-06
-1.723860811718749976e-06
-2.151869625781249749e-06
-3.987501010156250053e-06
-5.949017339843749455e-06
-6.378170562500000079e-06
-5.650708166406249850e-06
-4.886624695312499514e-06
-4.410550720312499812e-06
-3.685377141406250013e-06
-2.980802917187499852e-06
-3.443143989062499938e-06
-5.052182471874999577e-06
-6.719967262499999388e-06
-7.258602240624999274e-06
-6.327435114843749718e-06
-5.238339603125000123e-06
-5.057141575781249803e-06
-5.199811180468749798e-06
-5.106351145312500159e-06
-4.781339104687500053e-06
-4.267881115624999817e-06
-4.037092049218749775e-06
-4.272840219531250043e-06
-4.212949503124999655e-06
-3.644941371093749895e-06
-3.656003987499999715e-06
-4.874417670312499479e-06
-6.256100312499999721e-06
-6.241604470312500102e-06
-4.661557671875000125e-06
-3.079984995312499719e-06
-2.759932058593749839e-06
-3.188703811718749827e-06
-3.736112589062499950e-06
-5.091473833593749480e-06
-7.306285932031249626e-06
-8.826823483593750275e-06
-9.000010650781250360e-06
-8.719249075781249536e-06
-8.364863881249999132e-06
-7.673641090624999645e-06
-7.012172923437499822e-06
-6.889721203906249251e-06
-7.260509588281249491e-06
-8.142467144531249538e-06
-9.386057816406248952e-06
-9.975046772656248986e-06
-8.735652265624999373e-06
-6.130596836718749988e-06
-3.992460114062499432e-06
-3.035353060156249800e-06
-3.384779150781249978e-06
-5.028531360937499931e-06
-6.383892605468749884e-06
-6.176754649999999488e-06
-5.077740930468749440e-06
-4.615399858593749777e-06
-5.646893471093749416e-06
-7.488246898437499524e-06
-9.024806170312499798e-06
-9.897989927343750030e-06
-1.057357246718750011e-05
-1.144217858984374948e-05
-1.182898869453125019e-05
-1.103667647812499935e-05
-9.485621364062499456e-06
-7.564922274218749961e-06
-5.641934367187500036e-06
-5.297467380468750085e-06
-6.969448335937499696e-06
-8.738704021874999382e-06
-9.309000971093749996e-06
-9.130854699999999685e-06
-8.844752551562499269e-06
-8.266063272656249054e-06
-7.415004748437499309e-06
-7.059856614843749326e-06
-7.445903780468749612e-06
-8.076472915624999133e-06
-8.650203090624999122e-06
-8.909220902343748823e-06
-8.309550799218749605e-06
-7.201763280468749743e-06
-6.406017838281249525e-06
-6.411358411718749965e-06
-7.981868471874998855e-06
-1.035460895624999989e-05
-1.140860927109374938e-05
-1.081847590624999955e-05
-9.558100574999999245e-06
-8.108134886718749014e-06
-6.653973033593749829e-06
-6.064984077343749795e-06
-7.921214816406249736e-06
-1.157836321250000009e-05
-1.366919771328124881e-05
-1.305007266406249975e-05
-1.186522829999999924e-05
-1.134528532890624962e-05
-1.091193594140625004e-05
-1.093825733906249864e-05
-1.232261026796874952e-05
-1.371154083124999957e-05
-1.318434993906250014e-05
-1.147117027421874872e-05
-1.031684347265624999e-05
-9.713358674218750335e-06
-9.036250256249999408e-06
-8.729930222656250415e-06
-9.747690932031249166e-06
-1.203193048515624994e-05
-1.371726287421874853e-05
-1.319999018984374955e-05
-1.106566816250000028e-05
-8.539958396093749434e-06
-6.089016657812499654e-06
-4.207608929687500063e-06
-4.096601296093749949e-06
-6.254192964843749504e-06
-8.975596600781250288e-06
-1.015967802578124868e-05
-9.837336271874999217e-06
-9.462733192187500235e-06
-9.370799035156248907e-06
-8.511348181249999562e-06
-7.032009339062499880e-06
-6.574245901562499384e-06
-7.862087039062499774e-06
-1.028823325781250012e-05
-1.240462621718749870e-05
-1.203460077187499889e-05
-8.975215131249999229e-06
-6.447979486718750072e-06
-6.280895832031250005e-06
-6.769176832031249744e-06
-6.871029196874999831e-06
-6.751247764062499903e-06
-5.972286981249999735e-06
-5.096814407031249919e-06
-5.175015660937499514e-06
-5.484387450781249362e-06
-5.230710212500000100e-06
-5.041501324999999545e-06
-5.693814223437499342e-06
-7.019039374999999418e-06
-8.048244170312500320e-06
-7.896419296875000298e-06
-6.632992209374999980e-06
-5.563733113281249595e-06
-5.119702578906249987e-06
-4.508206920312500098e-06
-4.362104089843749881e-06
-5.211636735937499621e-06
-6.015011568749999861e-06
-6.665035650000000074e-06
-7.688899871874999690e-06
-8.556361585937499270e-06
-8.646769864843749747e-06
-8.170695889843750044e-06
-7.975764959374998837e-06
-8.600230582031249187e-06
-9.717936308593749502e-06
-1.083716791328124897e-05
-1.109618572499999868e-05
-9.704966344531249040e-06
-7.951732378906249825e-06
-7.575984890624999358e-06
-8.300776999999998944e-06
-9.744639175781249157e-06
-1.241149266874999915e-05
-1.554793515468749776e-05
-1.680220697343749975e-05
-1.515464006796874936e-05
-1.261214564218749931e-05
-1.136512174453124883e-05
-1.145972618828124911e-05
-1.213187550234374981e-05
-1.287612255781249924e-05
-1.335143359375000021e-05
-1.325415886328124929e-05
-1.226806012499999873e-05
-1.009597261406249955e-05
-7.247539624218749877e-06
-5.288312111718750058e-06
-5.152127489062499446e-06
-6.412884289843749969e-06
-7.734676215624999824e-06
-8.008571339062500204e-06
-7.365795178906249800e-06
-6.536480417968749485e-06
-6.290814039843749611e-06
-6.813808767187500087e-06
-7.563777865624999322e-06
-8.194347000781249690e-06
-8.516688754687499154e-06
-8.447261299999999374e-06
-8.019252485937499388e-06
-7.257076362499999270e-06
-6.931301382812499584e-06
-7.392498046093749455e-06
-7.738109441406249199e-06
-7.778163742187500375e-06
-7.910152199999999492e-06
-8.102031374218748996e-06
-8.217998111718749336e-06
-7.712932452343750395e-06
-6.203838986718749356e-06
-4.596326382031250145e-06
-4.182050471093750200e-06
-5.285260355468750049e-06
-7.453151701562499421e-06
-9.711069857031249058e-06
-1.086196343281250011e-05
-1.051139293359375014e-05
-9.169764592187499376e-06
-8.007045460937499352e-06
-8.006663991406249987e-06
-8.548732195312500095e-06
-8.731456100781249572e-06
-8.984751869531250315e-06
-9.989542614843750299e-06
-1.132659332187500020e-05
-1.177176826484374875e-05
-1.095885669374999997e-05
-9.352488497656248853e-06
-7.865901734375000209e-06
-8.267207681249998845e-06
-1.052245554999999869e-05
-1.220740646953124961e-05
-1.210402822656249867e-05
-1.077193662343749899e-05
-9.557719105468749879e-06
-9.803004014062498693e-06
-1.114463235546874945e-05
-1.235503517812499983e-05
-1.287535961874999881e-05
-1.255149198671875019e-05
-1.181907048671874974e-05
-1.092872060078124924e-05
-9.454722332031250000e-06
-8.108897825781249440e-06
-8.079524671874999142e-06
-8.946604916406249356e-06
-9.759516487499999836e-06
-1.035117573046874882e-05
-1.065558841640624929e-05
-1.033782429687499899e-05
-9.329600325781249633e-06
-8.164973846874999392e-06
-7.632823850781249737e-06
-7.962413525781249010e-06
-8.825297605468749424e-06
-9.852595053124999262e-06
-1.068114687499999915e-05
-1.114539529453124988e-05
-1.118659400390624915e-05
-1.054381784374999875e-05
-9.318156239843750023e-06
-8.438487500781250407e-06
-8.800120616406248927e-06
-1.018256619765624959e-05
-1.108130841328124969e-05
-1.045493544296874912e-05
-9.175486635156250028e-06
-8.192058183593750107e-06
-7.427593242968749558e-06
-6.996151203124999351e-06
-7.427974712499999771e-06
-8.176417932812499002e-06
-7.925792450781248902e-06
-6.972500092187499705e-06
-6.268307337499999757e-06
-5.652615514062500068e-06
-5.125043152343749579e-06
-4.983899425781249588e-06
-4.786298208593749432e-06
-4.634473335156249410e-06
-5.457684583593749708e-06
-6.863018336718749596e-06
-7.736965032812499407e-06
-7.805248078906249396e-06
-7.103344141406249877e-06
-6.297680491406250055e-06
-6.354137982031249373e-06
-7.209774140624999978e-06
-8.111186642968749023e-06
-8.141704205468749112e-06
-7.185360090624999906e-06
-6.489941135156249772e-06
-6.944271346875000046e-06
-8.149715065624999348e-06
-9.477610503906249220e-06
-1.085280816406250008e-05
-1.210975026953124932e-05
-1.242026646796874981e-05
-1.144484887656250012e-05
-9.788508171874999074e-06
-8.065410299218748888e-06
-6.851955720312499352e-06
-6.538387765624999702e-06
-6.840893103906249954e-06
-7.685466646093750315e-06
-9.225840613281249329e-06
-1.045112074765624869e-05
-1.027907798906250009e-05
-8.995051546875000134e-06
-7.588954854687499820e-06
-6.785961491406249793e-06
-6.622692532031249314e-06
-7.180400986718749680e-06
-8.179088219531249646e-06
-8.654780724999999982e-06
-8.949656672656249365e-06
-9.881968207031249560e-06
-1.042174759375000008e-05
-9.819788673437499589e-06
-9.532923585937498747e-06
-1.065711429453125014e-05
-1.205634453515625001e-05
-1.242484410234374897e-05
-1.234855019609374875e-05
-1.258124661015624986e-05
-1.244506198749999924e-05
-1.161841751328124957e-05
-1.100196275078124946e-05
-1.116561317968750015e-05
-1.140822780156250001e-05
-1.089057364765624998e-05
-9.918589282031249667e-06
-8.969493088281250271e-06
-7.754512631249999035e-06
-6.221768054687500044e-06
-4.766843262499999587e-06
-3.690336245312499816e-06
-3.301618792968749734e-06
-3.462980404687499996e-06
-4.140088822656249653e-06
-5.907055691406249756e-06
-7.668300517187500053e-06
-7.216259122656249362e-06
-4.998395267968750054e-06
-3.340910154687499638e-06
-3.136823955468749674e-06
-4.004667139062499468e-06
-5.600354188281249703e-06
-7.292171559374999373e-06
-7.937618006249999572e-06
-6.890484142968749676e-06
-5.351636053906249820e-06
-5.009839353906249664e-06
-5.493924189062499602e-06
-6.001660135156250033e-06
-7.197948585156249308e-06
-9.009928858593749119e-06
-9.864420608593749932e-06
-9.160609323437499349e-06
-7.772060229687500357e-06
-6.629177514062499545e-06
-6.129070958593749983e-06
-6.316372498437499474e-06
-7.290645681249999368e-06
-8.470912410937499019e-06
-8.532710474999999624e-06
-7.443614963281250029e-06
-6.577679127343749606e-06
-6.575390310156250022e-06
-6.476208232031249731e-06
-5.637738202343749389e-06
-5.258557488281249547e-06
-5.817410351562499704e-06
-6.232830671093749441e-06
-6.301876656249999855e-06
-6.080624328125000053e-06
-5.521008525781249470e-06
-5.459591931249999925e-06
-6.271359093749999766e-06
-7.445522310937499399e-06
-8.621974345312500310e-06
-9.684748459374998769e-06
-1.001700842109374869e-05
-9.031672621875000241e-06
-7.733531807031250032e-06
-7.401271845312499269e-06
-7.708736287499998901e-06
-8.696360903906250316e-06
-1.100501450703124947e-05
-1.315383237656250005e-05
-1.350325846718749854e-05
-1.288871105234374864e-05
-1.252059295468749904e-05
-1.202277521640624991e-05
-1.067008425859374891e-05
-9.490961937499999048e-06
-1.010512788281249958e-05
-1.198806148906250002e-05
-1.331366811015624862e-05
-1.361274022265624949e-05
-1.349372172890624915e-05
-1.303519535234374907e-05
-1.233710611015624914e-05
-1.199149471484374940e-05
-1.210975026953124932e-05
-1.204070428437499891e-05
-1.153296833828124932e-05
-1.120910070624999901e-05
-1.110000042031249911e-05
-1.083831232187499877e-05
-1.089209952578124914e-05
-1.158675554218749969e-05
-1.219748826171874915e-05
-1.206778862109374962e-05
-1.212348317265625021e-05
-1.344298628124999878e-05
-1.487120820624999959e-05
-1.491164397656250013e-05
-1.378516445078124915e-05
-1.192588195546875005e-05
-1.061286382890624916e-05
-1.192092285156249982e-05
-1.454200000078124968e-05
-1.506423178906249888e-05
-1.300315191171874982e-05
-1.025008630468749916e-05
-8.530803127343749407e-06
-8.372874741406249367e-06
-9.085078356249999551e-06
-1.038817827499999999e-05
-1.221846908593749985e-05
-1.327666556562499914e-05
-1.282805739687499952e-05
-1.212653492890625022e-05
-1.226233808203124977e-05
-1.231726969453124993e-05
-1.130103486328124864e-05
-1.085738579843749925e-05
-1.237906775859374884e-05
-1.373595488124999964e-05
-1.349028850312499977e-05
-1.317366879218749926e-05
-1.300315191171874982e-05
-1.148986228124999983e-05
-8.962626636718749827e-06
-7.672115212499998793e-06
-8.771510401562499054e-06
-1.044349135703124951e-05
-1.062774114062499984e-05
-9.740443010937499356e-06
-8.598323234374998970e-06
-7.328411164843749267e-06
-6.552120668749999742e-06
-6.768795362499999531e-06
-7.539363815624999251e-06
-8.504863199218750178e-06
-1.011542756015624940e-05
-1.197318417734374934e-05
-1.214598987500000006e-05
-1.000976049999999888e-05
-7.371517221874999605e-06
-5.870434616406249648e-06
-5.939862071093749428e-06
-7.316585609374999444e-06
-8.661265707031249366e-06
-8.887095669531250029e-06
-8.632274022656250128e-06
-8.643718108593749738e-06
-8.864970436718749540e-06
-9.578318460156249516e-06
-1.079215450859374927e-05
-1.147803672578124916e-05
-1.104621321640624874e-05
-1.036414569453124928e-05
-1.020545436953124881e-05
-9.813685160937499571e-06
-8.629603735937499485e-06
-7.424922956249999762e-06
-7.106777367187499252e-06
-7.853313239843749113e-06
-9.076686026562499950e-06
-1.001738989062499975e-05
-9.945673618749998688e-06
-8.182902914843750080e-06
-5.745694079687499494e-06
-5.047986307031249776e-06
-6.564709163281249991e-06
-8.522792267187499172e-06
-9.603495449218750013e-06
-9.897989927343750030e-06
-9.356303192968749288e-06
-7.364269300781249796e-06
-4.645535951562499654e-06
-3.374860942968749949e-06
-4.201123947656249832e-06
-5.858990530468750038e-06
-7.901759870312499891e-06
-1.002845250703124999e-05
-1.052779612343749997e-05
-8.502192912499999535e-06
-5.739972036718749689e-06
-4.687116130468749988e-06
-5.416104404687499374e-06
-6.320568663281250122e-06
-7.231517903906249406e-06
-8.917231762499999058e-06
-1.023482752343749911e-05
-9.626383621093749233e-06
-7.885356680468750054e-06
-6.852337189843749564e-06
-6.868740379687499401e-06
-6.945034285937499625e-06
-7.331844390624999489e-06
-9.091563338281248935e-06
-1.137809170859374929e-05
-1.267203635859374970e-05
-1.286887463671874943e-05
-1.216391894296874906e-05
-1.062583379296874962e-05
-8.993144199218749916e-06
-8.372111802343748941e-06
-9.323878282812498981e-06
-1.095084583359374973e-05
-1.184348453671874981e-05
-1.170729991406249920e-05
-1.098212633515625025e-05
-9.917063403906248816e-06
-8.691783269531249456e-06
-8.049770048437499478e-06
-8.779139792187499924e-06
-1.039390031796874894e-05
-1.173896188515624908e-05
-1.254462553515624975e-05
-1.267165488906249864e-05
-1.150626547109374967e-05
-9.328455917187499841e-06
-7.482524855468749719e-06
-7.104488549999999669e-06
-8.337016605468749685e-06
-1.038817827499999999e-05
-1.192054138203124876e-05
-1.146277794453124912e-05
-9.070201044531248872e-06
-7.135769051562499337e-06
-7.059475145312499960e-06
-7.888408436718750063e-06
-8.998866242187498874e-06
-1.034850544374999987e-05
-1.126822848359374897e-05
-1.073684142656249974e-05
-8.534999292187499207e-06
-6.050488235156249329e-06
-4.845044516406250028e-06
-5.023953726562499917e-06
-6.191250492187499954e-06
-7.934566249999999563e-06
-9.318156239843750023e-06
-9.660334409374998698e-06
-8.906932085156249240e-06
-7.169719839843749649e-06
-5.058667453906249807e-06
-4.212949503124999655e-06
-5.650326696874999638e-06
-8.157725925781249583e-06
-9.845347132031249452e-06
-1.009940583984374893e-05
-9.241480864062498739e-06
-7.890697253906249646e-06
-7.412715931249999726e-06
-8.282466462499998890e-06
-9.007258571875000170e-06
-8.860392802343750374e-06
-8.613963485156250074e-06
-8.491511765625000350e-06
-8.036418614843749650e-06
-7.028957582812499871e-06
-5.914685082031249778e-06
-5.543896697656249537e-06
-6.152722069531249629e-06
-7.201763280468749743e-06
-8.201213452343750134e-06
-9.022898822656249580e-06
-9.120936492187499233e-06
-8.039088901562500294e-06
-6.470867658593749292e-06
-5.171963904687499505e-06
-4.444501508593750123e-06
-5.099103224218749503e-06
-7.260509588281249491e-06
-8.801646494531249778e-06
-8.376307967187500436e-06
-7.151409302343749595e-06
-5.894848666406249720e-06
-5.211636735937499621e-06
-6.259152068749999730e-06
-8.353038325781250156e-06
-1.009025057109374890e-05
-1.137923611718749908e-05
-1.224898664843749994e-05
-1.248244600156249978e-05
-1.243857700546874986e-05
-1.261557886796874869e-05
-1.225089399609375016e-05
-1.080665035078124888e-05
-9.931559246093750129e-06
-1.065787723359374887e-05
-1.161651016562499935e-05
-1.148681052499999982e-05
-1.072348999296874991e-05
-1.036986773749999993e-05
-1.029166648359374949e-05
-9.948725374999998697e-06
-9.786219354687499490e-06
-1.042479935000000009e-05
-1.154784565000000000e-05
-1.233367288437499976e-05
-1.234244668359374873e-05
-1.153182392968749953e-05
-9.999079353124999691e-06
-8.333583379687500311e-06
-7.925029511718750171e-06
-9.693140789062500064e-06
-1.223716109296874927e-05
-1.282615004921874930e-05
-1.099814805546874902e-05
-9.196467459374999031e-06
-9.053034915625000304e-06
-9.724039821093749520e-06
-1.004943333124999899e-05
-1.012305695078125027e-05
-1.037864153671874890e-05
-1.024131250546875019e-05
-9.227747960937499546e-06
-8.256526534374999661e-06
-8.063502951562500365e-06
-8.272166785156249072e-06
-8.529658718749999615e-06
-8.967967210156249419e-06
-9.795756092968748883e-06
-1.100119981171874903e-05
-1.188926088046874994e-05
-1.165847181406249905e-05
-1.094016468671874885e-05
-1.030959555156250018e-05
-9.324259752343750041e-06
-8.867259253906249124e-06
-1.004218541015624918e-05
-1.125678439765624936e-05
-1.060409002968750020e-05
-8.880229217968749585e-06
-7.312770914062499857e-06
-5.813977125781249482e-06
-4.636762152343749840e-06
-4.700849033593750028e-06
-6.012341282031250064e-06
-7.286068046874999355e-06
-7.720561842968749571e-06
-7.818218042968749857e-06
-7.675166968749998802e-06
-6.929775504687499580e-06
-6.267544398437499331e-06
-6.246563574218749481e-06
-6.891628551562499468e-06
-8.642955169531249312e-06
-1.068114687499999915e-05
-1.105346113750000024e-05
-9.624476273437499016e-06
-7.813640408593748997e-06
-6.596371134374999872e-06
-5.906674221874999543e-06
-4.999158207031249633e-06
-4.007337425781250111e-06
-3.815076782031249547e-06
-4.430768605468750083e-06
-4.985043834374999380e-06
-4.659650324218749907e-06
-3.572080690624999893e-06
-2.283476614062499924e-06
-1.396559953906249862e-06
-1.874159807031249993e-06
-3.288648828906249696e-06
-3.799055061718749923e-06
-3.049085963281249841e-06
-2.226256184374999756e-06
-2.050017260937500086e-06
-1.980208336718750093e-06
-1.233290994531250019e-06
-9.860987382812499286e-07
-2.898405498437500034e-06
-5.465313974218749730e-06
-6.095501639843749885e-06
-4.996869389843750050e-06
-3.766630151562499616e-06
-2.467726397656249829e-06
-7.617946539062500117e-07
-2.857206789062499913e-07
-2.330778835937500062e-06
-4.954144802343749924e-06
-5.947109992187500085e-06
-5.556485192187499786e-06
-4.614255449999999986e-06
-3.498075601562499676e-06
-2.819441305468750014e-06
-3.236387503124999755e-06
-4.754254767968750185e-06
-6.283184649218749589e-06
-6.682964717968749915e-06
-6.423946906249999366e-06
-6.356808268750000016e-06
-6.207653682031249790e-06
-6.137081818749999372e-06
-6.733700165624999428e-06
-7.894511949218750081e-06
-9.336466777343750077e-06
-1.013221221953125029e-05
-9.334177960156248799e-06
-7.350536397656249756e-06
-5.389020067968749506e-06
-4.559705307031250038e-06
-4.741284803906249723e-06
-4.936215734375000083e-06
-4.744336560156249732e-06
-4.187772514062500005e-06
-3.663633378124999738e-06
-3.697965635937499839e-06
-3.980253089062499396e-06
-4.043195561718749793e-06
-3.864667821093750116e-06
-3.842542588281249627e-06
-4.861066236718749651e-06
-6.879421526562499432e-06
-8.691783269531249456e-06
-9.409708927343750292e-06
-8.716960258593749953e-06
-6.943126938281249407e-06
-5.096432937499999706e-06
-4.332730935937499583e-06
-5.562970174218750017e-06
-8.289714383593750394e-06
-1.059607916953124996e-05
-1.133803740781249981e-05
-1.056327278984375029e-05
-8.761210724218749236e-06
-6.987377403906249537e-06
-5.918881246874999578e-06
-5.633542037499999588e-06
-6.655880381250000047e-06
-8.618541119531249241e-06
-9.903711970312498988e-06
-1.008376558906249952e-05
-9.466166417968749610e-06
-8.146281839843749973e-06
-7.046886650781249712e-06
-6.969829805468749909e-06
-7.720943312499998937e-06
-8.588405026562500211e-06
-8.820719971093750258e-06
-8.390422339843748995e-06
-7.508464783593749795e-06
-6.054302930468749764e-06
-4.423902153906249639e-06
-3.402326749218750030e-06
-3.193662915625000053e-06
-3.645704310156249897e-06
-4.655454159375000107e-06
-5.885693397656249693e-06
-6.508633142187500038e-06
-5.735012932812499463e-06
-4.262540542187499377e-06
-3.899763017968750219e-06
-5.241391359375000132e-06
-7.052990163281249730e-06
-7.865138795312499783e-06
-7.724376538281250005e-06
-7.664867291406248984e-06
-7.736202093749998981e-06
-7.438274389843749590e-06
-6.984325647656249528e-06
-6.604000524999999895e-06
-6.444164791406249637e-06
-7.028957582812499871e-06
-8.395381443749999221e-06
-9.682078172656249820e-06
-1.008529146718749867e-05
-9.436411794531249946e-06
-8.313365494531250039e-06
-7.818599512499999223e-06
-8.477778862499999463e-06
-9.988016736718749447e-06
-1.139182461171875018e-05
-1.106948285781249902e-05
-8.630366674999999911e-06
-6.243511817968749472e-06
-5.770871068749999991e-06
-6.259152068749999730e-06
-6.295010204687499412e-06
-5.981442249999999762e-06
-5.432889064062499423e-06
-4.477307888281249796e-06
-3.672407177343749975e-06
-3.711317069531249666e-06
-4.484174339843749392e-06
-5.099866163281249928e-06
-5.221554943750000074e-06
-5.575940138281249631e-06
-6.188198735937499945e-06
-6.425472784374999371e-06
-6.021878020312499457e-06
-5.057141575781249803e-06
-4.388806957031249536e-06
-4.588696991406250123e-06
-5.253598384375000168e-06
-6.025311246093749679e-06
-6.788250308593749376e-06
-7.691570158593750333e-06
-8.598323234374998970e-06
-8.901972981249999014e-06
-8.534236353124998782e-06
-8.044048005468748826e-06
-8.284373810156249107e-06
-9.623331864843749224e-06
-1.130294221093749886e-05
-1.240195593046874975e-05
-1.247786836718749892e-05
-1.155814532734374982e-05
-1.031951375937499894e-05
-9.566874374218749906e-06
-9.663386165624998707e-06
-1.048430859687499942e-05
-1.152724629531249867e-05
-1.228598919296874941e-05
-1.224135725781249907e-05
-1.113891031249999880e-05
-9.739298602343749565e-06
-9.410090396874999657e-06
-1.041831436796874902e-05
-1.178855292421874965e-05
-1.308707520859374922e-05
-1.454276293984375011e-05
-1.607131135156249845e-05
-1.711310464140624791e-05
-1.658286199296874847e-05
-1.402129409062499963e-05
-1.089934744687499894e-05
-9.026713517968750015e-06
-8.995433016406249500e-06
-1.049994884765624883e-05
-1.220893234765624876e-05
-1.243972141406249965e-05
-1.112746622656249919e-05
-9.685511398437499195e-06
-9.226985021874999120e-06
-9.373469321874999550e-06
-8.850856064062499287e-06
-8.103175782812498787e-06
-8.591456782812500220e-06
-9.807963117968748919e-06
-1.024169397499999956e-05
-9.746165053906250008e-06
-9.317774770312498963e-06
-8.924098214062499502e-06
-7.807536896093748979e-06
-6.783672674218749363e-06
-7.138439338281249980e-06
-8.494944991406249725e-06
-9.554285879687498810e-06
-9.582514624999999316e-06
-8.800883555468749352e-06
-7.943340049218750224e-06
-7.200237402343749738e-06
-6.502148160156249808e-06
-6.557842711718749547e-06
-7.633586789843750163e-06
-8.670039506250000027e-06
-8.479304740625000315e-06
-6.924434931249999988e-06
-5.234143438281249475e-06
-4.584119357031250109e-06
-4.901883476562499559e-06
-5.622479421093749344e-06
-6.479259988281249740e-06
-7.539745285156249464e-06
-8.466334776562499853e-06
-8.597178825781249178e-06
-8.264918864062499262e-06
-8.160396212500000226e-06
-8.306499042968749596e-06
-9.005732693749999318e-06
-1.021270229062500032e-05
-1.090812124609374961e-05
-1.098937425625000006e-05
-1.094626819921874887e-05
-1.033477254062499898e-05
-9.039302012499999417e-06
-8.176036463281249637e-06
-8.723445240624999337e-06
-1.038474504921874892e-05
-1.183738102421874979e-05
-1.236457191640624922e-05
-1.228408184531249920e-05
-1.144904504140624992e-05
-1.010589082187500000e-05
-9.736246846093749556e-06
-1.068648744843749874e-05
-1.181449285234374888e-05
-1.259230922656250010e-05
-1.303595829140624950e-05
-1.267890281015625014e-05
-1.130065339374999928e-05
-9.958643582812499149e-06
-9.598154875781248727e-06
-9.816355447656250214e-06
-1.043509902734374991e-05
-1.137618436093749907e-05
-1.182631840781249955e-05
-1.188620912421874993e-05
-1.207160331640625005e-05
-1.172179575624999882e-05
-1.069335389999999919e-05
-9.994120249218749465e-06
-1.029433677031250013e-05
-1.142844568671875029e-05
-1.242102940703125023e-05
-1.281508743281249906e-05
-1.296653083671874972e-05
-1.265143700390625006e-05
-1.134948149374999942e-05
-9.682459642187499186e-06
-9.294123659374999317e-06
-1.061133795078125001e-05
-1.229132976640624901e-05
-1.327819144375000000e-05
-1.355056068906249952e-05
-1.294211678671874964e-05
-1.115302468515624905e-05
-8.552165421093749470e-06
-6.276318197656249992e-06
-6.060406442968749782e-06
-7.992931088281249099e-06
-9.786982293749999916e-06
-1.042327347187499924e-05
-1.023673487109374933e-05
-8.900065633593748796e-06
-7.250209910937499673e-06
-6.445309199999999429e-06
-6.267544398437499331e-06
-7.080455969531249810e-06
-8.995433016406249500e-06
-1.061057501171874958e-05
-1.055030282578124983e-05
-8.655543664062500408e-06
-6.686779413281249502e-06
-6.270977624218749553e-06
-6.796642638281249825e-06
-7.611080087499999461e-06
-8.907695024218749666e-06
-1.021689845546875012e-05
-1.061438970703125001e-05
-9.920496629687499884e-06
-9.237666168749999999e-06
-9.053416385156249670e-06
-8.174892054687499845e-06
-6.752010703124999482e-06
-6.579586474999999823e-06
-7.696529262499998865e-06
-8.535380761718750267e-06
-8.054347682812500338e-06
-6.234738018749999658e-06
-4.201505417187500045e-06
-3.723142624999999912e-06
-5.307385588281249690e-06
-7.194896828906249299e-06
-7.289501272656249577e-06
-5.599209779687499911e-06
-4.301068964843749702e-06
-4.716107814843750073e-06
-5.271145982812499796e-06
-4.467008210937499977e-06
-3.268812413281249638e-06
-2.886198473437499998e-06
-3.131101912499999869e-06
-3.361509509374999698e-06
-2.981947325781250067e-06
-2.123640880468750090e-06
-1.931380236718749949e-06
-2.562712310937499896e-06
-2.911756932031249861e-06
-2.679060517968750025e-06
-2.577208153124999938e-06
-3.023146035156249764e-06
-3.436659007031249707e-06
-2.984617612499999863e-06
-1.976393641406250081e-06
-1.384352928906250038e-06
-1.194381102343749904e-06
-9.300227171874999759e-07
-9.857172687499999275e-07
-2.145766113281249731e-06
-4.015729755468749712e-06
-4.646680360156249446e-06
-3.023908974218749767e-06
-8.335109257812500103e-07
-6.675716796874999734e-08
-8.613582015624999862e-07
-2.733229191406249761e-06
-4.598233729687499515e-06
-5.050275124218749359e-06
-4.633710396093749831e-06
-4.182813410156249779e-06
-3.507230870312499702e-06
-3.097151124218749982e-06
-3.253553632031250017e-06
-3.718183521093749686e-06
-4.667661184375000143e-06
-5.453106949218749694e-06
-4.965207418750000169e-06
-3.879926602343750161e-06
-3.326414312500000019e-06
-3.107832271093750013e-06
-3.163526822656249753e-06
-3.785703628124999672e-06
-4.563520002343749625e-06
-5.033871934374999523e-06
-5.602261535937499920e-06
-6.563564754687499352e-06
-6.533428661718749476e-06
-4.502103407812500080e-06
-2.325438262500000047e-06
-2.320860628125000033e-06
-4.252240864843749559e-06
-6.312939272656250099e-06
-7.673259621093750279e-06
-8.052821804687499487e-06
-6.509777550781249830e-06
-3.461454526562499992e-06
-1.406096692187499890e-06
-1.686858267187499867e-06
-3.096388185156249979e-06
-4.280469610156250065e-06
-4.988858529687499814e-06
-4.968259175000000177e-06
-3.334806642187500044e-06
-5.084988851562500096e-07
8.689875921875000085e-07
-7.743831484375000221e-08
-1.684950919531249862e-06
-3.452299257812499965e-06
-5.450436662499999898e-06
-6.454082999218750090e-06
-5.485913328906249367e-06
-3.475187429687500032e-06
-2.074049841406249944e-06
-1.612471708593749861e-06
-1.401519057812499877e-06
-1.234816872656250023e-06
-1.803969413281249999e-06
-3.888700401562499975e-06
-6.527325149218749458e-06
-6.886287978124999876e-06
-4.336927100781249384e-06
-1.854704860937499936e-06
-1.328658377343749875e-06
-1.988219196874999904e-06
-2.768705857812500077e-06
-3.051756250000000060e-06
-2.907560767187500061e-06
-2.493284856249999692e-06
-1.452635975000000027e-06
-2.056120773437499945e-07
1.396178484374999861e-07
-7.072445109374999575e-07
-1.943587261718749985e-06
-2.769850266406249868e-06
-3.251646284374999800e-06
-3.336713989843749837e-06
-2.524946827343749997e-06
-1.137160672656249948e-06
-5.126950500000000220e-07
-1.408766978906249898e-06
-2.920912200781249888e-06
-3.840253771093750044e-06
-3.901670365624999589e-06
-3.260038614062499824e-06
-1.989745074999999909e-06
-4.901883476562499559e-07
3.334043703124999724e-07
-1.552580992187500055e-07
-1.490782928124999927e-06
-2.519606253906249981e-06
-3.013227827343749735e-06
-3.732679363281249729e-06
-4.368970541406249478e-06
-3.901670365624999589e-06
-2.979658508593750060e-06
-2.928160121874999697e-06
-3.492735028124999660e-06
-3.739164345312499959e-06
-3.684232732812499798e-06
-3.646467249218749899e-06
-3.063963274999999672e-06
-1.482772067968749904e-06
2.059935468749999956e-07
1.067733217968749956e-06
9.243006742187499591e-07
-1.201629023437499820e-07
-1.212691639843749958e-06
-1.613616117187499864e-06
-1.708602030468749931e-06
-1.873396867968749991e-06
-2.102278586718750027e-06
-2.344130269531249890e-06
-2.287672778906249724e-06
-1.971434537499999855e-06
-1.749800739843749840e-06
-1.446150992968750008e-06
-7.942195640625000009e-07
2.040861992187499900e-07
9.922022507812499465e-07
7.900233992187499886e-07
-1.678465937499999962e-08
-9.849543296874999253e-07
-2.495955142968749912e-06
-3.638074919531249875e-06
-3.434370189843749700e-06
-2.852247685156249686e-06
-2.467726397656249829e-06
-2.351759660156249912e-06
-2.723310983593749732e-06
-2.907942236718749850e-06
-2.679823457031250028e-06
-2.732466252343749759e-06
-3.330610477343749819e-06
-4.028318249999999961e-06
-4.019162981249999934e-06
-2.677534639843750021e-06
-8.357997429687499112e-07
-6.851192781249999985e-07
-2.600477794531249795e-06
-4.675290575000000165e-06
-5.893322788281249715e-06
-6.595226725781250081e-06
-6.779476509374999562e-06
-5.917736838281249787e-06
-4.200742478124999620e-06
-2.821348653124999808e-06
-2.493666325781249905e-06
-3.146360693749999914e-06
-4.502866346874999659e-06
-5.637738202343749389e-06
-5.670926051562500122e-06
-4.563901471874999838e-06
-3.258894205468750033e-06
-3.038023346875000020e-06
-3.868482516406249704e-06
-4.712674589062499851e-06
-4.809186380468749499e-06
-4.136655596874999432e-06
-3.194044385156249842e-06
-2.286909839843749722e-06
-1.422881351562499940e-06
-5.638119671874999602e-07
2.407072742187499651e-07
4.203794234374999629e-07
-5.386349781249999922e-07
-1.835249914843749879e-06
-2.270125180468750096e-06
-1.626586081249999902e-06
-4.253385273437499774e-07
4.039762335937499677e-07
5.683896015624999471e-08
-1.294326119531249986e-06
-2.689741664843750057e-06
-3.462598935156249783e-06
-3.659818682812499727e-06
-3.492735028124999660e-06
-3.191755567968749836e-06
-2.856825319531249700e-06
-2.218245324218749944e-06
-1.856993678124999943e-06
-2.894209333593749810e-06
-4.675672044531249531e-06
-5.601880066406249707e-06
-4.927823404687499635e-06
-2.819441305468750014e-06
-7.839198867187499707e-07
-1.831053749999999814e-07
-4.413602476562499715e-07
-7.461544031249999658e-07
-1.456450670312499826e-06
-2.889631699218749796e-06
-4.218671546093749460e-06
-4.598233729687499515e-06
-4.292676635156250101e-06
-3.930662049999999674e-06
-3.807447391406249948e-06
-3.913114451562500046e-06
-4.111097138281249568e-06
-4.515073371874999695e-06
-4.859540358593749647e-06
-3.922651189843749439e-06
-1.301574040625000007e-06
1.225280134374999995e-06
1.639556045312499940e-06
-6.065365546874999267e-08
-2.260588442187499856e-06
-3.351209832031249880e-06
-3.365705674218749922e-06
-3.115843131249999825e-06
-2.197264500000000094e-06
-5.596158023437499479e-07
6.443020382812499846e-07
3.093717898437500077e-07
-1.939772566406249974e-06
-4.662320610937499703e-06
-5.830380315624999319e-06
-5.181119173437499531e-06
-3.438184885156249712e-06
-1.541518375781249864e-06
-6.568905328125000215e-07
-8.796687390624999340e-07
-1.680373285156249848e-06
-2.703093098437499884e-06
-3.110121088281250020e-06
-2.513502741406249963e-06
-1.547621888281249882e-06
-7.369991343749999389e-07
-4.619596023437499790e-07
-9.269709609374999669e-07
-1.490401458593749926e-06
-1.894759161718749842e-06
-2.611158941406249826e-06
-3.285215603124999898e-06
-3.041838042187500031e-06
-1.862334251562499958e-06
-8.476252984374999459e-07
-8.567805671874999727e-07
-1.596449988281250025e-06
-2.386854857031250015e-06
-2.803801054687499756e-06
-2.677916109374999810e-06
-2.098082421874999803e-06
-1.429366333593749959e-06
-3.067015031249999999e-07
1.783751528124999940e-06
3.302763201562499950e-06
2.603148081250000014e-06
7.373806039062499400e-07
-3.070829726562500010e-07
-8.621211406250000149e-08
2.639769156249999804e-07
1.049041210937499902e-07
4.764554445312499686e-07
1.372527373437500004e-06
9.441370898437499114e-07
-7.968898507812500088e-07
-1.910780882031249889e-06
-2.033614071093749826e-06
-2.132033210156249691e-06
-2.067564859374999714e-06
-1.281356155468749948e-06
-1.762389234374999877e-07
6.454464468749999879e-07
6.843563390624999962e-07
2.304075968749999878e-07
2.944944781249999641e-07
6.206509273437500211e-07
7.659908187499999181e-07
1.218413682812499975e-06
1.752089557031249847e-06
1.679228876562499845e-06
1.098632250000000047e-06
4.570004984374999644e-07
2.979277039062499742e-07
1.198195797656249916e-06
2.382658692187499791e-06
2.633665643749999680e-06
2.648542955468749936e-06
3.310011122656249759e-06
3.531263450781249985e-06
2.431486792187499934e-06
1.295851997656249990e-06
1.416014899999999919e-06
2.189253639843749859e-06
2.550505285937499860e-06
2.313994176562500013e-06
1.803587943749999998e-06
9.033198500000000034e-07
-1.120757482812499900e-06
-3.438184885156249712e-06
-3.937528501562500118e-06
-2.970121770312499821e-06
-2.308653603124999997e-06
-1.979063928124999877e-06
-1.613616117187499864e-06
-1.854323391406249935e-06
-2.902601663281249834e-06
-4.029844128124999965e-06
-4.867932688281250095e-06
-5.315777917968750138e-06
-4.602811364062499529e-06
-2.654646467968749954e-06
-1.180648199218749864e-06
-1.595687049218750023e-06
-3.247450119531249999e-06
-4.209516277343749434e-06
-3.168485926562499979e-06
-9.929651898437499488e-07
6.069180242187499808e-07
1.581572676562499982e-06
2.803038115624999754e-06
4.090497783593749931e-06
4.216382728906249877e-06
2.621840088281249858e-06
7.331844390624999277e-07
2.624510374999999759e-07
5.153653367187499239e-07
2.162932242187499993e-07
3.005979906249999820e-07
1.514434039062499996e-06
2.414702132812499885e-06
2.214812098437499722e-06
1.871870989843749986e-06
1.603316439843749834e-06
6.687160882812499503e-07
-5.187985624999999340e-07
-6.301876656249999432e-07
2.132414679687499904e-07
6.458279164062499891e-07
2.731321843750000073e-07
-3.707883843749999762e-07
-9.799952257812499107e-07
-1.290511424218749975e-06
-7.709499226562499327e-07
9.265894914062499658e-07
3.004072558593749708e-06
3.897092731249999576e-06
3.333280764062500039e-06
2.382277222656250002e-06
1.844405183593749906e-06
1.930998767187499736e-06
2.652739120312499736e-06
3.436277537499999918e-06
3.552244274999999834e-06
3.532789328906249989e-06
4.073331654687499669e-06
4.484174339843749392e-06
4.001615382812499459e-06
3.150556858593749715e-06
2.508162167968749947e-06
2.086638335937499770e-06
2.312468298437500009e-06
2.913664279687499655e-06
2.865599118749999937e-06
1.740264001562499812e-06
-2.712248367187500017e-07
-1.918791742187499701e-06
-1.846312531249999911e-06
-6.206509273437500211e-07
2.643583851562499815e-07
5.386349781249999922e-07
6.526943679687500092e-07
6.256100312499999297e-07
2.201079195312499841e-07
-2.281187796874999811e-07
2.784727578124999899e-08
5.607602109374999512e-07
5.821225046875000139e-07
1.057815010156249927e-06
2.772902022656249877e-06
4.086683088281249497e-06
3.271482699999999858e-06
8.945460507812499776e-07
-1.312636657031250040e-06
-2.157973138281249767e-06
-1.179503790624999861e-06
9.265894914062499658e-07
2.394102778124999825e-06
2.270125180468750096e-06
8.888240078124999609e-07
-7.354732562499999344e-07
-1.237105689843750030e-06
-2.883909656249999991e-07
1.086425225000000011e-06
2.075575719531249949e-06
2.343367330468749887e-06
2.110670916406250052e-06
2.264784607031250080e-06
2.502821594531249932e-06
1.884078014843749810e-06
8.514399937499999571e-07
1.525878124999999845e-08
-7.450099945312499624e-07
-1.116942787499999889e-06
-8.514399937499999571e-07
-9.613032187499998559e-07
-2.048491382812500081e-06
-2.451704677343749782e-06
-6.114956585937499942e-07
1.763533642968749880e-06
2.358244642187499719e-06
1.987074788281250113e-06
2.254866399218750051e-06
3.036497468750000015e-06
3.359983631249999694e-06
2.599714855468749793e-06
1.388167624218749838e-06
9.479517851562499226e-07
1.708602030468749931e-06
3.362653917968749913e-06
4.949567167968749911e-06
5.296322971874999446e-06
4.310987172656250155e-06
3.081510873437499724e-06
2.694700768749999860e-06
2.980039978124999850e-06
3.302763201562499950e-06
3.917310616406249847e-06
4.854581254687499420e-06
5.648419349218749420e-06
5.978771963281249966e-06
5.065915374999999617e-06
2.877424674218749760e-06
1.165007948437500030e-06
8.323665171875000070e-07
1.025008630468750043e-06
1.612853178124999862e-06
3.262708900781250044e-06
5.432507594531250057e-06
6.423565436718750000e-06
5.377957451562500109e-06
3.142164528906249690e-06
1.058196479687499928e-06
1.197814328125000073e-07
6.256100312499999297e-07
1.827620524218749857e-06
2.764891162500000065e-06
3.228376642968749943e-06
3.199003489062499645e-06
2.280424857812499915e-06
6.877895648437500063e-07
-3.643034023437499571e-07
-3.166197109375000025e-08
1.214598987499999964e-06
2.406309803124999860e-06
2.812574853906249994e-06
1.869582172656249980e-06
3.276823273437500085e-07
-1.197814328125000073e-07
6.168362320312500099e-07
1.548003357812499883e-06
2.419661236718749688e-06
3.571699221093749680e-06
4.790875842968749445e-06
4.658505915625000116e-06
2.763746753906249850e-06
1.095580493750000038e-06
5.397793867187499955e-07
-7.629390624999999886e-08
-4.093168070312499833e-07
6.969448335937499273e-07
2.397536003906250046e-06
3.004835497656249711e-06
2.062605755468749911e-06
1.304625796874999857e-07
-2.020644107031249788e-06
-3.430936964062499902e-06
-3.171156213281249775e-06
-1.139830959374999956e-06
9.929651898437499488e-07
1.419829595312499931e-06
6.607052281249999268e-07
-1.144408593749999917e-07
-9.540552976562500464e-07
-1.824568767968749848e-06
-1.956175756249999810e-06
-8.766169828124999250e-07
7.728572703124999382e-07
1.790999449218749961e-06
1.485823824218749913e-06
2.349852312500000012e-07
-6.435390992187499823e-07
-4.379270218749999614e-07
2.632139765624999782e-07
9.937281289062499510e-07
2.022932924218749794e-06
3.387067967968749985e-06
4.031751475781250183e-06
3.214643739843749903e-06
2.191160987500000076e-06
2.022551454687500005e-06
2.259444033593750065e-06
3.056333884374999650e-06
4.650113585937499668e-06
5.958554078124999695e-06
6.066509955468749800e-06
4.697797277343750019e-06
2.179335432031249830e-06
