-1.197636706374511696e-05
-1.312276645161132773e-05
-1.426914199763183500e-05
-1.488676501057128841e-05
-1.445047115512695292e-05
-1.315138858737792936e-05
-1.231120194479980348e-05
-1.346533801159667922e-05
-1.662481172048339641e-05
-1.943928200112304656e-05
-2.004928754436034917e-05
-1.925631967719726369e-05
-1.818783544108886464e-05
-1.687618822065429518e-05
-1.539085315427245873e-05
-1.423068510051269520e-05
-1.349272037138671871e-05
-1.273439470603027260e-05
-1.213448618444824168e-05
-1.185805190444335826e-05
-1.107578902600097548e-05
-1.018758490617675690e-05
-1.055714543549804676e-05
-1.182020297438964777e-05
-1.309797093208007829e-05
-1.402613398530273401e-05
-1.417199839731445168e-05
-1.424102054062499858e-05
-1.559805071435546705e-05
-1.745781004658202956e-05
-1.750458774785156182e-05
-1.566540392846679544e-05
-1.465992176962890556e-05
-1.597007887470702943e-05
-1.780437511572265441e-05
-1.862989902319335780e-05
-1.893594487556152152e-05
-1.901458720361328010e-05
-1.908749556777343797e-05
-1.987497981042480450e-05
-2.091486575261230374e-05
-2.085632210048828127e-05
-1.979509770639648378e-05
-1.939202746293945090e-05
-2.020366349528808568e-05
-2.078679927841796746e-05
-2.037586122587890539e-05
-1.979036510002441350e-05
-1.974013033112793005e-05
-2.037329822746582054e-05
-2.119131195354003721e-05
-2.137726642910156132e-05
-2.079371341367187322e-05
-2.014920871970214892e-05
-1.971762362878418020e-05
-1.844047555908202905e-05
-1.666254144130859444e-05
-1.638732309543456964e-05
-1.731063433305664092e-05
-1.785985509067382850e-05
-1.804654866345214783e-05
-1.792098558305663933e-05
-1.712159233847656154e-05
-1.635257360532226618e-05
-1.618671780568847480e-05
-1.640415543850097586e-05
-1.754674013105468790e-05
-1.977460564001464824e-05
-2.163499678115234187e-05
-2.176666337404785040e-05
-1.957930516093749773e-05
-1.611332068369140686e-05
-1.437457063933105382e-05
-1.566390189218749810e-05
-1.746679842241211011e-05
-1.742290558447265499e-05
-1.661597831665039037e-05
-1.705180725610351591e-05
-1.843625555239257574e-05
-1.889277921391601495e-05
-1.783095877368163991e-05
-1.669286826904296646e-05
-1.725341390336914118e-05
-1.958420466022949257e-05
-2.188417983151855510e-05
-2.309343824558105399e-05
-2.350159872309570301e-05
-2.324773075004882652e-05
-2.287561914323730356e-05
-2.275847223437499816e-05
-2.262480292644042878e-05
-2.326649428261718647e-05
-2.520043751774902254e-05
-2.705913588784179414e-05
-2.765080705173339658e-05
-2.713593047285155958e-05
-2.606658793029785115e-05
-2.495670232912597470e-05
-2.437426988044433457e-05
-2.451806005187988255e-05
-2.480817955131835983e-05
-2.457674675507812268e-05
-2.373114801352539007e-05
-2.252241412006835821e-05
-2.117172587729492146e-05
-1.974047603789062246e-05
-1.854226831931152206e-05
-1.821338197875976614e-05
-1.911522363432617157e-05
-2.076772580185546867e-05
-2.190659116647949092e-05
-2.152650446228027129e-05
-1.954406691298828081e-05
-1.675911283732910032e-05
-1.433630447697753870e-05
-1.251534774863281179e-05
-1.079852028139648449e-05
-9.565467705322264904e-06
-9.555227632592772164e-06
-1.005203209243164080e-05
-9.504289529248047060e-06
-7.952268820434570305e-06
-7.076212120996092992e-06
-7.758541903173827662e-06
-9.363801453442382552e-06
-1.092446483132324236e-05
-1.228100624721679568e-05
-1.341984776999511611e-05
-1.373442900312499879e-05
-1.373758804768066290e-05
-1.407547468498535112e-05
-1.396035433300781180e-05
-1.348910833176269472e-05
-1.331106934897460850e-05
-1.266979522509765544e-05
-1.144633899191894402e-05
-1.071206974887695212e-05
-1.054193433793945204e-05
-1.057565862868652325e-05
-1.097615395280761614e-05
-1.183690418730468639e-05
-1.271509473193359387e-05
-1.310877128818359333e-05
-1.322334327770996042e-05
-1.331296477570800696e-05
-1.351863645766601443e-05
-1.435364941972656189e-05
-1.564320717011718782e-05
-1.661898238920898505e-05
-1.731046744013671636e-05
-1.785358468525390392e-05
-1.818305515102539073e-05
-1.810186174548339736e-05
-1.722084594213866982e-05
-1.615548498781738300e-05
-1.519862827329101513e-05
-1.399709461723632775e-05
-1.361939209760742175e-05
-1.463197912646484377e-05
-1.558946764990234277e-05
-1.584213160974121069e-05
-1.639055366552734258e-05
-1.725991080632324062e-05
-1.750098762915038958e-05
-1.770468043791503969e-05
-1.889357791574707064e-05
-2.001272607397460953e-05
-1.988719875634765459e-05
-1.939927538403320241e-05
-1.939543684687499846e-05
-1.956764649838867162e-05
-1.992126875385741991e-05
-2.049752616450195287e-05
-2.048833513298339758e-05
-1.961704680268554581e-05
-1.882490147919921953e-05
-1.908179736665039083e-05
-2.019074121491699054e-05
-2.015459697683105383e-05
-1.739104095769042867e-05
-1.339506417138671843e-05
-1.105659634020996084e-05
-1.136139049567871068e-05
-1.264283009760742058e-05
-1.297847560141601454e-05
-1.251450136311035078e-05
-1.201598029038085830e-05
-1.139912021650390531e-05
-1.094377672634277285e-05
-1.107055574086913998e-05
-1.121570489750976593e-05
-1.111947920825195246e-05
-1.161381603706054690e-05
-1.326468503815917905e-05
-1.583644532954101361e-05
-1.831248061042480330e-05
-1.983518776994628853e-05
-2.099198220253906146e-05
-2.226901106301269506e-05
-2.308967123395996057e-05
-2.321364883161621115e-05
-2.321469787282714860e-05
-2.348062981979980406e-05
-2.314101464868163855e-05
-2.159227219365234175e-05
-2.027150546723632753e-05
-2.038917689670409996e-05
-2.125634058769531245e-05
-2.207439007653808609e-05
-2.265546354001464653e-05
-2.256966865825195048e-05
-2.137025692646484152e-05
-1.970144693647460862e-05
-1.914473983930664122e-05
-2.015837590937500070e-05
-2.116611112263183490e-05
-2.112770190920410212e-05
-2.085391407407226414e-05
-2.108881585886230255e-05
-2.168932042658691442e-05
-2.187628818059081902e-05
-2.148274275449218716e-05
-2.130495411108398440e-05
-2.144541834504394540e-05
-2.164117181918945242e-05
-2.145546768300781007e-05
-2.052475355229491956e-05
-1.983763155913085923e-05
-2.002003359968261472e-05
-2.006977961074218810e-05
-1.875148051535644470e-05
-1.594515222502441239e-05
-1.332194123061523406e-05
-1.309505030598144419e-05
-1.514872729023437402e-05
-1.658984765375976476e-05
-1.525264197473144375e-05
-1.230699385903320192e-05
-1.048364102519531134e-05
-1.080976171164550767e-05
-1.224344341931152222e-05
-1.374022257163085828e-05
-1.485268309213867134e-05
-1.532464434875488183e-05
-1.485004856818847596e-05
-1.300938655437011575e-05
-1.050004421503906117e-05
-8.752556134228514425e-06
-8.476682137597656689e-06
-9.905702764428709793e-06
-1.202843765476074179e-05
-1.297300389782714735e-05
-1.240778526174316281e-05
-1.117756986530761673e-05
-9.970588347509765670e-06
-9.141726581640625246e-06
-8.930428224096679466e-06
-9.944410000927734740e-06
-1.216536137463378932e-05
-1.406147952155761672e-05
-1.442909694045410110e-05
-1.363956229907226500e-05
-1.249435500349121103e-05
-1.155430679018554588e-05
-1.171165105090332011e-05
-1.339749603964843737e-05
-1.535720038906249974e-05
-1.627227426899413915e-05
-1.645197026005859213e-05
-1.615721352163085859e-05
-1.436398485983886697e-05
-1.199040991086425668e-05
-1.180738798232421843e-05
-1.366929308066406115e-05
-1.517528710634765601e-05
-1.526159458779296734e-05
-1.479353147294921787e-05
-1.461265531052245984e-05
-1.392956258928222644e-05
-1.245591002729492130e-05
-1.213921879082031196e-05
-1.433114271738281204e-05
-1.791533506562499920e-05
-2.112227788930664025e-05
-2.253257074633789036e-05
-2.155572264418945217e-05
-1.979454934394531324e-05
-1.902693727968749780e-05
-1.859829665671386669e-05
-1.730885811555175831e-05
-1.498711533913574115e-05
-1.248504476274413989e-05
-1.116759205288085920e-05
-1.112208989035644434e-05
-1.133624926938476544e-05
-1.120387934204101526e-05
-1.078055545065917854e-05
-1.063857725949707014e-05
-1.148861058435058594e-05
-1.323811330112304700e-05
-1.475154598266601466e-05
-1.522674973029785154e-05
-1.479543882060546809e-05
-1.354860565771484229e-05
-1.168031094472656252e-05
-9.964127207324218101e-06
-8.581586258691405091e-06
-7.486697178466796858e-06
-7.305630281274413296e-06
-7.510777442626952888e-06
-7.260163881518554542e-06
-7.648487943408202656e-06
-9.021456390991211010e-06
-9.771914247265624554e-06
-9.574217662695312057e-06
-9.726352480126952612e-06
-1.125561614721679606e-05
-1.402161595554199192e-05
-1.660695417805175625e-05
-1.778426451887206824e-05
-1.721750808374023279e-05
-1.516184030537109385e-05
-1.288213070292968692e-05
-1.220851511535644413e-05
-1.361482638415527264e-05
-1.544088526748046744e-05
-1.613523133989257577e-05
-1.627136827885742275e-05
-1.712435799257812453e-05
-1.840379487946777187e-05
-1.894371731726074006e-05
-1.879300108964843626e-05
-1.950454905373535011e-05
-2.174252350527343560e-05
-2.399914228015136687e-05
-2.488738216274413901e-05
-2.427095124208984410e-05
-2.324931623278808445e-05
-2.346322527243652380e-05
-2.510590459953613109e-05
-2.721668280424804651e-05
-2.881958201179199129e-05
-2.941137238491210788e-05
-2.892065951665038920e-05
-2.749788545339355378e-05
-2.608946418125000031e-05
-2.524157662250976474e-05
-2.456486159499511493e-05
-2.447155653183593556e-05
-2.553459290620116922e-05
-2.690977864543457002e-05
-2.738047628422851318e-05
-2.682369766152343526e-05
-2.597483258710937275e-05
-2.520465752443847585e-05
-2.343586675449218612e-05
-2.037974744672851296e-05
-1.858039143059081951e-05
-1.907205797268066161e-05
-1.955708456074218659e-05
-1.897996884365234425e-05
-1.820789835424804719e-05
-1.742301287277831908e-05
-1.618812447458496150e-05
-1.482326225454101572e-05
-1.448913070793456916e-05
-1.513871371503906123e-05
-1.549051206931152327e-05
-1.570018918134765586e-05
-1.634769794787597485e-05
-1.640402430834960826e-05
-1.531813552487792894e-05
-1.458982674326171770e-05
-1.575233129790038953e-05
-1.826284188767089741e-05
-1.998431851481933440e-05
-1.927622761835937512e-05
-1.653519022248534987e-05
-1.384122855095214735e-05
-1.286677655429687453e-05
-1.308620498122558470e-05
-1.323481120549316354e-05
-1.329589401418456904e-05
-1.319847623264160046e-05
-1.251334503359374923e-05
-1.199261528159179568e-05
-1.234165990268554649e-05
-1.226758328808593702e-05
-1.039710704621582007e-05
-7.738824696777342607e-06
-6.222054156835937068e-06
-6.845005822290038321e-06
-9.697885316357422099e-06
-1.325618542016601536e-05
-1.498268075583495965e-05
-1.442240930273437359e-05
-1.351750396999511640e-05
-1.386821752028808572e-05
-1.507999124907226414e-05
-1.588994643129882696e-05
-1.600112095781249994e-05
-1.588938614792480297e-05
-1.600035801874999782e-05
-1.612881788339843691e-05
-1.562010442163085702e-05
-1.465337718298339741e-05
-1.400493858447265512e-05
-1.371745360898437491e-05
-1.327430522290039073e-05
-1.254431559116210922e-05
-1.207435704958495959e-05
-1.212660645444335905e-05
-1.189954863688964801e-05
-1.123752018632812420e-05
-1.138679398227538942e-05
-1.275467219580077995e-05
-1.414235106218261611e-05
-1.494682261989745997e-05
-1.588895699470214658e-05
-1.718117311088867140e-05
-1.779098791936034932e-05
-1.697585905661620978e-05
-1.556954778781738128e-05
-1.486983730012206985e-05
-1.511100949033203114e-05
-1.570496947141113316e-05
-1.569693476940917941e-05
-1.449176523188476454e-05
-1.304297971496581936e-05
-1.241777499509277209e-05
-1.227411595380859342e-05
-1.232485140146484378e-05
-1.291585499367675643e-05
-1.366943613173828051e-05
-1.419339645383300701e-05
-1.514271914511718635e-05
-1.634902117031249757e-05
-1.665499549714355415e-05
-1.538882659738769436e-05
-1.269888227685546871e-05
-1.040975514536132824e-05
-1.057115251984863292e-05
-1.235584580087890558e-05
-1.353469394074707017e-05
-1.359446544792480470e-05
-1.297197869846191340e-05
-1.195678098749999951e-05
-1.084143560366210930e-05
-9.771651986962889345e-06
-9.051759376879882907e-06
-8.994813128417968433e-06
-9.575254782983397752e-06
-1.032547422080078129e-05
-1.053152737229003813e-05
-1.045045317597656230e-05
-1.082637947810058569e-05
-1.129050868840332057e-05
-1.173773403010253870e-05
-1.286794480473632783e-05
-1.400931356315917954e-05
-1.399965761564941261e-05
-1.329919610981445251e-05
-1.254796339355468678e-05
-1.199340206249999961e-05
-1.243439276154785181e-05
-1.394895793076171751e-05
-1.542841598217773220e-05
-1.594317335183105503e-05
-1.579877521333007605e-05
-1.568416746103515539e-05
-1.493163536418456876e-05
-1.312524600356445200e-05
-1.141918312966308616e-05
-1.100940140664062395e-05
-1.218535276225585795e-05
-1.395839930166015626e-05
-1.558154023620605312e-05
-1.718784882768554546e-05
-1.777640863071288911e-05
-1.640587205139160140e-05
-1.456605642309570220e-05
-1.399161099272460880e-05
-1.469355069299316274e-05
-1.632076858315429694e-05
-1.805215149719238094e-05
-1.856081727526855382e-05
-1.820131800483398377e-05
-1.893125995288085826e-05
-2.118712770961914086e-05
-2.300039544272460982e-05
-2.303688538757324233e-05
-2.240830704653320107e-05
-2.258021867497558545e-05
-2.313176401254882618e-05
-2.251077929936523222e-05
-2.044252302646484219e-05
-1.885521638601074149e-05
-1.898952942377929546e-05
-1.923985688273925678e-05
-1.836116565935058578e-05
-1.728483745600585767e-05
-1.695777501665039137e-05
-1.747631131884765430e-05
-1.821224949108886471e-05
-1.869614359147949166e-05
-1.927530970729980528e-05
-1.997223069904785191e-05
-2.068699731230468525e-05
-2.157496301367187552e-05
-2.237790869326171852e-05
-2.288156768374023246e-05
-2.280041004096679605e-05
-2.206302943706054537e-05
-2.171229204492187422e-05
-2.223429733566894517e-05
-2.322037223210449223e-05
-2.461453608051757778e-05
-2.578515878361816225e-05
-2.564257262539062284e-05
-2.429220624753417837e-05
-2.288434525876464890e-05
-2.244039817084960903e-05
-2.296509759016113244e-05
-2.347652902233886491e-05
-2.370470740664062223e-05
-2.398954593725585870e-05
-2.380896779790038945e-05
-2.270461350493163896e-05
-2.119807111679687526e-05
-1.998293568776855460e-05
-1.947820381423339631e-05
-1.975007238078613063e-05
-2.025395786879882621e-05
-2.078788408239745848e-05
-2.172141155090331899e-05
-2.271442442443847532e-05
-2.301975502143554733e-05
-2.229104092844238152e-05
-2.090736749213867047e-05
-2.006348536347656001e-05
-2.052548072858886472e-05
-2.173856575888671750e-05
-2.244598908366699208e-05
-2.217067537041015663e-05
-2.161023702438964601e-05
-2.103190537316894504e-05
-2.019099155429687569e-05
-1.954307747639160044e-05
-1.947308973833007667e-05
-1.960741469702148408e-05
-1.968833392133788879e-05
-1.951271488588867146e-05
-1.854710821398925644e-05
-1.699055755449218753e-05
-1.593304056740722639e-05
-1.587949178195800602e-05
-1.648120036289062306e-05
-1.776508375400390535e-05
-1.999541689399413991e-05
-2.226953558361816210e-05
-2.326086760703124985e-05
-2.322742941843261566e-05
-2.352392661159667824e-05
-2.439235392041015638e-05
-2.513060475168456988e-05
-2.584611046215820184e-05
-2.680235920961914040e-05
-2.714453737915039077e-05
-2.589157686191406144e-05
-2.374609685078124958e-05
-2.274363068542480275e-05
-2.349032153007812288e-05
-2.401262484389648261e-05
-2.308342467038573950e-05
-2.225157075288085784e-05
-2.232164193740234219e-05
-2.202299897812499770e-05
-2.072893511889648314e-05
-1.922617166330566291e-05
-1.833917155668945289e-05
-1.785749474794921839e-05
-1.761666826450195120e-05
-1.839018118557128853e-05
-1.992662124821777125e-05
-2.062500851347656166e-05
-2.013944548388671619e-05
-1.938467225354003869e-05
-1.855644229658202939e-05
-1.753043230859374871e-05
-1.636405345402832106e-05
-1.511356056782226424e-05
-1.454004496943359244e-05
-1.490414571608886686e-05
-1.524988824155273421e-05
-1.524566823486328090e-05
-1.490101051337890627e-05
-1.382442004973144464e-05
-1.218019100266113298e-05
-1.098012362011718769e-05
-1.141038548859863199e-05
-1.330943618254394525e-05
-1.479417520278320245e-05
-1.468522988884277197e-05
-1.387033944455566413e-05
-1.381605156188964855e-05
-1.470317087773437441e-05
-1.556719936601562462e-05
-1.628374219677734396e-05
-1.680469844631347407e-05
-1.572511583103027290e-05
-1.332048687802734374e-05
-1.205965855170898353e-05
-1.258589577006835955e-05
-1.377196798918457044e-05
-1.510630072580566268e-05
-1.668459514858398440e-05
-1.860435248552245969e-05
-2.060246604836425823e-05
-2.193813392834472495e-05
-2.196685143149413892e-05
-2.073006760656738117e-05
-1.872508759216308388e-05
-1.656954632214355390e-05
-1.514922796899413924e-05
-1.522524769401855419e-05
-1.638367529304199038e-05
-1.746802627746581879e-05
-1.809581783759765442e-05
-1.852262263845214923e-05
-1.868541476091308546e-05
-1.800412209902343649e-05
-1.654882775822753672e-05
-1.599393264133300551e-05
-1.744003595061034998e-05
-1.925996747958984295e-05
-1.885895955578613140e-05
-1.627074839086913830e-05
-1.456751077568359253e-05
-1.540071175747070211e-05
-1.659398421398925748e-05
-1.652840721738281171e-05
-1.646851650097656301e-05
-1.697091187363281131e-05
-1.704067311416015683e-05
-1.639359350085449083e-05
-1.555306115151367086e-05
-1.490310859580078117e-05
-1.485238506906738256e-05
-1.587405584113769409e-05
-1.773169324909667818e-05
-1.912459347968749809e-05
-1.902574518740234269e-05
-1.795145546186523240e-05
-1.647820821125488183e-05
-1.465229237900390639e-05
-1.299216082084960841e-05
-1.213957641850585951e-05
-1.254388643793945283e-05
-1.367134347939453073e-05
-1.396898508115234310e-05
-1.299583246508788949e-05
-1.149566777067871107e-05
-9.656793895288085227e-06
-7.289095961279296702e-06
-5.166742540478515763e-06
-5.008945284692382481e-06
-7.114847831958007413e-06
-9.385747872412108418e-06
-1.035804218203124926e-05
-1.040237609411621083e-05
-9.765882260302733369e-06
-8.274002607275390456e-06
-6.462904482128906075e-06
-5.592653272119140001e-06
-6.039759404589843127e-06
-6.774147856860350878e-06
-7.145401157226561918e-06
-7.580443315771484368e-06
-8.366210945532225361e-06
-9.110875233300781115e-06
-9.521586788305663233e-06
-1.043424072089843714e-05
-1.249789551757812451e-05
-1.470702133581542842e-05
-1.640920990979003843e-05
-1.801899941074218547e-05
-1.923532693205566463e-05
-1.921725481301269289e-05
-1.787721195434570175e-05
-1.610486874938964679e-05
-1.543845339921875019e-05
-1.681315038061523414e-05
-1.942401129895019476e-05
-2.181290463378906218e-05
-2.290642280788574237e-05
-2.206449571057128914e-05
-2.020366349528808568e-05
-1.905731179111328023e-05
-1.929307188234863140e-05
-2.124513492021484285e-05
-2.401558123276367027e-05
-2.512093688325195119e-05
-2.394533123439941130e-05
-2.218142804282226296e-05
-2.104277725480956890e-05
-2.021085181176757672e-05
-1.938988169682617237e-05
-1.904201724709472492e-05
-1.861698866374511611e-05
-1.732468910109863071e-05
-1.614069112255859460e-05
-1.566117200085449207e-05
-1.497875877221679682e-05
-1.408625119924316265e-05
-1.392168285927734381e-05
-1.498696036713867174e-05
-1.701047741657714903e-05
-1.881805886948242091e-05
-1.975282611396484355e-05
-2.008767291594238183e-05
-1.958466957622070253e-05
-1.848907716154785094e-05
-1.806371479235839640e-05
-1.839816820388183525e-05
-1.879506340930175759e-05
-1.954546166096191406e-05
-2.142680978447265657e-05
-2.421377849609374799e-05
-2.587894068369140502e-05
-2.504298596872558421e-05
-2.304029477150878650e-05
-2.178993301545409898e-05
-2.175126154172363099e-05
-2.220138366767578141e-05
-2.263973984277343484e-05
-2.291632909477538937e-05
-2.248890440593261688e-05
-2.141606903298339692e-05
-2.065457240214843494e-05
-2.034154088898925832e-05
-1.968631928537597448e-05
-1.850425249633788871e-05
-1.738509241718749976e-05
-1.667616705612792784e-05
-1.553454795832519606e-05
-1.339865236916503891e-05
-1.187338221123046883e-05
-1.203308681467285148e-05
-1.298164656689453040e-05
-1.404515977817382747e-05
-1.473434409099121083e-05
-1.422876583193359323e-05
-1.246498184958496074e-05
-1.062296085056152254e-05
-9.444649152221678434e-06
-8.304067174707030653e-06
-7.166703846362304056e-06
-7.198639998681640054e-06
-8.535929124169920807e-06
-9.591312266064453486e-06
-9.546859144750976072e-06
-9.190924230249023001e-06
-9.507627387646484094e-06
-1.111636784738769538e-05
-1.359978217951660079e-05
-1.521567519296874954e-05
-1.518364367326660035e-05
-1.520606692915038962e-05
-1.663459879814452926e-05
-1.841169845131835801e-05
-1.906407095437011488e-05
-1.866824863200683350e-05
-1.818987391889648246e-05
-1.788244523947753894e-05
-1.760025315373535130e-05
-1.795788083928222470e-05
-1.950853064196777172e-05
-2.112727275598144574e-05
-2.141612863759765400e-05
-2.127313716799316171e-05
-2.183460071337890628e-05
-2.215949354477539054e-05
-2.205272975971679555e-05
-2.255427874685058453e-05
-2.332690951962890558e-05
-2.375694489057616994e-05
-2.377921317446288809e-05
-2.276027229372558429e-05
-2.089605453635253677e-05
-2.000347543784179716e-05
-2.102260705334472565e-05
-2.276886727910156202e-05
-2.357627138383789004e-05
-2.315641648100585795e-05
-2.264781030754394554e-05
-2.283622049321289041e-05
-2.314293391726074221e-05
-2.314826256977539005e-05
-2.333999869291992189e-05
-2.349209774758300549e-05
-2.307188521706542755e-05
-2.246810239555663912e-05
-2.170673689487304475e-05
-2.067591085405273319e-05
-2.016931931655273509e-05
-2.047678375874023218e-05
-2.105519885642089713e-05
-2.192758391162109337e-05
-2.322437766218261735e-05
-2.409421163989257540e-05
-2.434905712861327881e-05
-2.506022362316894330e-05
-2.663155622700195054e-05
-2.883616401547851575e-05
-3.133804385710448894e-05
-3.323338714404296416e-05
-3.391485861977539115e-05
-3.385601694458007313e-05
-3.365060752292480087e-05
-3.316651076684570256e-05
-3.186834611015624885e-05
-2.988142629387206985e-05
-2.844336960751952918e-05
-2.849967212614745908e-05
-2.917713817180175756e-05
-2.888350200012206861e-05
-2.765480056088867163e-05
-2.633044563669433523e-05
-2.485769906484374818e-05
-2.356553063234863039e-05
-2.336853738222656124e-05
-2.436850015378417690e-05
-2.602760651257324094e-05
-2.830511074428710718e-05
-3.175547881259765384e-05
-3.541660879692382411e-05
-3.676279093085937222e-05
-3.549941152705077892e-05
-3.388509207541503973e-05
-3.306458687646484534e-05
-3.265980002011718353e-05
-3.270307297006835759e-05
-3.318062513950194943e-05
-3.331726275722655993e-05
-3.262266634543456646e-05
-3.136814418730468271e-05
-3.046513428129882567e-05
-3.059260470935058778e-05
-3.146339236088867264e-05
-3.288138613408203077e-05
-3.471454988742675771e-05
-3.630016375683593299e-05
-3.693416611777343612e-05
-3.614371356533202848e-05
-3.465767516450195376e-05
-3.378148733491211054e-05
-3.345453218386230156e-05
-3.332257948881835771e-05
-3.354427289108886565e-05
-3.387849980507812625e-05
-3.379846272905273104e-05
-3.254259350664062445e-05
-3.022920729714355332e-05
-2.883851243728027241e-05
-2.884782267802734186e-05
-2.881111815656738117e-05
-2.940084621003417981e-05
-3.160372546469726265e-05
-3.352511596806640289e-05
-3.343816475678710530e-05
-3.215351842661132766e-05
-3.109753923857421404e-05
-3.030664561198730334e-05
-2.958827888002929437e-05
-3.030433295295410025e-05
-3.254473927275390637e-05
-3.401237176870117038e-05
-3.352223110473632914e-05
-3.152030284658203016e-05
-2.941515131745605475e-05
-2.919639046220703097e-05
-3.098786674833984179e-05
-3.324051585590820151e-05
-3.488164546303710445e-05
-3.553448288208007467e-05
-3.555353251679686994e-05
-3.550909131640624767e-05
-3.548288912797851493e-05
-3.555937376899413814e-05
-3.591348478229979988e-05
-3.649619141220703205e-05
-3.724351406577147992e-05
-3.796126090974121122e-05
-3.817218971867675600e-05
-3.759655219602050748e-05
-3.634926603806152179e-05
-3.507636181689452747e-05
-3.476477273540038771e-05
-3.573283511740722349e-05
-3.710141666538085736e-05
-3.800291261418456699e-05
-3.867551492331543098e-05
-3.957862019670409866e-05
-4.069400134331054752e-05
-4.153571386401367255e-05
-4.167146933344726339e-05
-4.140427376865233889e-05
-4.133744507514648431e-05
-4.130087168383789122e-05
-4.051508021223144333e-05
-3.920312304780273165e-05
-3.821824024365234310e-05
-3.758497697993163858e-05
-3.673087862038573888e-05
-3.518560515390625011e-05
-3.284537302614746166e-05
-3.047273983007812303e-05
-2.971572546623534958e-05
-3.088762370808105653e-05
-3.246426112258300810e-05
-3.374406755808105135e-05
-3.470446478669433270e-05
-3.438864377758788957e-05
-3.290990098154296660e-05
-3.196947129870605377e-05
-3.193890605251465005e-05
-3.199392111147460741e-05
-3.144433080524902392e-05
-2.984684369667968756e-05
-2.800760027268066411e-05
-2.739747552021484396e-05
-2.835776546052246120e-05
-3.025010467490234174e-05
-3.187936104287109377e-05
-3.189687287854003813e-05
-3.050659525097656016e-05
-2.956880009208984271e-05
-3.022261502680663984e-05
-3.146925745493164096e-05
-3.187751329982910063e-05
-3.200172931594238290e-05
-3.299521902639159925e-05
-3.422486221853027297e-05
-3.438076404758300694e-05
-3.315438718830566312e-05
-3.127221652111816141e-05
-2.973410752927246016e-05
-2.906311454472656100e-05
-2.968295484931640348e-05
-3.138199629965820114e-05
-3.223365087001953014e-05
-3.159187606738281186e-05
-3.132700508254394390e-05
-3.176762623298340018e-05
-3.163162042416992081e-05
-3.134704415385741955e-05
-3.222933549594726618e-05
-3.400651859558105551e-05
-3.563098275256347341e-05
-3.662469896054687139e-05
-3.644108098586425388e-05
-3.460403101166991936e-05
-3.175860209438476268e-05
-2.913994489250488001e-05
-2.697348405715331915e-05
-2.531396046606445218e-05
-2.555998447187499961e-05
-2.787066463188476483e-05
-2.942765636552734356e-05
-2.805807346003417926e-05
-2.499765069912109221e-05
-2.275192764772949170e-05
-2.213720141904296888e-05
-2.238410757314452919e-05
-2.278182532224121073e-05
-2.324002983388671851e-05
-2.402148208957519555e-05
-2.479952496132812502e-05
-2.468267607553710841e-05
-2.416075423124999804e-05
-2.446196018894042739e-05
-2.521756788388671754e-05
-2.564411042443847375e-05
-2.635439477070312535e-05
-2.777645357858886567e-05
-2.847860785546874949e-05
-2.707327410234374791e-05
-2.475383206403808378e-05
-2.368030527756347561e-05
-2.396992409824218599e-05
-2.454479868183593577e-05
-2.492964183425292919e-05
-2.494434033212890355e-05
-2.477561159008788847e-05
-2.488694108859863257e-05
-2.486348071242675591e-05
-2.430726237309570198e-05
-2.390190331245116952e-05
-2.480662983134765547e-05
-2.788924935061035015e-05
-3.177153629567870788e-05
-3.317747801586914047e-05
-3.104134400825195501e-05
-2.784207825888671846e-05
-2.624534216845703078e-05
-2.628615940830078069e-05
-2.686838920129394268e-05
-2.825293286496581994e-05
-3.021046760642089689e-05
-3.069256164746093771e-05
-2.939456388369140517e-05
-2.785569195278320181e-05
-2.657737563264159905e-05
-2.577668300747070206e-05
-2.549061662180175691e-05
-2.542960533864746024e-05
-2.605012513583984085e-05
-2.691365294536132754e-05
-2.658066580734863246e-05
-2.501183659731445299e-05
-2.319043879482421625e-05
-2.196952171821289125e-05
-2.173357089221191201e-05
-2.240184590634765519e-05
-2.403632363852539096e-05
-2.619190067131347451e-05
-2.775988349582519466e-05
-2.831183414477538826e-05
-2.797676084526367173e-05
-2.713885109895019368e-05
-2.695385029721679638e-05
-2.783258920429687439e-05
-2.840125298708496006e-05
-2.793264150979003836e-05
-2.728216443347167825e-05
-2.718306580180663770e-05
-2.729797157717285053e-05
-2.637342056357421712e-05
-2.420073700649413869e-05
-2.255499400222167963e-05
-2.267963917155761490e-05
-2.401334009926757771e-05
-2.557481409990234157e-05
-2.682481822827148323e-05
-2.698590565876464738e-05
-2.529580490056152324e-05
-2.315475947272948950e-05
-2.248666327243652093e-05
-2.269045144858398169e-05
-2.247571986525878654e-05
-2.172347387055664032e-05
-2.091941954514159939e-05
-2.010125084707031160e-05
-1.909759258942870966e-05
-1.828871029025878780e-05
-1.732534475185546873e-05
-1.593401808308105331e-05
-1.528163365910644299e-05
-1.570241839392089837e-05
-1.656982050336913917e-05
-1.767841864487304648e-05
-1.845418462036132643e-05
-1.824765463195800620e-05
-1.759226613542480458e-05
-1.826319951535644326e-05
-2.108289116020507716e-05
-2.404123505874023248e-05
-2.491358435117187515e-05
-2.438793125803222494e-05
-2.416518881455077954e-05
-2.416039660356445219e-05
-2.405790050888671752e-05
-2.436324302680663959e-05
-2.478266877641601529e-05
-2.444115817856445301e-05
-2.339299911591796833e-05
-2.285859606540527266e-05
-2.353459583754882736e-05
-2.438796702080077850e-05
-2.447348772133788928e-05
-2.438375893503417864e-05
-2.487112202397460684e-05
-2.590701445700683441e-05
-2.747005009853515609e-05
-2.943769378256835817e-05
-3.050967084907226537e-05
-2.955149091210937308e-05
-2.760531681013183347e-05
-2.612544152641601585e-05
-2.569165106477050813e-05
-2.704440162719726283e-05
-2.956245816113281099e-05
-3.109383183156738109e-05
-3.130497521711425406e-05
-3.121339868776855028e-05
-3.089470473625488008e-05
-3.075008010021972624e-05
-3.175742192302246101e-05
-3.363249964111327895e-05
-3.498311635834960517e-05
-3.454263825898437672e-05
-3.249601846105956693e-05
-3.067830422373046980e-05
-2.989840168801269373e-05
-2.931343008276366888e-05
-2.842071985410156166e-05
-2.747609400642089564e-05
-2.758826989045409905e-05
-2.958540593762206729e-05
-3.186609305573730622e-05
-3.173015877246093398e-05
-2.924282245671386743e-05
-2.769943249604492198e-05
-2.947615067968749797e-05
-3.305885291257323785e-05
-3.564370237724609041e-05
-3.662109884184569915e-05
-3.654143131442870663e-05
-3.595769948515624729e-05
-3.557806577602539095e-05
-3.502076263271483922e-05
-3.321145264599609513e-05
-3.057484253430175488e-05
-2.903091613210449234e-05
-2.947849910148925802e-05
-3.051062452290038878e-05
-3.008585819985351518e-05
-2.787098649680175711e-05
-2.565996525183105305e-05
-2.497556122907714868e-05
-2.522202630903320255e-05
-2.506410984401855426e-05
-2.411767201606445206e-05
-2.277759339462890397e-05
-2.148737999348144341e-05
-2.068640126616210769e-05
-2.091257693542480415e-05
-2.207304301225585986e-05
-2.305051100239257573e-05
-2.311723240759277299e-05
-2.283962987714843797e-05
-2.294256704597167907e-05
-2.373938537121581856e-05
-2.520704170900878947e-05
-2.692104391752929670e-05
-2.868047676303710658e-05
-3.005624662749023149e-05
-3.015335446503906124e-05
-2.952483572861328045e-05
-2.971762089296874974e-05
-3.045014968127441259e-05
-3.033054706230468644e-05
-2.908997238391113177e-05
-2.680735407629394250e-05
-2.384346694863281115e-05
-2.162450636904296737e-05
-2.082837945732421610e-05
-2.095140338115234326e-05
-2.182296589267578030e-05
-2.343426935083007813e-05
-2.521864076694335850e-05
-2.582703698559570305e-05
-2.473167106845702972e-05
-2.385883301818847698e-05
-2.458196811928710981e-05
-2.588630781401367068e-05
-2.728037629504394558e-05
-2.897144264799804658e-05
-2.978238726682128637e-05
-2.860214437897949023e-05
-2.620143740959472560e-05
-2.395924295136718681e-05
-2.253497877275390410e-05
-2.181854323029784886e-05
-2.119469749562988127e-05
-1.993342809516601631e-05
-1.843085537434082077e-05
-1.809078720815429536e-05
-1.860869170144042716e-05
-1.827147263581542871e-05
-1.691789952971191482e-05
-1.665046554645995862e-05
-1.878427497412109431e-05
-2.139159537836913977e-05
-2.294800298679199101e-05
-2.438416424641113152e-05
-2.573166960278320235e-05
-2.596844297246093741e-05
-2.524101633913574075e-05
-2.427703091274414061e-05
-2.385731906098632619e-05
-2.473105118046874866e-05
-2.610441301850585983e-05
-2.589520082246093719e-05
-2.351065862446289069e-05
-2.080130704152832052e-05
-1.913966152617187515e-05
-1.771953390778808517e-05
-1.662185533161620875e-05
-1.755260522509765621e-05
-2.009002133774413849e-05
-2.178630905490722662e-05
-2.172547658559570118e-05
-2.074747215393066144e-05
-1.953517390454101430e-05
-1.832045570781249997e-05
-1.801821262983398323e-05
-1.971982899951171920e-05
-2.220481689345702909e-05
-2.343202821733398217e-05
-2.381441565964355483e-05
-2.415195659018554557e-05
-2.390450207363281133e-05
-2.327178717236328074e-05
-2.309522638400878666e-05
-2.356744990092773405e-05
-2.464258601198730366e-05
-2.567969437915038986e-05
-2.547612077961425729e-05
-2.347989072258300545e-05
-2.031648310915527367e-05
-1.787817754909667861e-05
-1.739689413081054692e-05
-1.791795766865234452e-05
-1.837747348181152158e-05
-1.870190139721679588e-05
-1.864298819648437411e-05
-1.770179557458495916e-05
-1.629183650339355478e-05
-1.533585001623535143e-05
-1.459969726738281113e-05
-1.384673601730956981e-05
-1.410712473515624925e-05
-1.567106636682128902e-05
-1.768193531711425814e-05
-1.955589246845703148e-05
-2.074827085576171713e-05
-2.078662046457519283e-05
-1.984604773066406234e-05
-1.860054971113281271e-05
-1.810198095471191151e-05
-1.859897614931640484e-05
-1.897108775612792780e-05
-1.849614626879882783e-05
-1.694686737224121055e-05
-1.430470211049804590e-05
-1.210378980810546866e-05
-1.214000557172851589e-05
-1.374122392915039040e-05
-1.502417748828124940e-05
-1.573487906684570224e-05
-1.656097517861327968e-05
-1.717446163132324037e-05
-1.663666111779785059e-05
-1.535511422756347490e-05
-1.450721474790038926e-05
-1.424665913713378865e-05
-1.458999363618164056e-05
-1.551615397436523203e-05
-1.643226497458495882e-05
-1.717927768415527124e-05
-1.791292703920898207e-05
-1.842941294267578050e-05
-1.820576450905761533e-05
-1.705185493979491954e-05
-1.617747909047851588e-05
-1.689522593444824040e-05
-1.847237594863281233e-05
-1.974336090122070299e-05
-2.085532074296874745e-05
-2.165765845549316284e-05
-2.176023799663085809e-05
-2.217534837216796645e-05
-2.320519689731445108e-05
-2.310073385036620912e-05
-2.139520741799316207e-05
-2.003075050932617086e-05
-1.992279463198242076e-05
-1.968108600024414068e-05
-1.858774663999023511e-05
-1.761716894326171811e-05
-1.785419265231933493e-05
-1.973275127988281095e-05
-2.216805276738281131e-05
-2.350867975126952995e-05
-2.375676607673339870e-05
-2.398177349555664017e-05
-2.507829574221191165e-05
-2.750447772373046726e-05
-3.034593697370605240e-05
-3.158943227819824116e-05
-3.088243810664062635e-05
-2.996825829592284990e-05
-2.994091169890136567e-05
-3.044813504531249828e-05
-3.047901023549804423e-05
-2.937862560983886529e-05
-2.797261236411132556e-05
-2.753052494016113228e-05
-2.819044338737792944e-05
-2.877601103876952846e-05
-2.797986028520507706e-05
-2.603504516843261712e-05
-2.429238506137695300e-05
-2.370320537036132828e-05
-2.420694780729980281e-05
-2.492440854912109200e-05
-2.508615163037109416e-05
-2.437871638466796614e-05
-2.306135904218749948e-05
-2.202645604575195228e-05
-2.161295499479980197e-05
-2.149701209914550514e-05
-2.148121687636718631e-05
-2.145737503066406029e-05
-2.155113308889159955e-05
-2.175326425676269525e-05
-2.158843365649414119e-05
-2.074982057573242149e-05
-1.987035449235839831e-05
-2.038507609924316419e-05
-2.250187436999511565e-05
-2.460824183325195308e-05
-2.565300343288574026e-05
-2.583010066276855482e-05
-2.540391574990234107e-05
-2.488439001110839778e-05
-2.462567022246093685e-05
-2.430353112424316213e-05
-2.385495871826171608e-05
-2.357926353547363127e-05
-2.364155035737304703e-05
-2.386467427038574179e-05
-2.414421991125488060e-05
-2.428704448793945171e-05
-2.315944439541015615e-05
-2.050820731137695206e-05
-1.815643573029785166e-05
-1.719445301894531239e-05
-1.709716636755371141e-05
-1.761126808645019283e-05
-1.870335574980468621e-05
-1.985310491699218577e-05
-2.045549299052734434e-05
-1.996350458352050657e-05
-1.833416476909179734e-05
-1.656964168952636794e-05
-1.574445156789550690e-05
-1.596447604096679632e-05
-1.667867044992675562e-05
-1.728058168654785079e-05
-1.753866966628417719e-05
-1.739696565634765406e-05
-1.624979140849609280e-05
-1.430879098703613160e-05
-1.318783084853515484e-05
-1.369145407624511691e-05
-1.594916957602539095e-05
-1.957180690046386785e-05
-2.268999845351562519e-05
-2.427819916318359222e-05
-2.546974308588867200e-05
-2.742545392614745932e-05
-2.937953159997558507e-05
-2.990096468642577859e-05
-2.933487582297363122e-05
-2.855514018017577972e-05
-2.775577077744140544e-05
-2.738176374389648233e-05
-2.767020239321288765e-05
-2.832705716325683304e-05
-2.879911378725585926e-05
-2.850788564199218745e-05
-2.844943735725097563e-05
-3.000169648452148408e-05
-3.178840440151366767e-05
-3.195403370361327741e-05
-3.114598586904296482e-05
-3.081781478386230060e-05
-3.156846337490234561e-05
-3.298974732280273375e-05
-3.430638940991210530e-05
-3.525560481289062055e-05
-3.569702466516112914e-05
-3.556230631601562569e-05
-3.554176656594237974e-05
-3.646427910173339872e-05
-3.806131321523437518e-05
-3.938942323012694816e-05
-3.976655354545898012e-05
-3.894999417197265377e-05
-3.741884699907226531e-05
-3.594503946508789075e-05
-3.484987620363769217e-05
-3.377022206281738386e-05
-3.201106339853515586e-05
-2.986355683051757624e-05
-2.883479310935058602e-05
-3.002034080786132649e-05
-3.238186370383300955e-05
-3.363495535122070309e-05
-3.306997513359375025e-05
-3.168270157858886358e-05
-3.020925167229003826e-05
-2.897529310607910058e-05
-2.860845054716796838e-05
-2.925723485244140646e-05
-3.009104380129394536e-05
-3.045892348049316156e-05
-3.101341328601074328e-05
-3.231287732329101282e-05
-3.303187586416015293e-05
-3.209634568061523494e-05
-3.053187952834472306e-05
-2.940241977185058429e-05
-2.878572659089355417e-05
-2.850198478518066217e-05
-2.812933673684081873e-05
-2.766735329265136747e-05
-2.742019679916992200e-05
-2.708272739416503841e-05
-2.658217976455077986e-05
-2.607400274431152383e-05
-2.574227922412109101e-05
-2.617345900366210685e-05
-2.686718518808593750e-05
-2.675932467812499804e-05
-2.630603158669433516e-05
-2.639432986225585898e-05
-2.648429706701660132e-05
-2.574423425546874824e-05
-2.500839145061035186e-05
-2.515460156938476363e-05
-2.539278160795898200e-05
-2.561346173178710944e-05
-2.648373678364257733e-05
-2.708384796091308300e-05
-2.671609941186523440e-05
-2.609869097553710917e-05
-2.586977349401855324e-05
-2.664569444150390431e-05
-2.813300838107910150e-05
-2.897358841411132511e-05
-2.948236148049316208e-05
-3.050480711254882748e-05
-3.049358952414550782e-05
-2.844571802932128923e-05
-2.587239609704589856e-05
-2.382267685917968683e-05
-2.228822759064941152e-05
-2.175451595366210744e-05
-2.248855869916992109e-05
-2.323451044660644260e-05
-2.258397376567382542e-05
-2.095056891655273400e-05
-1.977600038798828149e-05
-1.956534576027831859e-05
-1.990411454587402140e-05
-2.032531651298827971e-05
-2.009558840871581803e-05
-1.859948874899902181e-05
-1.637558098642577956e-05
-1.492002438532714798e-05
-1.514690338903808439e-05
-1.660508259316406299e-05
-1.849261767563476611e-05
-2.065826788823242122e-05
-2.336380477585449096e-05
-2.595459086010741897e-05
-2.701384830192870917e-05
-2.677815973623046852e-05
-2.694257310419921625e-05
-2.847400637924804681e-05
-3.117333246606445243e-05
-3.339396197485351134e-05
-3.305369115297851457e-05
-3.054209575922851568e-05
-2.839392161953124797e-05
-2.765165343725585928e-05
-2.744291807812500005e-05
-2.725277935864257620e-05
-2.727248464411620950e-05
-2.754549761926269530e-05
-2.763025538073730396e-05
-2.795161961896972650e-05
-2.937897131660156108e-05
-3.076895092109374689e-05
-3.060580117094726142e-05
-2.919299299919433347e-05
-2.770259154060058439e-05
-2.727154289121093615e-05
-2.833612898554687418e-05
-2.994542972866210775e-05
-3.079176756743164236e-05
-3.071482993134765587e-05
-3.005480419582519462e-05
-2.947394530895995897e-05
-3.027634262609863144e-05
-3.258981228205565977e-05
-3.500074740324707047e-05
-3.686247368774414027e-05
-3.856618813984374775e-05
-3.964498397421875006e-05
-3.894100579614257661e-05
-3.668940572978515773e-05
-3.463293924958495802e-05
-3.402505563061523382e-05
-3.485814932409667761e-05
-3.617511327612304485e-05
-3.667479067836914056e-05
-3.561157549016112888e-05
-3.311438057121581896e-05
-3.043638101538085814e-05
-2.933191943410644355e-05
-3.057055100207519105e-05
-3.360747762404784787e-05
-3.678190017019042796e-05
-3.809787468562011482e-05
-3.729200837993163772e-05
-3.607712329028320221e-05
-3.578256920754394342e-05
-3.673874642946777484e-05
-3.883289494680175539e-05
-4.108276647934570207e-05
-4.225365144274901836e-05
-4.208672276005859280e-05
-4.160723940112304723e-05
-4.151886960002441288e-05
-4.096179295424804280e-05
-3.938482175390624888e-05
-3.770639157917480091e-05
-3.689449328652343431e-05
-3.685484429711913940e-05
-3.692746655913085516e-05
-3.707294950161132854e-05
-3.704010735915526853e-05
-3.570643027329101601e-05
-3.296545248203124783e-05
-2.976199056782226487e-05
-2.727049384999999870e-05
-2.703007267792968777e-05
-2.937712357355956794e-05
-3.228244320725097671e-05
-3.364362186213378457e-05
-3.353350829775390249e-05
-3.331223212778320426e-05
-3.376192510051269152e-05
-3.441841032194824099e-05
-3.530990461647949297e-05
-3.716506247248534941e-05
-3.895363005344237958e-05
-3.933142794045410302e-05
-3.895718248845214481e-05
-3.883910574760741951e-05
-3.896987827128906170e-05
-3.891454134741210866e-05
-3.843973099023437629e-05
-3.757729990561523069e-05
-3.678328299724121115e-05
-3.695990339020995891e-05
-3.787715879902343381e-05
-3.749065863833007532e-05
-3.507724396518554713e-05
-3.251044277770995602e-05
-3.149934586420898128e-05
-3.231119647316894086e-05
-3.377928196418456816e-05
-3.442547942919921787e-05
-3.445430422065429594e-05
-3.468821656884765736e-05
-3.484887484611816512e-05
-3.433043391130370946e-05
-3.318652599631347809e-05
-3.195949348627929624e-05
-3.086478321989746094e-05
-2.971999315661620991e-05
-2.853154867385253885e-05
-2.767348064699706760e-05
-2.769802582714843528e-05
-2.830477695844726483e-05
-2.849081488046874952e-05
-2.798269746484374719e-05
-2.737624435661620981e-05
-2.752412340458984348e-05
-2.836281993181152377e-05
-2.855231492145995966e-05
-2.720485724877929584e-05
-2.517939708891601307e-05
-2.416639282775878811e-05
-2.514680528583984159e-05
-2.751832983608398230e-05
-2.942372246098632558e-05
-2.988483567780761741e-05
-2.980726623281249979e-05
-2.977065707873534974e-05
-2.893490501945800706e-05
-2.757905501708984364e-05
-2.747727417778320070e-05
-2.908155621237792866e-05
-3.066838601591796596e-05
-3.066839793684081940e-05
-3.043887248825683585e-05
-3.174995942531738132e-05
-3.342635112224120808e-05
-3.377519308764648584e-05
-3.267894502221679285e-05
-3.174360557343749615e-05
-3.286072717478027066e-05
-3.535748101958007753e-05
-3.713015801037597484e-05
-3.724599361772461096e-05
-3.620685869367675701e-05
-3.492119908505859210e-05
-3.380132375053710467e-05
-3.320818631313476524e-05
-3.382763322727050490e-05
-3.570559580869140336e-05
-3.753470644826660156e-05
-3.825165459040527377e-05
-3.844014822253417923e-05
-3.885028757324218560e-05
-3.914734504978026878e-05
-3.873391552436523239e-05
-3.782241792128905833e-05
-3.772911285812988234e-05
-3.906188395385742186e-05
-4.023077812314453073e-05
-3.972064607155761408e-05
-3.809445338076171720e-05
-3.692838447019042839e-05
-3.676068092751464387e-05
-3.679436945549316321e-05
-3.644723218205566431e-05
-3.558080758828125042e-05
-3.424311315141601595e-05
-3.313942643012695016e-05
-3.248041397304687617e-05
-3.116833759938965033e-05
-2.898295825947265502e-05
-2.768542541169433582e-05
-2.835707404699706961e-05
-2.994316475332031168e-05
-3.093115891833495901e-05
-3.066014865822754086e-05
-2.944669407932128878e-05
-2.790325643496093631e-05
-2.657204698012695122e-05
-2.584954368793945291e-05
-2.535893810798339832e-05
-2.495348367995605182e-05
-2.530672446589355413e-05
-2.651601864272460659e-05
-2.764031663962402208e-05
-2.743755366284179526e-05
-2.679000913354491931e-05
-2.792014838264159960e-05
-3.010387071428222646e-05
-3.110211687294921998e-05
-3.097188079079589489e-05
-3.125423976945800709e-05
-3.206413534707031282e-05
-3.204588441418456985e-05
-3.088502494689941133e-05
-2.931197573017577855e-05
-2.800374981459960672e-05
-2.787987950524902362e-05
-2.918572123625488184e-05
-3.099796376999511347e-05
-3.214536451538085637e-05
-3.167635964763183186e-05
-2.987663408288573910e-05
-2.841504549482421803e-05
-2.848069401696777094e-05
-2.977584268017577991e-05
-3.104129632456054799e-05
-3.130949324687499954e-05
-3.127580471889648020e-05
-3.236246836235351170e-05
-3.451874872958984029e-05
-3.586125921928710902e-05
-3.493563532263183465e-05
-3.325755085466308247e-05
-3.265327927531738397e-05
-3.239601383925780998e-05
-3.195160183535156016e-05
-3.194149289277343503e-05
-3.235762846767577732e-05
-3.261667012124023053e-05
-3.205831793671875152e-05
-3.042652241218261476e-05
-2.865057908852539095e-05
-2.825075133608398445e-05
-2.929910113349609382e-05
-3.023442866135253707e-05
-3.026747345949706844e-05
-2.987792154255370825e-05
-2.947612683784179446e-05
-2.937918589321288928e-05
-3.031519291367187405e-05
-3.296973209333495822e-05
-3.653871334401855405e-05
-3.905152467189941496e-05
-3.944523699091796460e-05
-3.810871080449218512e-05
-3.622756533666991735e-05
-3.442023422314452723e-05
-3.265550848789062647e-05
-3.176849646035155962e-05
-3.240891227778320161e-05
-3.364266818830566455e-05
-3.401724742614745833e-05
-3.309788201398925509e-05
-3.220396777211913931e-05
-3.237733375314941062e-05
-3.290732606220702830e-05
-3.368575040349121053e-05
-3.510079970874023443e-05
-3.594828195610351375e-05
-3.508434883520507758e-05
-3.316289872722167687e-05
-3.172180220554198795e-05
-3.169869945705566393e-05
-3.239641915063476625e-05
-3.269263024165039010e-05
-3.240030537148437382e-05
-3.117935253210448848e-05
-2.888297747951660158e-05
-2.686247642355956734e-05
-2.587174044628906053e-05
-2.490135348432617160e-05
-2.393095460144042922e-05
-2.418581201108398269e-05
-2.553256634931640485e-05
-2.642057973437499874e-05
-2.564691184130859369e-05
-2.307384024841308478e-05
-1.980979620427246153e-05
-1.771023558796386578e-05
-1.737139527683105244e-05
-1.778102202785644524e-05
-1.832098022841796700e-05
-1.937387189743652196e-05
-2.129452330358886698e-05
-2.344895592778320243e-05
-2.456892662968750051e-05
-2.441720904455566289e-05
-2.401624880444335836e-05
-2.399840318293456826e-05
-2.400733195415038834e-05
-2.367542962011718767e-05
-2.308790693737792802e-05
-2.275222567080078048e-05
-2.334790226477050803e-05
-2.483241478747558528e-05
-2.614558788603515559e-05
-2.620186656281738198e-05
-2.516829870974121095e-05
-2.408997971228027203e-05
-2.333644625791015667e-05
-2.312085636813964874e-05
-2.394247021291503766e-05
-2.478589934650878823e-05
-2.432702726318359236e-05
-2.351812112216796700e-05
-2.410328346218261654e-05
-2.601550677587890500e-05
-2.760236042126464580e-05
-2.803365941003417919e-05
-2.788450482331542981e-05
-2.772006761350097518e-05
-2.779373891672363178e-05
-2.789495947265624735e-05
-2.734696657009277185e-05
-2.658150027194824172e-05
-2.673103632819824046e-05
-2.687195355722656135e-05
-2.528409855432128673e-05
-2.277390982946777114e-05
-2.128878933969726627e-05
-2.072264087163085844e-05
-1.987159426833496045e-05
-1.927101817507324144e-05
-2.015750568200683448e-05
-2.223113829111327938e-05
-2.398672067854003864e-05
-2.412142710676269542e-05
-2.305468332539062541e-05
-2.214820443083496035e-05
-2.127772672329101433e-05
-2.008577748920898506e-05
-1.993510894528808489e-05
-2.099733469689941281e-05
-2.180821971110839892e-05
-2.246232074797363139e-05
-2.301526083352050536e-05
-2.223017269636230251e-05
-2.063728706401367222e-05
-2.033527048356933374e-05
-2.150272222119140573e-05
-2.258567845764160089e-05
-2.295646684201660113e-05
-2.290267963811034907e-05
-2.223960214633788950e-05
-2.111367098300781246e-05
-2.100589391950683359e-05
-2.308413992575683460e-05
-2.704956338679198949e-05
-3.149096545544433513e-05
-3.421461022487792678e-05
-3.431548507404784995e-05
-3.301101424916991808e-05
-3.144520103261718336e-05
-3.024053217385253708e-05
-3.013856059978027284e-05
-3.110342817446288925e-05
-3.184333601401367122e-05
-3.152304465883788964e-05
-3.086328118361816359e-05
-3.049013245651855324e-05
-3.010760196313476292e-05
-2.959556256389159944e-05
-2.911516129389648402e-05
-2.874287087324218644e-05
-2.815456140959472455e-05
-2.674374403195800741e-05
-2.562825559704589784e-05
-2.668870513115234315e-05
-2.850955457119140596e-05
-2.811304083530273299e-05
-2.621296494199218749e-05
-2.583471405991210755e-05
-2.674046577817382745e-05
-2.618207783088378809e-05
-2.409838396289062508e-05
-2.269736558383789085e-05
-2.261744771704101318e-05
-2.259020840832519304e-05
-2.148870321591796613e-05
-1.937747201613769420e-05
-1.707407553999023406e-05
-1.574333100114745892e-05
-1.607387434997558669e-05
-1.741166415422363181e-05
-1.833961263083495934e-05
-1.816894077836914048e-05
-1.730444737409668032e-05
-1.601424589387206982e-05
-1.479087310715331898e-05
-1.488279534326171856e-05
-1.670465806174316356e-05
-1.905240037089843533e-05
-2.034051568962402099e-05
-1.995167902805175590e-05
-1.815459990817870858e-05
-1.576196340356445126e-05
-1.411021225417480452e-05
-1.377923975212402206e-05
-1.421345936699218616e-05
-1.546365423012695250e-05
-1.750144062421874947e-05
-1.903947809052734358e-05
-1.939321955522460940e-05
-1.914700481464843730e-05
-1.879649392004394441e-05
-1.839407932734374955e-05
-1.815254950944824070e-05
-1.857484820146484348e-05
-1.978367746230468599e-05
-2.145426366979980489e-05
-2.311635025930175672e-05
-2.367434481613769326e-05
-2.239457414340820357e-05
-2.040137200078124993e-05
-1.943773228115234220e-05
-2.033369692175292925e-05
-2.243417544912109147e-05
-2.369915225659179615e-05
-2.278283860068359122e-05
-2.093755126879882821e-05
-2.004831002868652225e-05
-1.953507853715820365e-05
-1.822643538928222549e-05
-1.674136258320312425e-05
-1.580667878518066219e-05
-1.565663012924804648e-05
-1.673416234580077976e-05
-1.910537695205078164e-05
-2.212255060485839814e-05
-2.426712462585449022e-05
-2.398141586787109092e-05
-2.223333174091796831e-05
-2.170190892111816382e-05
-2.275809076484374880e-05
-2.332522866950683361e-05
-2.210255921723632613e-05
-2.005614207499999786e-05
-1.902249077546386624e-05
-1.976790608137207067e-05
-2.175167877402343732e-05
-2.357833370349121137e-05
-2.393064465744628699e-05
-2.334195372426757574e-05
-2.299495950190429450e-05
-2.251263896333007542e-05
-2.187658620366210780e-05
-2.176007110371093692e-05
-2.160511102756347630e-05
-2.079343923244628795e-05
-1.991222077341308567e-05
-2.036352307072753775e-05
-2.263560328254394551e-05
-2.462280920097655983e-05
-2.412719683342284970e-05
-2.208852829104003646e-05
-2.073439490156249858e-05
-2.033594997617187527e-05
-1.997234990827636606e-05
-1.981183468208007597e-05
-2.005170749169921636e-05
-1.975585402836913836e-05
-1.905172087829589718e-05
-1.914991351982421795e-05
-1.988001043986816356e-05
-2.056992192897949038e-05
-2.119160997661132599e-05
-2.158929196293945057e-05
-2.218637522580566143e-05
-2.361391765820312409e-05
-2.501571089724121050e-05
-2.535847319199218498e-05
-2.503415256489257816e-05
-2.475814743811035113e-05
-2.476448936906738285e-05
-2.467474866184081876e-05
-2.419851971484374964e-05
-2.397210562712402148e-05
-2.419818592900390390e-05
-2.389059035666503921e-05
-2.228699973559570283e-05
-2.007177040485839890e-05
-1.879275075026855450e-05
-1.930664981347656118e-05
-2.104996557128905994e-05
-2.262254987202148276e-05
-2.280654931623534964e-05
-2.164523685388183461e-05
-2.027756129604492053e-05
-1.928775515075683363e-05
-1.898020726210937256e-05
-1.976621331032714864e-05
-2.110122553955078072e-05
-2.226495794924316293e-05
-2.281767153725585865e-05
-2.227834514560546802e-05
-2.096479057751464835e-05
-1.975726069726562505e-05
-1.909203743937988357e-05
-1.895220501433105369e-05
-1.872362131865234350e-05
-1.794698511579589733e-05
-1.753681000231933399e-05
-1.814073587490234348e-05
-1.901879528937988335e-05
-1.968860810256347406e-05
-2.023630298205566418e-05
-2.037811428029785141e-05
-2.028621588603515534e-05
-2.048146868142089883e-05
-2.078228124865722537e-05
-2.100439188322753963e-05
-2.053214452446288873e-05
-1.865740059221191314e-05
-1.661900623105468517e-05
-1.578781988522949160e-05
-1.563486252412109185e-05
-1.580077792836914031e-05
-1.639299745471191328e-05
-1.654638396904296941e-05
-1.616769201281738303e-05
-1.628554225612793008e-05
-1.642707937314453204e-05
-1.606748473532714795e-05
-1.608761917402343764e-05
-1.615518696474609422e-05
-1.566597613276366949e-05
-1.572190910278320347e-05
-1.650075067636718525e-05
-1.620679263977050741e-05
-1.390415910268554599e-05
-1.151884204470214731e-05
-1.130051034267577992e-05
-1.253895117587890611e-05
-1.378163585761718744e-05
-1.452203245500488286e-05
-1.417632569230956908e-05
-1.321149388039550794e-05
-1.319515029516601518e-05
-1.451360436254882800e-05
-1.630396008193359423e-05
-1.826501149562988283e-05
