-1.181220403515624972e-06
-1.291846567578124873e-06
-1.403521772851562436e-06
-1.470946512499999869e-06
-1.540564701953124967e-06
-1.140593898437499958e-06
-3.985402927734375047e-07
-5.568501482421874927e-07
-2.448271451562499984e-06
-4.999158207031249633e-06
-6.419464639257812541e-06
-6.247898717578124803e-06
-5.383011922851561830e-06
-4.299161617187499485e-06
-2.795217990234375049e-06
-1.313113493945312382e-06
-4.596707851562499723e-07
-3.282545316406250102e-07
-9.984011306640625177e-07
-1.942919690039062324e-06
-1.734923428125000008e-06
3.700254453124999607e-08
1.758574539062499866e-06
1.763247540820312432e-06
8.821482910156249413e-08
-2.032183560351562586e-06
-3.302190997265625054e-06
-3.764627436523437481e-06
-4.520318577929686946e-06
-5.229279701757812437e-06
-4.705045198437499829e-06
-3.534124472265624887e-06
-3.140543283398437344e-06
-3.513334382812499720e-06
-3.312776776757812320e-06
-2.072428595898437598e-06
-1.145839104492187421e-06
-1.236819587695312370e-06
-1.397227525585937523e-06
-1.381301172656250029e-06
-1.792811429492187413e-06
-2.250288764843750038e-06
-2.363585215624999735e-06
-3.166387844140624655e-06
-5.480477388085937433e-06
-8.208556740820312285e-06
-9.678263477343749385e-06
-9.990400921289061372e-06
-1.024884652871093702e-05
-1.042804184101562479e-05
-1.018304303457031130e-05
-9.797472705859374418e-06
-9.411425540234374132e-06
-9.619898639062499849e-06
-1.039542619609374980e-05
-9.623522599609373907e-06
-7.264228916210936738e-06
-6.032368432421874806e-06
-6.157681173437499856e-06
-6.229778914843749432e-06
-6.543251502148437587e-06
-7.440753941796874703e-06
-8.510108405273437429e-06
-9.562868944140624788e-06
-9.768767123632812204e-06
-8.668799730273437894e-06
-7.795902075390624686e-06
-8.041759188281249243e-06
-8.487315600781248856e-06
-8.329005745312499450e-06
-7.031818604296874350e-06
-5.280968823242187060e-06
-4.964635214453124426e-06
-5.972763818164062290e-06
-6.132313449609374675e-06
-4.566953228124999847e-06
-3.184889116406249815e-06
-4.353330290625000067e-06
-7.293506702734374694e-06
-8.837695365234374143e-06
-8.078570998046874033e-06
-7.120414902929686951e-06
-7.601257247070312197e-06
-8.905310839648437741e-06
-9.721083432226561852e-06
-1.073388503769531207e-05
-1.333789142539062401e-05
-1.617888575937499919e-05
-1.687649816464843741e-05
-1.530913522812499833e-05
-1.314706129238281195e-05
-1.225938169316406210e-05
-1.320399561992187467e-05
-1.470832071640624932e-05
-1.542948886523437315e-05
-1.532172372265624773e-05
-1.521233733457031251e-05
-1.534957099843749887e-05
-1.510724247871093603e-05
-1.433638792343749929e-05
-1.329755102246093750e-05
-1.207684852246093731e-05
-1.080703182031249994e-05
-9.756846200781249192e-06
-9.174532961328124919e-06
-8.817000643164062164e-06
-8.581538574999999768e-06
-9.120173553124998807e-06
-1.037330096328124931e-05
-1.096925173847656213e-05
-1.025371026523437491e-05
-8.959956349999999184e-06
-7.456203457812499430e-06
-5.949398809374999668e-06
-5.271336717578124479e-06
-5.578228955468750061e-06
-5.929180924218749397e-06
-5.699345531640624464e-06
-5.275151412890624913e-06
-5.070588376757811972e-06
-4.738042312890625031e-06
-3.830907767578124487e-06
-2.960394297265624898e-06
-3.278158416796874771e-06
-4.798695968359374998e-06
-6.361958107421874926e-06
-7.246013746093749872e-06
-7.761569817578124162e-06
-8.699698762304687349e-06
-1.047162473496093768e-05
-1.167888043398437401e-05
-1.066159656152343696e-05
-8.226008971874999571e-06
-6.050297500390624646e-06
-4.446885693164062048e-06
-3.355405996874999680e-06
-3.062532764257812433e-06
-3.384874518164062320e-06
-3.936384092968749479e-06
-4.294679350195312660e-06
-3.884885706249999540e-06
-2.968786626953124923e-06
-2.619169801562500061e-06
-3.311346266015624657e-06
-4.980466199999999366e-06
-7.558246557421875047e-06
-1.035975879492187480e-05
-1.248549775781249979e-05
-1.366299883339843645e-05
-1.394242526503906111e-05
-1.371583236347656171e-05
-1.383866555253906250e-05
-1.435021619394531252e-05
-1.447905752812499928e-05
-1.437491634609374961e-05
-1.442193246582031188e-05
-1.401585814980468601e-05
-1.305531787011718700e-05
-1.222609847656249903e-05
-1.151313192265625011e-05
-1.088542380898437507e-05
-1.079615993867187438e-05
-1.079720897988281183e-05
-1.027259300703124901e-05
-9.870142651562498890e-06
-9.555430288281250296e-06
-7.990070066796873773e-06
-5.689236589062499328e-06
-4.554841570507812153e-06
-4.567334697656250060e-06
-5.032441423632811860e-06
-6.108948440820312054e-06
-7.295890887304687466e-06
-7.470508565234374366e-06
-6.110188216796875034e-06
-3.694532410156249617e-06
-1.618384486328124984e-06
-8.108134886718749437e-07
-5.227086251953124984e-07
-1.010894257812499988e-08
4.633901130859374832e-07
9.833330841796873676e-07
1.683138939257812409e-06
1.836012853906249881e-06
6.193157839843750171e-07
-1.609419952343749852e-06
-3.505609624804687356e-06
-4.739186721484374823e-06
-6.006809973828124942e-06
-7.268615815820312068e-06
-7.980533328515624381e-06
-8.321948558984374324e-06
-8.971018966406249428e-06
-1.044921340000000017e-05
-1.287869747714843754e-05
-1.516379533671874939e-05
-1.619109278437499922e-05
-1.660060032617187447e-05
-1.710537988339843639e-05
-1.761244825781249789e-05
-1.817997955292968552e-05
-1.888646112480468674e-05
-1.931685412343750035e-05
-1.867331502421874952e-05
-1.677807902558593839e-05
-1.430148346132812472e-05
-1.176108711796874957e-05
-9.479899321093748803e-06
-8.034702001953124116e-06
-7.051941122070312279e-06
-5.585095407031249658e-06
-4.244230004687500171e-06
-3.881166378320312294e-06
-4.234025694726562694e-06
-5.287549172656249632e-06
-6.885906508593749663e-06
-8.115955012109374566e-06
-8.438296766015624030e-06
-8.126826893750000127e-06
-8.119865074804687342e-06
-8.803649209570312337e-06
-9.286875738281249508e-06
-8.643145904296873995e-06
-6.995960468359374668e-06
-5.842205871093749989e-06
-6.380745481835937534e-06
-7.623001010351562473e-06
-8.198733900390624174e-06
-8.312602555468749614e-06
-7.958312728320311551e-06
-6.114002912109374622e-06
-2.961538705859374690e-06
-4.774091183593750243e-07
-2.824781878906249818e-07
-1.660060032617187447e-06
-2.639196951953124803e-06
-2.625940885742187317e-06
-2.181528881835937495e-06
-1.646041027343749959e-06
-1.293563180468749984e-06
-1.423262821093749941e-06
-2.094839930859375111e-06
-2.567671414843749699e-06
-2.208327116406249915e-06
-1.595210212304687469e-06
-9.357447601562499926e-07
3.855703287109374666e-07
2.308653603124999997e-06
3.490827680468749866e-06
2.978800202148437293e-06
1.828001993749999858e-06
1.358413000781249962e-06
1.769541788085937345e-06
2.785204415039062254e-06
3.764818171289062164e-06
4.451367960156249720e-06
5.256077936328124434e-06
5.399319745312499325e-06
4.005430078124999894e-06
2.664946145312499772e-06
2.530096666015624906e-06
2.475737257812500064e-06
2.099322197851562360e-06
1.991270953124999913e-06
1.993178300781249707e-06
1.562117730468749925e-06
6.603237585937499257e-07
-1.784323732421874941e-07
-7.231708638671874513e-07
-1.229762401367187455e-06
-1.442431665039062338e-06
-1.382922418164062375e-06
-1.764868786328124990e-06
-2.521132132031249986e-06
-2.698706198828124977e-06
-1.224898664843749994e-06
1.416968573828125028e-06
2.733992130468749763e-06
2.033232601562500036e-06
1.161765457421874915e-06
7.424350751953125078e-07
5.508420031249999221e-07
6.236073162109374768e-07
2.575873009765624617e-07
-1.134871855468749889e-07
6.904598515625000141e-07
1.575755266210937412e-06
1.379393825000000024e-06
1.351737283984374837e-06
2.704714343945312230e-06
5.028817463085936955e-06
7.389446289843749446e-06
9.209246688671874809e-06
1.031856008554687383e-05
1.010827500644531193e-05
7.804866609375000030e-06
4.407498964062499803e-06
2.125071391210937329e-06
1.486396028515625020e-06
1.352786325195312499e-06
1.309680268164062372e-06
1.619528894921874987e-06
1.870631213867187430e-06
1.984881338476562447e-06
2.849482031054687549e-06
4.250905721484375084e-06
5.314919611523437371e-06
6.410214003124999326e-06
7.852359566015624005e-06
9.186644618945312614e-06
9.867853834374999306e-06
9.231848758398437005e-06
7.241626846484374542e-06
4.782292778515625161e-06
2.517412804101562316e-06
9.106631384765624720e-07
2.031325253906249872e-07
-3.537176228515624790e-07
-1.604556215820312390e-06
-3.115652396484374718e-06
-3.491590619531249868e-06
-2.236174392187499785e-06
-5.154607041015624771e-07
3.542898271484374807e-07
3.743169775390624865e-07
2.734182865234375081e-07
8.525844023437499869e-08
-8.082385693359374891e-07
-2.403162679492187510e-06
-3.507326237695312467e-06
-3.364084428710937153e-06
-2.613543125976562174e-06
-2.144240235156249727e-06
-2.326201201562500049e-06
-3.252695325585937250e-06
-4.543206749804687013e-06
-4.949281065820312039e-06
-4.363439233203125203e-06
-4.535481991796874649e-06
-6.355759227539062566e-06
-8.961196125976561317e-06
-1.085738579843749925e-05
-1.135920896679687519e-05
-1.116198921914062440e-05
-1.087283531445312397e-05
-1.056231911601562518e-05
-1.045417250390624870e-05
-1.090955175683593642e-05
-1.165818571191406203e-05
-1.119326972070312491e-05
-8.477969597265624146e-06
-5.183407990624999962e-06
-4.241178248437500162e-06
-6.418987802343749987e-06
-9.909243278515624957e-06
-1.171340342656249922e-05
-9.936041513085936954e-06
-6.707855604882812540e-06
-5.373952021484374991e-06
-5.572697647265624939e-06
-5.418297854492187463e-06
-4.807660502343749495e-06
-4.061124629687499633e-06
-3.382776435742187420e-06
-3.360365100781249907e-06
-3.687093754296874701e-06
-3.447721623437499951e-06
-2.809332362890624878e-06
-2.614973636718749837e-06
-3.176496786718749791e-06
-4.204080336523437500e-06
-4.955289210937499716e-06
-4.739282088867187164e-06
-3.962514755859375085e-06
-3.774545644335937510e-06
-4.166696322460936967e-06
-3.867910312109374808e-06
-2.696798851171874760e-06
-1.735686367187500010e-06
-1.380538233593750027e-06
-1.482390598437499902e-06
-2.271460323828124994e-06
-3.654287374609375028e-06
-4.500386794921874546e-06
-4.141710068164061999e-06
-3.709600456640624979e-06
-4.451654062304687591e-06
-5.811688308593749899e-06
-5.970570368359375048e-06
-4.256246294921874677e-06
-2.111815324999999843e-06
-1.246451693359374951e-06
-2.319716219531249818e-06
-4.625699535937499596e-06
-6.079956756445311969e-06
-5.442044332812499450e-06
-3.941533931640625236e-06
-3.404997035937499826e-06
-4.320142441406250182e-06
-5.861851551953124517e-06
-6.668945712695312003e-06
-5.804821857031249456e-06
-4.328820873242187654e-06
-4.563138532812499412e-06
-6.252857821484375029e-06
-7.044979303124999494e-06
-6.531902783593749471e-06
-5.549618740624999342e-06
-4.290673920117187542e-06
-3.093717898437499760e-06
-2.607916450390624711e-06
-3.405664607617187487e-06
-5.304715301562499894e-06
-7.075020028710937030e-06
-7.675929907812499228e-06
-7.180782456249999893e-06
-6.408688124999999322e-06
-6.101223682812499690e-06
-6.674190918750000101e-06
-8.297534508984374252e-06
-9.945864353515625065e-06
-9.714598450195312469e-06
-7.737727971874999833e-06
-6.358429514257812362e-06
-6.257530823242187384e-06
-6.301876656249999855e-06
-6.465145615624999487e-06
-6.864162745312499387e-06
-6.997677081249999356e-06
-6.846901249023436784e-06
-6.382271359960937538e-06
-5.213544083593749838e-06
-3.389642887304687440e-06
-2.038000970703124733e-06
-2.466963458593749827e-06
-4.388806957031249536e-06
-5.835339419531249545e-06
-5.689808793359375071e-06
-4.705045198437499829e-06
-3.301332690820312287e-06
-1.540373967187499861e-06
-4.022596207031249626e-07
-2.189635109374999807e-07
6.380077910156250191e-08
8.708949398437499083e-07
1.565360221484374828e-06
1.790713347070312513e-06
1.695441331640624998e-06
1.349543834179687383e-06
4.583356417968749683e-07
-8.571620367187499738e-07
-1.723288607421874868e-06
-1.676177120312499836e-06
-1.153849964648437444e-06
-1.162528396484374917e-06
-2.250479499609374721e-06
-3.526876551171874654e-06
-3.914544962304687709e-06
-3.493688701953124769e-06
-2.783773904296875015e-06
-1.889609323046874933e-06
-7.409091970703125033e-07
5.179402560546874844e-07
1.563643608593749929e-06
2.575110070703125038e-06
3.808496432617187398e-06
4.291436859179687121e-06
3.320310800000000001e-06
1.704405865624999919e-06
8.331294562500000092e-07
1.685999960742187523e-06
2.973459628710937277e-06
2.757738608789062174e-06
1.834105506249999876e-06
1.281928359765624844e-06
4.652020933593749885e-07
-8.191104509765624151e-07
-2.166365467968749792e-06
-3.522489651562499747e-06
-4.704663728906249616e-06
-5.493065882617186835e-06
-5.947109992187500085e-06
-6.082436308398437082e-06
-5.929753128515625140e-06
-5.663773497851562653e-06
-5.488774350390624693e-06
-5.714222843359375143e-06
-6.902118963671874816e-06
-8.739657695703124490e-06
-9.682841111718750246e-06
-9.095187298828124686e-06
-7.925601716015624219e-06
-7.389827759374999659e-06
-7.428356182031249984e-06
-6.430145786132812573e-06
-3.940770992578124810e-06
-1.986693318749999900e-06
-2.217005548242187387e-06
-3.536127187304687446e-06
-3.477380879492187274e-06
-1.644705883984374849e-06
-7.486339550781249466e-08
3.033636447265624901e-07
4.975316361328124245e-07
7.886882558593749847e-07
3.166197109374999761e-07
-1.142024409179687410e-06
-2.954386152148437221e-06
-4.329965281835937446e-06
-4.598805933984374411e-06
-4.034040292968749766e-06
-3.719995501367187138e-06
-4.460332494140625064e-06
-6.140705779296875123e-06
-7.673641090624999645e-06
-8.720298116992186986e-06
-9.923739120703124576e-06
-1.093940174765625012e-05
-1.109675792929687442e-05
-1.083068293124999959e-05
-1.082829874667968767e-05
-1.135539427148437475e-05
-1.182364812109374890e-05
-1.082248133632812467e-05
-8.623881692968748833e-06
-7.095905485546874538e-06
-6.249043126171874594e-06
-4.928490976367186873e-06
-3.697965635937499839e-06
-3.452489992578124648e-06
-3.550146192578124934e-06
-3.442285682617187171e-06
-3.526399714257812523e-06
-3.677270913867187437e-06
-2.902029458984374938e-06
-1.331519398828124989e-06
-5.327222003906249748e-07
-6.738659269531249654e-07
-3.993985992187500072e-07
1.322745599609374911e-07
-4.776952205078124722e-07
-1.932333910546875058e-06
-2.821539387890624914e-06
-3.291986687304687153e-06
-4.454038246874999516e-06
-5.901905852734374846e-06
-6.171032607031249683e-06
-5.388066394140624397e-06
-4.855821030664062401e-06
-4.780480798242187285e-06
-4.744336560156249732e-06
-4.701993442187499820e-06
-5.037305160156249745e-06
-6.083389982226562191e-06
-7.208629732031249339e-06
-7.869621062304686608e-06
-8.330913092968749667e-06
-9.153170667578124857e-06
-1.074656889960937381e-05
-1.249617890468749897e-05
-1.365908877070312368e-05
-1.453408450800781179e-05
-1.579426910449218741e-05
-1.724833559023437510e-05
-1.790446318398437533e-05
-1.753634508632812404e-05
-1.673564054023437360e-05
-1.564768943710937295e-05
-1.381205805273437519e-05
-1.150617010371093733e-05
-1.026429604472656175e-05
-1.055316384726562515e-05
-1.041335526406249879e-05
-8.463759857226561551e-06
-6.175419506640625014e-06
-5.216405105078125164e-06
-5.040738385937499967e-06
-4.378316544921875035e-06
-3.619192177734374925e-06
-3.711698539062499879e-06
-3.508566013671875024e-06
-1.933669053906249956e-06
-2.801893707031249751e-07
6.850239107421874452e-07
1.626299979101562454e-06
2.002333569531249734e-06
1.243972141406249838e-06
6.034847984374999707e-07
9.380335773437499994e-07
2.032183560351562586e-06
3.603933396484374880e-06
5.106255777929686971e-06
5.850025996484374694e-06
5.244347748242186952e-06
3.443430091210937386e-06
1.941298444531249978e-06
2.174376328125000027e-06
4.298494045507812248e-06
7.177921434765624567e-06
8.684535348437499646e-06
7.892032397265624121e-06
6.369873600195311972e-06
5.453488418749999907e-06
4.731557330859374801e-06
4.024217452539062502e-06
3.722379685937499910e-06
3.527162653320312526e-06
3.008268723437499933e-06
2.642725545117187366e-06
3.352735710156249884e-06
4.655740261523437131e-06
4.732701739453124592e-06
3.228758112499999732e-06
1.440142847851562331e-06
5.156514388671874777e-07
6.843563390624999962e-07
7.659908187499999181e-07
-2.197264499999999829e-07
-1.620482568749999884e-06
-2.868269405468749734e-06
-3.470323693164062147e-06
-2.128027780078124997e-06
1.268100089257812462e-06
4.647634033984374554e-06
5.776402376953125113e-06
4.706380341796875150e-06
3.049658167578124736e-06
1.606558930859374949e-06
7.516857113281249820e-07
6.679531492187499481e-07
1.023768854492187486e-06
1.705836376367187370e-06
2.100657341210937258e-06
1.382827050781250034e-06
3.301618792968749629e-07
5.441662863281250084e-07
2.058886427539062241e-06
3.027532934765624671e-06
2.285479329101562482e-06
1.064204624804687393e-06
7.129665539062499743e-07
9.519572152343749343e-07
1.089763083398437468e-06
9.583468298828124001e-07
8.177753076171874112e-07
5.185124603515624861e-07
-4.215238320312499662e-07
-1.568316610351562496e-06
-2.129267556054687553e-06
-2.424334238476562466e-06
-2.921484405078124784e-06
-2.919386322656249883e-06
-1.577185776953124863e-06
6.815906849609374352e-07
2.289389391796874835e-06
2.557562472265624987e-06
2.661512919531249974e-06
3.484914902734374955e-06
4.484651176757811947e-06
4.938695286328124350e-06
4.804894848242187357e-06
4.840657616796874697e-06
5.966946407812499296e-06
8.004279806835936368e-06
9.447283676171873814e-06
9.084315417187499125e-06
7.735725256835937274e-06
6.939979814648437057e-06
6.530663007617187338e-06
6.237217570703124771e-06
7.136531990624999763e-06
9.027857926562499806e-06
1.015099959394531205e-05
1.021365596445312373e-05
1.065625598808593737e-05
1.212682103105468724e-05
1.324519432929687395e-05
1.279420197597656240e-05
1.171912546953124987e-05
1.102408798359374995e-05
1.039809648281249874e-05
9.277148265234373738e-06
7.579799585937499793e-06
5.752560531249999938e-06
3.518388854101562288e-06
5.254742792968749536e-07
-1.850699430859374818e-06
-2.174757797656249816e-06
-1.284407911718749957e-06
-1.056098397265625028e-06
-2.038096338085937498e-06
-3.525350673046874650e-06
-4.387185711523437190e-06
-3.957937121484375072e-06
-2.897642559375000031e-06
-2.230261614453124873e-06
-2.276800897265625010e-06
-2.844904396679687536e-06
-3.643034023437499677e-06
-4.295919126171874793e-06
-4.091642192187499723e-06
-2.896784252929687264e-06
-1.779650730664062481e-06
-1.476668555468749886e-06
-1.449965688281250019e-06
-5.695340101562499770e-07
1.571463733984374846e-06
3.973672739648437671e-06
5.683228443945312499e-06
6.781383857031249780e-06
7.217975735546874896e-06
6.884189895703124976e-06
6.409737166210937619e-06
5.879875987304687546e-06
5.050847328515625102e-06
4.435536974609374779e-06
3.867338107812499912e-06
2.845571968359374773e-06
1.744746268554687484e-06
8.361812124999999123e-07
1.703261457031249968e-07
-5.830761785156250167e-07
-2.050398730468749875e-06
-3.502081031640624793e-06
-3.929517641406249883e-06
-4.168508302734374843e-06
-5.423256958398436842e-06
-7.352443745312499973e-06
-8.807559272265625113e-06
-9.251399071874999192e-06
-8.673568099414061743e-06
-7.164379266406250056e-06
-5.321118491406249730e-06
-3.787610975781249890e-06
-2.671907964257812557e-06
-1.835059180078124984e-06
-8.582110779296874240e-07
2.025603210937499855e-07
7.511135070312499803e-07
1.268481558789062463e-06
2.605436898437500021e-06
4.171369324218750169e-06
5.264661000781249565e-06
6.343266100390624659e-06
7.625575929687499927e-06
8.560653118164061412e-06
8.605189685937499413e-06
7.822223473046874975e-06
6.807323785156249856e-06
5.860611775976562384e-06
4.947087616015624798e-06
4.466817476171874447e-06
5.240819155078124389e-06
6.954189554687499652e-06
8.158107395312498949e-06
8.543582356640625186e-06
8.666224810937499592e-06
8.250804491406249009e-06
7.035251830078124572e-06
5.769822027539062541e-06
4.795644212109374989e-06
3.887937462499999549e-06
3.138826670507812233e-06
2.302740825390625086e-06
1.416873206445312475e-06
1.039313737890624979e-06
7.610317148437500094e-07
-5.491253902343750230e-07
-2.966974646679687470e-06
-4.896542903124999967e-06
-4.763982241015625108e-06
-3.272245639062499860e-06
-2.237891005078124896e-06
-1.579569961523437423e-06
-3.795621835937499887e-08
1.763724377734374987e-06
1.521300490625000017e-06
-9.498591328124999282e-07
-3.143690407031249695e-06
-4.114434996679687449e-06
-5.128571745507812142e-06
-5.979725637109375075e-06
-5.253503016992186979e-06
-3.562639319726562418e-06
-2.849195928906249678e-06
-3.543089006249999808e-06
-4.255101886328124885e-06
-3.615568217187500020e-06
-2.001570630468749732e-06
-7.667537578124999203e-07
-5.386349781249999922e-07
-1.233100259765624912e-06
-1.857470515039062497e-06
-1.238822302734374929e-06
-2.981184386718749747e-07
-1.134490385937499940e-06
-3.573988038281249687e-06
-5.566212665234374708e-06
-6.410690840039061880e-06
-6.447121180273437305e-06
-5.582806589843750075e-06
-4.099653052343749958e-06
-2.940081044726562285e-06
-3.136156383789062437e-06
-5.161473492578125003e-06
-7.954879502539062176e-06
-9.667391595703123824e-06
-1.015719847382812441e-05
-1.059588843476562528e-05
-1.095284854863281229e-05
-1.073960708066406272e-05
-1.038245623203124933e-05
-1.058253700117187376e-05
-1.153659229882812507e-05
-1.242665608261718685e-05
-1.210612630898437526e-05
-1.057328636503906139e-05
-9.218401957421874836e-06
-9.548086999804686451e-06
-1.130160706757812438e-05
-1.229085292949218730e-05
-1.130856888652343717e-05
-9.410853335937500083e-06
-7.649894612304687657e-06
-6.076428163281249405e-06
-5.008790312695312214e-06
-5.304715301562499894e-06
-6.421085884765624887e-06
-6.542774665234375033e-06
-5.725666929296874753e-06
-5.608746517968750151e-06
-6.580158679296874719e-06
-7.364460035546874479e-06
-7.567974030468749970e-06
-9.089083786328124668e-06
-1.228818264277343666e-05
-1.461047378164062435e-05
-1.517094789042968685e-05
-1.550721328222656189e-05
-1.605261934453124903e-05
-1.563805733144531121e-05
-1.413077584609374890e-05
-1.303796100644531205e-05
-1.288985546093750013e-05
-1.251181915546875008e-05
-1.150054342812499901e-05
-1.101893814492187504e-05
-1.125735660195312510e-05
-1.111039546503906127e-05
-1.061572485039062449e-05
-1.080264492070312377e-05
-1.202401499238281204e-05
-1.312522216171875018e-05
-1.258391689687499881e-05
-1.124400516835937527e-05
-1.086472908691406140e-05
-1.121892354667968712e-05
-1.192235336230468664e-05
-1.293181710937499983e-05
-1.309117600605468668e-05
-1.172398920605468775e-05
-9.728712822851562722e-06
-8.299441856640624469e-06
-7.717414719335937220e-06
-7.283397760156249559e-06
-6.518455982617187302e-06
-6.155487723632812614e-06
-6.941887162304687274e-06
-8.228202421679686813e-06
-9.007353939257812511e-06
-8.799548412109374878e-06
-7.241531479101562200e-06
-4.642293460546874962e-06
-2.750395320312500023e-06
-3.192041670117187283e-06
-4.870602974999999891e-06
-5.835244052148437204e-06
-6.415268474414061894e-06
-7.058235369335936980e-06
-7.235714068750000054e-06
-7.511135070312499592e-06
-8.293910548437500194e-06
-8.782191548437499933e-06
-9.129328821874998834e-06
-9.890169801953124478e-06
-1.052073893710937485e-05
-1.081046504609374932e-05
-1.093348896992187479e-05
-1.081723613027343742e-05
-1.050567089062499948e-05
-1.013907867109374904e-05
-1.019334271191406281e-05
-1.063193730546874964e-05
-1.078519268964843648e-05
-1.054934915195312472e-05
-9.932036083007811836e-06
-9.209818892968748858e-06
-9.246821437500000025e-06
-9.715838226171874602e-06
-9.451098371484374248e-06
-9.009356654296875070e-06
-9.832567902734375368e-06
-1.203374246542968612e-05
-1.481436924609374921e-05
-1.682652565605468578e-05
-1.668995956386718581e-05
-1.487273408437499874e-05
-1.331118855820312435e-05
-1.281279861562499948e-05
-1.278189958359375002e-05
-1.288956935878906141e-05
-1.282109557792968674e-05
-1.221103043007812366e-05
-1.126260180800781235e-05
-1.002521001601562530e-05
-8.440967052734374673e-06
-6.825538955273437568e-06
-6.142708494335936835e-06
-7.068248944531249774e-06
-8.709903072265624826e-06
-1.040706101679687409e-05
-1.237286887871093648e-05
-1.364316241777343724e-05
-1.305951403496093680e-05
-1.139802349160156254e-05
-1.040973130351562473e-05
-1.061238699199218746e-05
-1.060971670527343681e-05
-9.865374282421875040e-06
-1.018313840195312534e-05
-1.224727003554687441e-05
-1.454428881796874926e-05
-1.604785097539062518e-05
-1.640204543515625090e-05
-1.523760969101562365e-05
-1.343383101249999876e-05
-1.258467983593749923e-05
-1.324176110351562457e-05
-1.462258543925781205e-05
-1.526946239687499991e-05
-1.463708128144531166e-05
-1.345690991914062435e-05
-1.257209134140624983e-05
-1.238612494492187397e-05
-1.282529174277343654e-05
-1.336764604882812367e-05
-1.377629528417968615e-05
-1.425017580937499861e-05
-1.452082844179687430e-05
-1.432179671386718733e-05
-1.350678706035156195e-05
-1.208991385390625011e-05
-1.108493237382812375e-05
-1.100129517910156137e-05
-1.121806524023437435e-05
-1.145533928867187462e-05
-1.156234149218749962e-05
-1.123151204121093652e-05
-1.062907628398437432e-05
-1.035003132187499903e-05
-1.055745537949218729e-05
-1.066016605078125015e-05
-1.006526431679687478e-05
-8.472056819531248811e-06
-6.108376236523437158e-06
-4.174421080468750178e-06
-3.738115304101562509e-06
-3.929517641406249883e-06
-3.182409564453124702e-06
-2.077101597656249953e-06
-1.941679914062499768e-06
-2.251719275585937277e-06
-2.006148264843749745e-06
-1.175116891015624954e-06
-5.683896015624999471e-08
9.984964980468748591e-07
1.098822984765624942e-06
-1.939772566406249868e-07
-1.551722685742187341e-06
-2.002238202148437392e-06
-2.305411112109374882e-06
-2.793215275195312490e-06
-2.801989074414062304e-06
-2.332876918359374963e-06
-2.333925959570312413e-06
-3.166006374609374866e-06
-3.956888080273437622e-06
-4.633138191796874935e-06
-6.226059586914062186e-06
-8.079524671874999142e-06
-8.355994714648437823e-06
-7.001491776562499790e-06
-5.680653524609375044e-06
-5.515858687109374561e-06
-6.027123226367187555e-06
-6.257435455859375042e-06
-6.211945214257811932e-06
-6.288334487890624498e-06
-6.740566617187499872e-06
-8.225246032812499146e-06
-1.021270229062500032e-05
-1.057929451015624906e-05
-9.021849781445312130e-06
-7.826324270507812434e-06
-8.391376013671874104e-06
-9.258074788671874953e-06
-8.747668555859374726e-06
-7.819839288476561356e-06
-7.878871698437498976e-06
-8.283229401562499316e-06
-8.107467315039062624e-06
-7.361694381445312341e-06
-6.501766690624999595e-06
-6.152626702148437288e-06
-6.025025143945311808e-06
-5.707737861328124912e-06
-6.021210448632812220e-06
-6.867691338476561951e-06
-7.046219079101562474e-06
-6.535240641992187352e-06
-5.617711051953124648e-06
-4.207132092773437509e-06
-2.941225453320312500e-06
-2.630995357031249884e-06
-3.322027412890624688e-06
-4.314229663671874847e-06
-4.864690197265624556e-06
-4.815003790820312493e-06
-4.393479958789061891e-06
-4.170797119921874426e-06
-4.669377797265624830e-06
-5.434414942187499428e-06
-5.593678471484374789e-06
-5.148217426367187517e-06
-4.677674759570312090e-06
-4.583547152734374366e-06
-4.841420555859375123e-06
-5.136201136132812164e-06
-5.352494360351562587e-06
-5.463406626562499513e-06
-5.556962029101562340e-06
-5.902191954882811871e-06
-6.384274075000000097e-06
-6.861301723828124908e-06
-7.272239776367186973e-06
-6.971641785742186938e-06
-6.114861218554687389e-06
-5.760285289257812301e-06
-5.620095236523437419e-06
-4.834554104296874679e-06
-3.874586028906249721e-06
-3.417871632617187523e-06
-2.911566197265624755e-06
-2.003191875976562501e-06
-1.049899517382812457e-06
1.087188164062500013e-07
1.164817213671874924e-06
1.088714042187500018e-06
-2.880094960937499848e-08
-1.196193082617187357e-06
-1.768492746874999895e-06
-1.620864038281249885e-06
-8.293147609374999980e-07
5.922314472656249377e-07
1.862334251562499958e-06
1.931857073632812504e-06
1.266860313281249905e-06
8.468623593749999436e-07
5.754467878906249943e-07
7.486339550781249466e-08
-6.585117783203124733e-07
-1.718901707812499961e-06
-3.068540909374999686e-06
-3.883073725976562511e-06
-3.242491015624999773e-06
-2.073000800195312494e-06
-2.267645628515624983e-06
-3.565214239062499873e-06
-4.438588730859374788e-06
-4.670236103710937597e-06
-4.738805251953124610e-06
-4.775044857421874505e-06
-4.768655242773437462e-06
-4.948804228906249485e-06
-5.669400173437500117e-06
-6.238552714062500093e-06
-5.545517943164061883e-06
-4.098317908984374637e-06
-3.008077988671874826e-06
-2.693937829687499857e-06
-3.938768277539062251e-06
-6.656166483398437071e-06
-8.363910207421874023e-06
-8.021732037890625348e-06
-7.621951969140625023e-06
-8.149142861328125299e-06
-9.227175756640623803e-06
-1.108550457812499949e-05
-1.324662484003906246e-05
-1.410521738749999903e-05
-1.344165113789062431e-05
-1.280364334687499945e-05
-1.279038728066406196e-05
-1.226777402285156170e-05
-1.087846199003906228e-05
-9.649367160351562489e-06
-9.045310157617187093e-06
-9.505076310156249301e-06
-1.154822711953124937e-05
-1.346759106601562354e-05
-1.282090484316406205e-05
-1.011990982714843622e-05
-7.881541985156249620e-06
-7.550044962499999282e-06
-8.924861153124999928e-06
-1.108970074296874929e-05
-1.263598748789062364e-05
-1.233424508867187381e-05
-1.091918386249999985e-05
-9.580225807812499733e-06
-8.077235854687499558e-06
-6.294247265624999833e-06
-4.461381535351562514e-06
-2.774237166015624775e-06
-1.925467458984375038e-06
-2.192305396093749868e-06
-2.511118556835937191e-06
-2.189730476757812413e-06
-2.383421631249999793e-06
-3.998754361328124980e-06
-5.547902127734374655e-06
-5.184552399218749753e-06
-3.296850423828125038e-06
-1.000594580468749971e-06
1.032638021093749853e-06
1.714419440820312501e-06
2.928732326171875123e-07
-2.211855709570312478e-06
-3.800104102929687373e-06
-4.033658823437499553e-06
-4.034040292968749766e-06
-4.173467406640625069e-06
-4.297158902148436926e-06
-4.686925395703124458e-06
-5.589482306640624988e-06
-7.190796031445311840e-06
-8.881755096093748743e-06
-9.331889142968749216e-06
-8.883090239453124911e-06
-9.021945148828124471e-06
-9.180159636914061536e-06
-8.177562341406248794e-06
-6.918712888281249336e-06
-6.119248118164061872e-06
-4.975125626562499774e-06
-3.340719419921874955e-06
-2.006911203906249747e-06
-1.183032383789062424e-06
-8.149142861328125087e-07
-1.125907321484375021e-06
-2.000616956640625047e-06
-2.761744038867187292e-06
-2.550409918554687519e-06
-1.496981808007812498e-06
-5.411145300781249995e-07
-1.109122662109374945e-07
-5.165097453124999273e-07
-1.809977558398437464e-06
-2.668570105859374677e-06
-1.612471708593749861e-06
8.037563023437499230e-07
2.457998924609374906e-06
2.178095656054687273e-06
1.110457805468749870e-06
8.855815167968749513e-07
1.541232273632812416e-06
2.370642401953124862e-06
2.917288240234374983e-06
2.603529550781249804e-06
1.439379908789062329e-06
8.603091603515624301e-07
1.287745770117187414e-06
1.504325096484374861e-06
1.463793958789062401e-06
1.193904265429687350e-06
-1.171111460937499995e-07
-2.024649537109374905e-06
-3.685949345703124909e-06
-4.717347590820312206e-06
-4.288194368164062429e-06
-2.660368510937499759e-06
-2.014159124999999980e-06
-3.396795441015624908e-06
-4.707524750390624942e-06
-3.833768789062499813e-06
-1.826666850390624960e-06
-4.109380525390624881e-07
8.109088560546874970e-07
2.563856719531249687e-06
3.994176726953124966e-06
4.343221348046874932e-06
4.312608418164062501e-06
4.410073883398437257e-06
4.555032305273437683e-06
5.097005141796874602e-06
6.009384893164062397e-06
6.457134755468750099e-06
6.048008683203125063e-06
5.510327378906249439e-06
5.316731591796874400e-06
4.842183494921874702e-06
3.959558366992187418e-06
2.811716547460937226e-06
1.157378557812500008e-06
-3.833768789062499999e-08
4.062650507812500009e-08
2.840040660156249862e-07
1.452445240234375026e-07
4.209516277343749645e-07
1.076983854101562536e-06
1.433562498437499971e-06
1.179408423242187519e-06
3.969190472656249999e-07
-3.795621835937499887e-08
6.399151386718749717e-07
1.877783767578124898e-06
2.891348312109374907e-06
3.549001783984374719e-06
3.779886217773437526e-06
3.783319443554687324e-06
4.286668490039062425e-06
4.987141916796875127e-06
4.839608575585937247e-06
4.208371868749999642e-06
3.911588573437500042e-06
3.829095787304687459e-06
3.766248682031249827e-06
3.812597230078124857e-06
4.138372209765624966e-06
4.923817974609374518e-06
5.620476706054687632e-06
5.426976286328124935e-06
4.835507778124999788e-06
4.634282600390624727e-06
4.722115959960936902e-06
4.920384748828125143e-06
5.151364549999999868e-06
5.320069450195312280e-06
5.395028213085937183e-06
5.216691207226562189e-06
5.038258833984374853e-06
5.556199090039061914e-06
6.542965399999999716e-06
7.191082133593749711e-06
7.347580008789062088e-06
6.988712547265624859e-06
6.383797238085937543e-06
6.369873600195311972e-06
6.721493140624999392e-06
6.200405760937499981e-06
4.649446014257812430e-06
3.108976679687499804e-06
1.817130112109374932e-06
3.081320138671875041e-07
-3.103254636718750105e-07
1.138972652929687401e-06
3.243635424218749988e-06
4.254911151562500202e-06
4.358194027148437105e-06
4.199025865234374932e-06
3.859231880273437335e-06
3.417585530468749651e-06
2.721975840234374834e-06
1.873969072265624887e-06
1.948260263476562340e-06
3.242872485156249986e-06
4.510114267968749469e-06
4.885861756249999936e-06
4.858014480468749642e-06
5.050275124218749359e-06
5.607792844140625042e-06
6.316277131054687133e-06
6.401535571289061853e-06
5.803677448437499664e-06
5.362698670312500064e-06
5.098435652539062265e-06
4.141900802929687529e-06
1.744078696874999823e-06
-1.845644959570312462e-06
-5.026528645898437372e-06
-5.928990189453124714e-06
-4.822919283593749539e-06
-4.160306707812499924e-06
-5.305573608007812661e-06
-7.435508735742187452e-06
-8.593364130468750437e-06
-7.532497364062499654e-06
-5.629918076953124684e-06
-4.902932517773437009e-06
-5.120274783203124882e-06
-4.742619947265625045e-06
-3.152750308398437380e-06
-1.234721505273437470e-06
-7.038112851562499474e-07
-2.068137063671875033e-06
-3.515527832617187386e-06
-3.517625915039062286e-06
-2.511595393749999746e-06
-1.102160843164062399e-06
6.671902101562499459e-07
2.509878780859375058e-06
3.798864326953124817e-06
4.089353375000000140e-06
3.774450276953124745e-06
3.441713478320312275e-06
3.190229689843749831e-06
3.197096141406249851e-06
3.222845334765624821e-06
2.425192544921874810e-06
5.366322630859374334e-07
-2.101897117187499814e-06
-4.690453988867187021e-06
-6.321617704492187572e-06
-6.658264565820311971e-06
-5.734726830664062438e-06
-4.034612497265624662e-06
-2.167795978710937455e-06
-6.740566617187499660e-07
-3.928182498046874879e-07
-1.177787177734374962e-06
-1.568125875585937389e-06
-1.028727958398437501e-06
-2.716063062500000028e-07
3.641126675781249566e-07
1.121043584960937348e-06
2.255629338281250054e-06
3.324888434375000014e-06
3.071115828710937564e-06
1.393985034570312408e-06
-3.009794601562499831e-07
-1.141547572265624855e-06
-1.453971118359374925e-06
-1.630686878710937361e-06
-1.360415715820312521e-06
-6.041523701171874197e-07
3.473280082031249603e-07
1.376914273046874911e-06
2.032088192968749821e-06
2.042960074609374959e-06
1.871012683398437431e-06
2.105330342968750036e-06
2.910421788671874963e-06
3.929994478320312437e-06
4.760739749999999569e-06
5.354401708007811958e-06
5.849167690039061927e-06
6.175324139257811825e-06
5.467602791406250160e-06
2.929304530468749913e-06
-2.225874714843749913e-07
-1.834200873632812429e-06
-2.012633246874999976e-06
-2.674959720507812566e-06
-3.941629299023437577e-06
-4.518697332421874600e-06
-4.531571929101561873e-06
-4.736516434765625027e-06
-5.296132237109374763e-06
-6.311985598828124991e-06
-7.587428976562499815e-06
-8.548541460546875412e-06
-9.024996905078124480e-06
-9.120841124804686891e-06
-9.596533630273437228e-06
-1.159810426074218696e-05
-1.393565418085937470e-05
-1.407107586445312489e-05
-1.226128904082031232e-05
-1.115970040195312481e-05
-1.211957310996093743e-05
-1.367263093906249988e-05
-1.371077789218749915e-05
-1.216534945371093757e-05
-1.034326023769531262e-05
-9.231181186718748921e-06
-9.396166758984374087e-06
-1.105117232031249897e-05
-1.360854405781249969e-05
-1.549281280742187292e-05
-1.511782825820312457e-05
-1.238507590371093652e-05
-8.927245337695311852e-06
-6.697269825390624851e-06
-6.578632801171874714e-06
-7.889362110546875172e-06
-8.837504630468749460e-06
-8.535190026953123890e-06
-8.104129456640623896e-06
-8.788771897851561658e-06
-1.010922868027343704e-05
-1.066836764570312507e-05
-1.004838429003906154e-05
-9.090132827539062119e-06
-8.579440492578124867e-06
-8.497710645507812710e-06
-8.597655662695312579e-06
-8.811469334960937889e-06
-8.963771045312499618e-06
-9.213061383984375244e-06
-1.018704846464843642e-05
-1.149157889414062367e-05
-1.190585480507812446e-05
-1.176671379355468618e-05
-1.237000785722656115e-05
-1.333979877304687422e-05
-1.323718346914062371e-05
-1.157101992402343624e-05
-9.286780370898437166e-06
-8.157916660546874266e-06
-8.980651072070312856e-06
-1.067218234101562381e-05
-1.178836218945312496e-05
-1.177758567519531175e-05
-1.103991896914062404e-05
-1.049231945703124966e-05
-1.057424003886718650e-05
-1.104754835976562491e-05
-1.174153680449218738e-05
-1.248931245312500022e-05
-1.233882272304687467e-05
-1.071042466152343711e-05
-8.925433357421873977e-06
-7.958121993554686868e-06
-7.032772278124999459e-06
-6.187721899023437391e-06
-6.531998150976561813e-06
-8.179851158593750071e-06
-1.018485501484374918e-05
-1.135892286464843647e-05
-1.134509459414062493e-05
-1.119126700566406235e-05
-1.140670192343749916e-05
-1.127128023984374898e-05
-1.128034014121093666e-05
-1.254920316953124892e-05
-1.408366435898437429e-05
-1.375397931660156267e-05
-1.070670533359374901e-05
-6.350132551953125103e-06
-3.608511030859374894e-06
-3.758237821875000015e-06
-5.219456861328125173e-06
-6.006714606445312601e-06
-5.408188911914062327e-06
-4.374311114843749917e-06
-4.375646258203124392e-06
-5.265423939843749991e-06
-5.818268658007812472e-06
-5.638691876171874498e-06
-4.949948637500000124e-06
-3.706739435156249653e-06
-2.241610333007812565e-06
-1.511668384960937435e-06
-1.500605768554687403e-06
-1.072120117578124863e-06
-1.667021851562499862e-07
9.536738281249999030e-10
-1.424693331835937392e-06
-4.054639647656249403e-06
-6.529518599023437547e-06
-8.126254689453124385e-06
-8.926196296484374402e-06
-9.185214108203124103e-06
-9.387297592382812779e-06
-9.296793946093749960e-06
-8.200450513281249708e-06
-6.397148671679687370e-06
-5.394456008789062287e-06
-6.154915519335936871e-06
-7.824416922851562217e-06
-9.346957189453124578e-06
-1.042632522812499925e-05
-1.053857263769531150e-05
-9.872145366601561448e-06
-1.050700603398437396e-05
-1.299409201035156214e-05
-1.489972305371093712e-05
-1.527499370507812588e-05
-1.537284063984375085e-05
-1.547269028964843668e-05
-1.522444899218749851e-05
-1.524447614257812409e-05
-1.598881856542968587e-05
-1.700562560097656120e-05
-1.812056567343750023e-05
-1.896485311347656017e-05
-1.867360112636718824e-05
-1.752776202187499976e-05
-1.667193512851562447e-05
-1.656464682285156245e-05
-1.747292577675781024e-05
-1.964243836835937281e-05
-2.168721042324218607e-05
-2.195385762558593664e-05
-2.117003310624999943e-05
-2.078980335097656214e-05
-2.095106959531249752e-05
-2.109783999746093667e-05
-2.040785698281249931e-05
-1.861132622539062254e-05
-1.699217879999999903e-05
-1.636885758593749848e-05
-1.570853382734374844e-05
-1.490639877050781118e-05
-1.568707616621093604e-05
-1.844080934492187479e-05
-2.074011694453124923e-05
-2.044237997539062452e-05
-1.827181834257812451e-05
-1.639289016640624918e-05
-1.616152889570312255e-05
-1.727246353808593646e-05
-1.858099939765625052e-05
-1.927861180292968535e-05
-1.885289180605468495e-05
-1.724871705976562447e-05
-1.571253925742187356e-05
-1.545714540624999961e-05
-1.604270113671874858e-05
-1.630000233554687274e-05
-1.548785370351562438e-05
-1.395882845488281264e-05
-1.320485392636718744e-05
-1.408089870488281130e-05
-1.563243065585937460e-05
-1.596078055488281343e-05
-1.402444121425781198e-05
-1.128405946914062476e-05
-1.011952835761718686e-05
-1.064834049531249948e-05
-1.110400585039062423e-05
-1.101664932773437376e-05
-1.153344517519531272e-05
-1.248444871660156234e-05
-1.204366067324218657e-05
-9.829706881250000042e-06
-7.781596967968749750e-06
-7.223697778515624701e-06
-7.718559127929687012e-06
-8.634658207226562053e-06
-9.760279426562500261e-06
-1.103944213222656233e-05
-1.241511662929687490e-05
-1.353644631640624927e-05
-1.423720584531249984e-05
-1.502532189687499919e-05
-1.569737584355468586e-05
-1.522940809609374873e-05
-1.396760225410156161e-05
-1.331357274277343628e-05
-1.342248229394531149e-05
-1.341618804667968679e-05
-1.284770307773437405e-05
-1.166982053261718632e-05
-1.034011311406250027e-05
-9.888930025976562345e-06
-1.005610904804687475e-05
-9.497351552148437784e-06
-8.350940243359375256e-06
-7.560821476757812502e-06
-7.014175638476562380e-06
-6.508442407421874508e-06
-6.430717990429687469e-06
-6.638904987109374468e-06
-6.310650455468749669e-06
-5.062863618749999608e-06
-3.441808845703125040e-06
-2.177809553906249825e-06
-1.859091760546874843e-06
-2.641008932226562255e-06
-3.803537328710937172e-06
-4.325673749609374457e-06
-3.580949857226562472e-06
-2.172755082617187257e-06
-1.486968232812499916e-06
-1.824568767968749848e-06
-2.629278744140624773e-06
-3.579805448632812257e-06
-4.332254099023437029e-06
-4.794404436132812009e-06
-5.509278337695311988e-06
-6.733318696093750062e-06
-7.985110962890625241e-06
-8.837218528320312435e-06
-8.906550615624999874e-06
-7.629104522851562491e-06
-5.832287663281249536e-06
-5.425164306054687059e-06
-6.674381653515624783e-06
-8.029456795898436865e-06
-8.320422680859375166e-06
-8.404727447265623931e-06
-9.502692125585937376e-06
-1.063203267285156198e-05
-1.026906441386718730e-05
-8.505626138281248910e-06
-6.701370622851562310e-06
-6.181999856054687586e-06
-7.157226712695311741e-06
-9.012980614843749128e-06
-1.055364068417968686e-05
-1.093921101289062374e-05
-1.057414467148437416e-05
-1.011599976445312514e-05
-1.002330266835937508e-05
-1.039847795234374980e-05
-1.069964814726562389e-05
-1.100749405898437373e-05
-1.211299276054687401e-05
-1.356515189863281148e-05
-1.444472527031249876e-05
-1.500825113535156127e-05
-1.524438077519531175e-05
-1.484622195195312377e-05
-1.484688952363281186e-05
-1.540011571132812455e-05
-1.511439503242187350e-05
-1.412085763828125014e-05
-1.344985273281249923e-05
-1.321362772558593641e-05
-1.286486920664062431e-05
-1.205272057460937426e-05
-1.112746622656249919e-05
-1.039056245957031191e-05
-9.736056111328124873e-06
-8.898730490234374322e-06
-7.821746636132811574e-06
-6.834980326171874619e-06
-6.227776199804686873e-06
-6.356712901367186828e-06
-7.444568637109374290e-06
-8.763881010937499879e-06
-9.269614241992186904e-06
-8.899493429296874747e-06
-8.215518559765625070e-06
-7.430740366601561909e-06
-6.720920936328124496e-06
-6.296917552343749629e-06
-5.585667611328124554e-06
-4.196832415429687690e-06
-3.025530219726562536e-06
-3.119657826562499836e-06
-4.335305855273437038e-06
-5.130479093164062359e-06
-4.967877705468749965e-06
-5.469128669531249318e-06
-7.073875620117187238e-06
-7.945247396875000442e-06
-7.503601047070311911e-06
-7.329269471289062034e-06
-7.760616143749999053e-06
-7.691284056445311614e-06
-6.845566105664062309e-06
-5.376145471289062233e-06
-3.750322329101562122e-06
-3.035543794921874907e-06
-3.407953424804687493e-06
-3.870008394531249708e-06
-3.560064400390624963e-06
-2.565954801953125011e-06
-1.950835182812499795e-06
-2.438925448046874850e-06
-3.841684281835937707e-06
-5.529019385937499705e-06
-6.567570184765624470e-06
-6.780620917968749354e-06
-6.932922628320311930e-06
-7.782932111328124224e-06
-9.521288765234374454e-06
-1.130504029335937376e-05
-1.202868799414062525e-05
-1.170749064882812388e-05
-1.079978389921875013e-05
-9.431071221093750354e-06
-8.346839445898437797e-06
-8.397193424023437097e-06
-9.307761195117187863e-06
-1.015376524804687504e-05
-1.053313669687499956e-05
-1.047667920625000025e-05
-9.493060019921873948e-06
-7.990546903710937175e-06
-7.470890034765624579e-06
-7.738014074023436857e-06
-7.705970633398437610e-06
-7.541843367578124364e-06
-7.768054799609375239e-06
-8.477588127734374780e-06
-9.648699588671874405e-06
-1.144618401992187460e-05
-1.396712541718749990e-05
-1.597661154042968583e-05
-1.544779940273437321e-05
-1.269969289960937446e-05
-1.052865442988281274e-05
-1.017875150234374916e-05
-1.046094358808593680e-05
-1.087474266210937419e-05
-1.151542073984374969e-05
-1.159915330195312441e-05
-1.064032963515624924e-05
-9.534449464062499599e-06
-9.767431980273437729e-06
-1.116837883378906144e-05
-1.225833265195312465e-05
-1.291178995898437424e-05
-1.333216938242187505e-05
-1.267165488906249864e-05
-1.113175775878906133e-05
-1.005897006953125008e-05
-1.003188573281249936e-05
-1.101607712343749971e-05
-1.237143836796874966e-05
-1.279954254941406199e-05
-1.160611512089843719e-05
-9.075160148437499098e-06
-6.040474659960937382e-06
-3.734395976171874840e-06
-2.913473544921874972e-06
-3.162668516210937409e-06
-3.907201673828124711e-06
-4.485509483203124714e-06
-4.317090685156250173e-06
-3.628919650781249848e-06
-2.434633915820312285e-06
-5.357739566406249838e-07
1.577185776953124863e-06
2.455137903125000004e-06
1.089572348632812362e-06
-1.231669749023437461e-06
-2.526472705468750001e-06
-2.546690590624999849e-06
-2.400587760156250055e-06
-2.622507659960937518e-06
-2.807615749999999767e-06
-2.881048634765624665e-06
-3.351019097265624773e-06
-4.636476050195311969e-06
-6.209942499218749374e-06
-6.648155623242186836e-06
-5.451581071093749690e-06
-4.074094593750000095e-06
-4.525563783984375043e-06
-6.930347708984374476e-06
-9.069819574999999506e-06
-9.207720810546873958e-06
-7.723136762304687872e-06
-5.572316177734374726e-06
-3.601549211914062532e-06
-2.893255659765624701e-06
-3.841588914453124519e-06
-5.323979512890625056e-06
-5.946728522656249872e-06
-5.765911964843749765e-06
-5.827900763671875053e-06
-6.535717478906249906e-06
-7.481189712109374398e-06
-8.467860654687499010e-06
-9.292120944335936758e-06
-9.411425540234374132e-06
-9.329695693164061974e-06
-9.863085465234373763e-06
-1.032428212851562448e-05
-9.935183206640624186e-06
-8.900065633593748796e-06
-7.259937383984374596e-06
-4.948041289843749906e-06
-3.032015201757812343e-06
-2.579687705078125051e-06
-2.920816833398437546e-06
-3.254221203710937254e-06
-3.762052517187500027e-06
-4.176328428124999548e-06
-4.172227630664062089e-06
-4.158876197070312261e-06
-4.215810524609374981e-06
-4.316899950390624643e-06
-4.660985467578124382e-06
-4.735753495703124601e-06
-4.273030954296874726e-06
-4.155347603906249698e-06
-4.332540201171874900e-06
-3.895185383593750205e-06
-3.279016723242187539e-06
-2.916716035937499664e-06
-2.223967367187499749e-06
-1.736163204101562353e-06
-2.610300634960937482e-06
-3.717229847265625001e-06
-3.198908121679687304e-06
-2.320479158593749820e-06
-3.621862464453124721e-06
-6.250187534765624386e-06
-7.307144238476562393e-06
-6.450077569140624972e-06
-6.121536935351562303e-06
-8.081718121679686383e-06
-1.107787518750000032e-05
-1.259154628749999967e-05
-1.189364778007812443e-05
-1.020183040898437476e-05
-8.959670247851562159e-06
-8.487410968164062891e-06
-8.456035099218750035e-06
-8.770079890820312238e-06
-9.230132145507811471e-06
-9.746927992968748740e-06
-1.000070059863281119e-05
-9.544367671875000051e-06
-8.963580310546874936e-06
-8.697982149414061815e-06
-8.456893405664062802e-06
-8.540149130859374117e-06
-8.654685357617187641e-06
-7.551189371093749921e-06
-6.030842554296874801e-06
-6.360336861914062580e-06
-8.061595603906250148e-06
-8.525081084374998755e-06
-7.517429317578124292e-06
-7.070060924804686803e-06
-7.467075339453124992e-06
-7.052036489453124621e-06
-4.997441594140624945e-06
-1.918791742187499701e-06
5.355832218749999832e-07
1.415156593554687364e-06
1.949500039453124897e-06
3.135393444726562435e-06
4.315278704882812297e-06
5.328366412499999540e-06
6.798073149023437488e-06
8.111186642968749023e-06
8.428473925585937613e-06
8.071609179101562942e-06
7.278915493164061887e-06
6.473156475781249722e-06
6.009861730078124951e-06
4.876420385351562037e-06
2.458285026757812354e-06
-2.326964140624999879e-08
-1.710604745507812490e-06
-2.744864012109374901e-06
-2.258967196679687510e-06
-1.335143359374999988e-09
2.143286561328125042e-06
3.220937987109375027e-06
3.651617087890624808e-06
3.017328624804687194e-06
1.437186458984374876e-06
8.611674667968750121e-08
-8.230205136718749795e-07
-1.169680950195312385e-06
-1.729964324218750047e-07
1.976202906640624975e-06
3.901574998242187248e-06
4.577729742382812220e-06
4.436681383203124571e-06
4.010579916796874803e-06
2.749537013867187256e-06
1.233290994531250019e-06
1.061438970703125044e-06
1.583193922070312328e-06
9.249682458984374081e-07
-7.133480234374999754e-07
-1.725672791992187428e-06
-1.510714711132812327e-06
-5.112645392578124648e-07
5.309102201171875225e-07
8.471484615234374974e-07
4.979131056640624256e-07
1.155852679687499950e-07
-1.377105007812499805e-07
-5.006787597656249470e-08
7.034298156249999463e-07
1.395987749609374967e-06
7.156368406249999821e-07
-1.516150651953124896e-06
-3.396986175781250014e-06
-2.992533105273437333e-06
-1.312827391796874934e-06
-4.476544949218749899e-07
-5.781170746093750021e-07
-5.247113402343749513e-07
5.027768421874999929e-07
1.798724207226562325e-06
2.067946328906249926e-06
1.079368038671874885e-06
-1.222609847656249881e-07
3.051756249999999690e-08
1.757811599999999864e-06
3.008364090820312274e-06
2.437781039453125059e-06
1.440619684765624886e-06
1.440524317382812333e-06
2.222727591210937192e-06
3.140924752929687557e-06
3.965852614257812119e-06
4.785344534765625170e-06
4.974553422265624878e-06
3.667638808203124855e-06
1.797770533398437428e-06
1.000594580468749971e-06
1.124095341210937357e-06
1.310920044140624929e-06
1.459120957031249834e-06
1.445197319140624899e-06
1.153563862499999996e-06
1.370620025781249998e-06
2.569101925585937362e-06
3.013990766406249738e-06
1.404570814062499886e-06
-4.503247816406249978e-07
-1.045607985156249891e-06
-1.057528908007812479e-06
-7.148739015624999799e-07
-8.859629863281249525e-08
-1.782416384765624936e-07
-1.195334776171875013e-06
-2.737520723632812326e-06
-4.114911833593750003e-06
-3.735731119531249738e-06
-1.305198001171874912e-06
1.179026953710937518e-06
2.147005889257812288e-06
2.067946328906249926e-06
1.743125023046874926e-06
1.253604247070312419e-06
1.237868628906250032e-06
2.629183376757812432e-06
4.783914024023437507e-06
5.690953201953124863e-06
4.672620288281249522e-06
3.143881141796874801e-06
2.068709267968749929e-06
1.451682301171874918e-06
1.749228535546874944e-06
3.128717727929687521e-06
4.633805763476562173e-06
5.380437003515624375e-06
5.150792345703124972e-06
4.053209136914062587e-06
3.121279072070312182e-06
3.145311652539062464e-06
3.370760145507812490e-06
3.430650861914062454e-06
3.599927966406249763e-06
3.596876210156249754e-06
3.672216442578124869e-06
4.199788804296874511e-06
3.971479289843749582e-06
2.227114490820312523e-06
2.107619160156249831e-07
-1.289080913476562523e-06
-2.417277052148437340e-06
-2.443121612890625074e-06
-1.342963484765625023e-06
-1.174353951953124952e-06
-2.646158770898437164e-06
-3.575895385937499904e-06
-2.376936649218749986e-06
-2.431868261718749724e-07
1.162146926953124916e-06
2.447127042968749768e-06
4.641721256250000066e-06
6.382748196875000092e-06
6.251331943359375025e-06
5.204293447460937470e-06
4.075525104492186911e-06
2.488897956640624785e-06
1.324462212499999863e-06
2.000712324023437388e-06
3.877637785156249730e-06
5.418393221874999804e-06
5.950066381054686905e-06
5.249211484765624837e-06
3.861043860546875211e-06
3.103826841015624895e-06
3.636835143554687318e-06
4.946324676953124372e-06
6.399056019335937587e-06
7.581802300976562352e-06
7.430549631835937226e-06
6.030270349999999905e-06
5.380150901367187351e-06
6.001469400390624503e-06
6.433579011914061948e-06
6.212326683789062145e-06
5.606266966015625038e-06
3.882406154296874427e-06
