-1.552209059394531087e-05
-1.506566229980468739e-05
-1.492385100156249847e-05
-1.552476088066406321e-05
-1.606578004335937587e-05
-1.577614930175781204e-05
-1.520680602636718654e-05
-1.555308499335937436e-05
-1.701191984824218590e-05
-1.863965033808593708e-05
-1.981305061621093798e-05
-2.026986037988281252e-05
-1.967514938066406184e-05
-1.860512734550781187e-05
-1.794241940234374822e-05
-1.721324039335937585e-05
-1.570691258183593694e-05
-1.412581674218749867e-05
-1.364287631562499852e-05
-1.421975361425781256e-05
-1.484660342148437483e-05
-1.529359034472656126e-05
-1.609400878867187299e-05
-1.709145624550781082e-05
-1.795596157070312443e-05
-1.849659926386718772e-05
-1.800965340722656245e-05
-1.689604847812499960e-05
-1.685046286914062584e-05
-1.790703810332031025e-05
-1.837433827910156268e-05
-1.750792560624999885e-05
-1.629456639472656081e-05
-1.591233392441406265e-05
-1.601981296484374936e-05
-1.578864242890625080e-05
-1.576680329824218564e-05
-1.660374744980468682e-05
-1.781090778144531081e-05
-1.887625681484374757e-05
-1.959723422890624842e-05
-1.966618484667968819e-05
-1.959694812675781309e-05
-2.074765096777343606e-05
-2.312334784101562307e-05
-2.486818947695312268e-05
-2.483376185175781151e-05
-2.377814029140625052e-05
-2.282761358691406261e-05
-2.282351278945312346e-05
-2.385958403632812227e-05
-2.481926600957031189e-05
-2.504204421582031085e-05
-2.479323071406250032e-05
-2.349261034726562246e-05
-2.023838914355468563e-05
-1.667288880234374789e-05
-1.579493667617187550e-05
-1.760605864316406254e-05
-1.952847434589843672e-05
-1.973837795546874756e-05
-1.854371075097656233e-05
-1.792458570175781157e-05
-1.876496307910156044e-05
-1.933850251933593744e-05
-1.858157160195312457e-05
-1.795739208144531124e-05
-1.845597275878906249e-05
-1.926173177617187550e-05
-1.945027309199218798e-05
-1.878746978144531029e-05
-1.794013058515624864e-05
-1.793240582714843712e-05
-1.855219844804687258e-05
-1.855553630644531300e-05
-1.751050052558593715e-05
-1.633996126894531327e-05
-1.657027349843749907e-05
-1.849345214023437537e-05
-2.011746330214843676e-05
-1.979750573281249752e-05
-1.860045434374999867e-05
-1.875809662753906169e-05
-2.050007724199218767e-05
-2.201041048359374830e-05
-2.290829439277343563e-05
-2.413185791425781284e-05
-2.507122663496093477e-05
-2.505100874980468789e-05
-2.472666428085937417e-05
-2.437018100390624887e-05
-2.425001810156249873e-05
-2.490767157343749981e-05
-2.595032316972656204e-05
-2.652844024433593481e-05
-2.610157583886718631e-05
-2.515514993183593756e-05
-2.479237240761718756e-05
-2.487333931562499929e-05
-2.441405000000000048e-05
-2.343643895878906017e-05
-2.287777683027343554e-05
-2.286423466191406272e-05
-2.264670166171874762e-05
-2.202977006230468580e-05
-2.124260768457031156e-05
-2.033337505683593697e-05
-1.951111748222656008e-05
-1.943806606699218794e-05
-2.015923421582031008e-05
-2.048558139980468805e-05
-1.947525934628906210e-05
-1.730012007910156291e-05
-1.519974884003906141e-05
-1.439465739433593648e-05
-1.425971254765624970e-05
-1.349438930058593723e-05
-1.249932602832031132e-05
-1.240434011503906168e-05
-1.285571393789062428e-05
-1.248235063417968744e-05
-1.138667477304687527e-05
-1.125373264140624935e-05
-1.239432653984374888e-05
-1.346101071660156181e-05
-1.400307892050781192e-05
-1.475686271425781244e-05
-1.573390155117187532e-05
-1.661051853398437493e-05
-1.827696818124999772e-05
-2.028960142812499939e-05
-2.052077196406249795e-05
-1.915215465332031051e-05
-1.773366020136718548e-05
-1.648491969082031285e-05
-1.564969215214843720e-05
-1.580132629082031085e-05
-1.635522005019531162e-05
-1.639880294414062452e-05
-1.601132526777343572e-05
-1.567858846914062579e-05
-1.540383503925781095e-05
-1.530541590019531193e-05
-1.592034478457031289e-05
-1.714381293867187268e-05
-1.846398361894531273e-05
-1.985138830410156023e-05
-2.113503327675781082e-05
-2.166146122988280983e-05
-2.132777075742187310e-05
-2.109259479140624942e-05
-2.163189734121093654e-05
-2.196568318105468731e-05
-2.119759427988281186e-05
-2.016943852578124925e-05
-1.963290163007812511e-05
-1.927374806640624747e-05
-1.887539850839843819e-05
-1.842803011562500071e-05
-1.796235118535156316e-05
-1.807612447304687457e-05
-1.925753561132812570e-05
-2.049797915957031277e-05
-2.046107198242187394e-05
-1.993102006874999919e-05
-2.017258564941406160e-05
-2.026080047851562484e-05
-1.927250829042968534e-05
-1.830796258066406121e-05
-1.844004640585937267e-05
-1.944598155976562414e-05
-2.072829138906249856e-05
-2.167271458105468645e-05
-2.144202088203124790e-05
-1.952923728496093545e-05
-1.676854228730468731e-05
-1.519097504082031244e-05
-1.571501880937499783e-05
-1.681050393574218531e-05
-1.693600741152343674e-05
-1.626528860820312285e-05
-1.540812657148437479e-05
-1.466473782246093643e-05
-1.420916783476562402e-05
-1.432656508300781118e-05
-1.526374035390624926e-05
-1.628369451308593694e-05
-1.641472929707031095e-05
-1.588582179199218768e-05
-1.544484301386718554e-05
-1.545962495820312388e-05
-1.594781059082031128e-05
-1.683854194628906114e-05
-1.829613702519531054e-05
-2.067660226757812479e-05
-2.359532101855468531e-05
-2.595299345644531098e-05
-2.748611950253906019e-05
-2.832087020429687244e-05
-2.804974073496093674e-05
-2.701242971210937241e-05
-2.649553849726562449e-05
-2.688416058222656139e-05
-2.705534503437499722e-05
-2.604683496113281084e-05
-2.440088930117187364e-05
-2.332504985566406238e-05
-2.310951957050781154e-05
-2.270382672402343672e-05
-2.103251334023437265e-05
-1.866730687910156015e-05
-1.710385400527343554e-05
-1.709288675624999764e-05
-1.840027820722656021e-05
-2.002152371503906200e-05
-2.080344088671874899e-05
-2.104853506054687312e-05
-2.194699117402343789e-05
-2.309454689140624852e-05
-2.351196992597655996e-05
-2.343796483691406102e-05
-2.335709329628905993e-05
-2.307862053847656208e-05
-2.216118631582031256e-05
-2.093037487324218724e-05
-1.996983459355468823e-05
-1.936682663203124859e-05
-1.943139035019531048e-05
-2.018441120488281227e-05
-2.063521282343749744e-05
-1.985310491699218577e-05
-1.797627482324218534e-05
-1.618985300839843709e-05
-1.569365651562499946e-05
-1.624135139511718618e-05
-1.636599656445312484e-05
-1.528958491464843614e-05
-1.394356967363281259e-05
-1.355008385214843612e-05
-1.371239913769531234e-05
-1.364640490878906193e-05
-1.386660819570312429e-05
-1.461915221347656098e-05
-1.534947563105468823e-05
-1.562194024375000010e-05
-1.500214762285156125e-05
-1.367091432617187435e-05
-1.249989823261718706e-05
-1.217631670273437377e-05
-1.257895779296874858e-05
-1.267613715605468716e-05
-1.205205300292968617e-05
-1.150969869687499904e-05
-1.147345909140624999e-05
-1.170701381191406217e-05
-1.198129040488281192e-05
-1.213740681054687408e-05
-1.277207674316406191e-05
-1.441172815585937440e-05
-1.562508736738281245e-05
-1.505898658300781163e-05
-1.365451113632812451e-05
-1.312550826386718721e-05
-1.414155236035156212e-05
-1.580695296640625085e-05
-1.702069364746093826e-05
-1.768187571249999767e-05
-1.794108425898437544e-05
-1.794117962636718609e-05
-1.740340295468749982e-05
-1.577424195410156182e-05
-1.410216563124999902e-05
-1.391228917207031208e-05
-1.509656133183593685e-05
-1.632813571347656260e-05
-1.605385912050781116e-05
-1.468323909472656116e-05
-1.432036620312499882e-05
-1.487855149472656174e-05
-1.459035126386718642e-05
-1.369942917363281188e-05
-1.371564162871093703e-05
-1.515216051601562509e-05
-1.739014688847656233e-05
-1.863802909257812558e-05
-1.783770601601562450e-05
-1.667822937578124917e-05
-1.662444217187500050e-05
-1.682252022597656067e-05
-1.632670520273437579e-05
-1.501187509589843702e-05
-1.294926934042968711e-05
-1.056813652636718648e-05
-8.790107041210937827e-06
-8.789916306445311450e-06
-1.064958027128906161e-05
-1.251324966621093689e-05
-1.291178995898437424e-05
-1.257428479121093707e-05
-1.249179200507812449e-05
-1.222428649628906115e-05
-1.146506676171874870e-05
-1.102189453378906270e-05
-1.099614534042968646e-05
-1.036462253144531268e-05
-9.044261116406249643e-06
-8.027072611328124941e-06
-7.545658062890624799e-06
-7.103248774023437536e-06
-6.684299861328124389e-06
-6.387039729101562234e-06
-6.159588521093750073e-06
-6.656738687695311967e-06
-8.440490215820311271e-06
-1.046599805937499937e-05
-1.129369157480468649e-05
-1.129998582207031119e-05
-1.193217620273437475e-05
-1.340169220449218717e-05
-1.475991447050781245e-05
-1.534928489628906015e-05
-1.511868656464843734e-05
-1.431235534296874858e-05
-1.345919873632812394e-05
-1.306313799550781255e-05
-1.314000410605468682e-05
-1.370982421835937404e-05
-1.503867333046874902e-05
-1.698159302050781050e-05
-1.878737441406249964e-05
-1.973999920097656245e-05
-1.950844719550781113e-05
-1.873558992519531183e-05
-1.905554749453124768e-05
-2.062214749199218803e-05
-2.146834227968749819e-05
-2.058018584355468663e-05
-1.944989162246093522e-05
-1.988953525722656119e-05
-2.189740013496093563e-05
-2.429674811914062397e-05
-2.592285736347656026e-05
-2.650421692910156281e-05
-2.669018332558593698e-05
-2.682350692675781057e-05
-2.705229327812499890e-05
-2.745226408164062307e-05
-2.794636249199218580e-05
-2.868364772851562244e-05
-2.910726964296874795e-05
-2.817181098496093709e-05
-2.603682138593749974e-05
-2.400835715351562228e-05
-2.326964140624999882e-05
-2.380627366933593699e-05
-2.380675050625000039e-05
-2.210339368183593538e-05
-2.059239286855468667e-05
-2.097367166503906141e-05
-2.179869489374999789e-05
-2.128647668066406317e-05
-2.009133263925781115e-05
-1.965054459589843708e-05
-1.991080218359374891e-05
-2.013796728945312236e-05
-2.005146907324218805e-05
-1.929921115761718499e-05
-1.786068955527343776e-05
-1.690558521640625069e-05
-1.751765307929687462e-05
-1.903304079218749782e-05
-1.982582984550781207e-05
-1.918238611367187527e-05
-1.805047064707031236e-05
-1.782282870429687552e-05
-1.809395817363281122e-05
-1.743659080390624886e-05
-1.606434953261718566e-05
-1.512164295351562500e-05
-1.504191582148437371e-05
-1.565875205351562489e-05
-1.641387099062499818e-05
-1.650065530898437460e-05
-1.550501983242187295e-05
-1.435021619394531252e-05
-1.462849821699218738e-05
-1.668423752089843515e-05
-1.865443228242187542e-05
-1.832160011640624806e-05
-1.618622904785156134e-05
-1.455210894335937482e-05
-1.449727269824218700e-05
-1.572446018027343827e-05
-1.758517318632812419e-05
-1.896409017441406144e-05
-1.904171922402343614e-05
-1.852168088554687249e-05
-1.854456905742187509e-05
-1.898125630332031001e-05
-1.915520640957031222e-05
-1.905096986015624851e-05
-1.856583598378906282e-05
-1.762951901933593581e-05
-1.730164595722656038e-05
-1.840256702441406318e-05
-2.001160550722656155e-05
-2.092303158476562508e-05
-2.083310014277343632e-05
-1.978615701425781026e-05
-1.817645095976562380e-05
-1.694554414980468783e-05
-1.687497228652343656e-05
-1.761855177031249791e-05
-1.838253987402343760e-05
-1.895655615117187461e-05
-1.908854460898437542e-05
-1.871022220136718496e-05
-1.872662539121093818e-05
-1.970652524960937469e-05
-2.104233618066406246e-05
-2.173155625624999769e-05
-2.106884831308593743e-05
-1.955927801054687553e-05
-1.843451509765625009e-05
-1.800383599687499777e-05
-1.772545860644531056e-05
-1.727646896816406157e-05
-1.698235595957031262e-05
-1.732358045527343618e-05
-1.783064882968749768e-05
-1.750515995214843587e-05
-1.610116134238281045e-05
-1.413916817578124850e-05
-1.262215921738281211e-05
-1.242408116328125024e-05
-1.345347669335937498e-05
-1.482028202382812454e-05
-1.588896891562500003e-05
-1.636437531894531334e-05
-1.561469232265624859e-05
-1.372946989921874857e-05
-1.222829192636718627e-05
-1.201075892617187456e-05
-1.199921947285156261e-05
-1.128014940644531198e-05
-1.057948524492187375e-05
-1.044253768320312440e-05
-1.052350459121093783e-05
-1.067799975136718680e-05
-1.098164949824218685e-05
-1.124181171855468634e-05
-1.108445553691406204e-05
-1.035870975371093735e-05
-9.582228522851562292e-06
-9.936613717382812696e-06
-1.191624984980468662e-05
-1.405705685917968697e-05
-1.487960053593749919e-05
-1.478242117285156230e-05
-1.414870491406249958e-05
-1.278390229863281258e-05
-1.139869106328124893e-05
-1.092605031406250029e-05
-1.161717773730468744e-05
-1.282605468183593696e-05
-1.323003091542968624e-05
-1.247519808046874997e-05
-1.154412632207031191e-05
-1.142815958457031157e-05
-1.184014667832031278e-05
-1.117944145019531168e-05
-9.537882689843748974e-06
-8.988280462695312032e-06
-9.859080035156250339e-06
-1.106004148691406197e-05
-1.241483052714843618e-05
-1.413907280839843616e-05
-1.587304256269531021e-05
-1.704548916699218770e-05
-1.748522816914062432e-05
-1.742610039179687435e-05
-1.733283109140624855e-05
-1.764363339199218606e-05
-1.832341209667968763e-05
-1.878947249648437454e-05
-1.869439121582031256e-05
-1.859959603730468590e-05
-1.932057345136718675e-05
-2.099408028496093636e-05
-2.286976597011718530e-05
-2.363909464726562289e-05
-2.290219088027343561e-05
-2.204779449765625053e-05
-2.191904853085937271e-05
-2.158879128417968705e-05
-2.050036334414062300e-05
-1.948574975839843660e-05
-1.965311951523437538e-05
-2.035569102441406214e-05
-1.960553119121093737e-05
-1.753109988027343679e-05
-1.643485181484375057e-05
-1.715392188124999781e-05
-1.795929942910156146e-05
-1.766070415351562398e-05
-1.723794054550781125e-05
-1.740063730058593683e-05
-1.783036272753906235e-05
-1.847065933574218680e-05
-1.933812104980468807e-05
-2.032259854257812375e-05
-2.117394316894531052e-05
-2.179211454433593786e-05
-2.266596587304687448e-05
-2.382773133046874940e-05
-2.487686790878906100e-05
-2.596291166425781144e-05
-2.718742885957031207e-05
-2.812269678281249823e-05
-2.843826745253905959e-05
-2.845457527499999878e-05
-2.879141287109374787e-05
-2.924383573515624792e-05
-2.872751672460937405e-05
-2.704752490898437505e-05
-2.531698838046875038e-05
-2.427881905117187328e-05
-2.349966753359374928e-05
-2.239226148437500048e-05
-2.139901019238281245e-05
-2.126463754999999802e-05
-2.183598354042968608e-05
-2.225540929003906178e-05
-2.180517987578124727e-05
-2.065447703476562430e-05
-1.963738389707031024e-05
-1.931542361269531014e-05
-1.920842140917968684e-05
-1.857537272207031051e-05
-1.806448965234374858e-05
-1.876105301640624935e-05
-2.031258496738281265e-05
-2.131775718222656200e-05
-2.122525082089843492e-05
-2.124003276523437326e-05
-2.212141811718750011e-05
-2.272652416113281126e-05
-2.230366518574218788e-05
-2.165592992167968725e-05
-2.141465044316406016e-05
-2.132538657285156287e-05
-2.103804464843749862e-05
-2.065342799355468685e-05
-2.067574396113281202e-05
-2.134751180566405997e-05
-2.224148565214843621e-05
-2.273796824707031256e-05
-2.324341537597656256e-05
-2.468794512343749917e-05
-2.648571565683593469e-05
-2.759970205546875030e-05
-2.829388123496093745e-05
-2.921274596835937378e-05
-3.039253586113281003e-05
-3.133228605136718811e-05
-3.168285655058593808e-05
-3.142841637324218416e-05
-3.064525942558593503e-05
-2.949655929960937292e-05
-2.832478026699218691e-05
-2.762592808574218655e-05
-2.753895303261718545e-05
-2.729042563300781025e-05
-2.604712106328124955e-05
-2.436836902363281269e-05
-2.285631916914062313e-05
-2.131670814101562455e-05
-2.010430260332030992e-05
-1.990765505996093656e-05
-2.060536283261718544e-05
-2.093380809902343492e-05
-2.028778944785156321e-05
-1.967438644160156310e-05
-1.943167645234374920e-05
-1.867665288261718655e-05
-1.762513211972656133e-05
-1.744889319628906293e-05
-1.782731097128906065e-05
-1.758135849101562375e-05
-1.644448392050781231e-05
-1.476449210488281161e-05
-1.346806790292968694e-05
-1.360759038398437459e-05
-1.490945052675781119e-05
-1.592606682753906015e-05
-1.567534597812499941e-05
-1.441659189238281229e-05
-1.300305654433593748e-05
-1.217545839628906270e-05
-1.229924525917968690e-05
-1.304759311210937379e-05
-1.341628341406249913e-05
-1.335534365644531129e-05
-1.414260140156249957e-05
-1.606148851113281203e-05
-1.782492678671875042e-05
-1.847132690742187488e-05
-1.867684361738281124e-05
-1.898001652734374788e-05
-1.831292168457031313e-05
-1.664380175058593800e-05
-1.573580889882812554e-05
-1.616057522187499913e-05
-1.699685180175781224e-05
-1.754635866152343514e-05
-1.772336052402343566e-05
-1.797608408847656066e-05
-1.851681714902343799e-05
-1.882046689589843803e-05
-1.876553528339843787e-05
-1.880692472753906183e-05
-1.860026360898437399e-05
-1.729554244472656036e-05
-1.556367077285156290e-05
-1.524962598124999900e-05
-1.641205901035156200e-05
-1.772622154550781268e-05
-1.875018113476562549e-05
-1.898507099863281045e-05
-1.796759639140625041e-05
-1.659258946601562424e-05
-1.597775594902343732e-05
-1.640442961972656113e-05
-1.764077237050781243e-05
-1.876372330312499830e-05
-1.814021135429687306e-05
-1.599940434492187440e-05
-1.510285557910156155e-05
-1.624755027500000024e-05
-1.715220526835937567e-05
-1.682538124746093769e-05
-1.662396533496093709e-05
-1.720742298300781116e-05
-1.760548643886718510e-05
-1.738013331328124784e-05
-1.728209564374999819e-05
-1.768006373222656149e-05
-1.841143619101562280e-05
-1.945332484824218629e-05
-2.051953218808593582e-05
-2.100495216660156023e-05
-2.082728273242187502e-05
-2.005614207499999786e-05
-1.856812480097656240e-05
-1.706561168476562393e-05
-1.629056096464843569e-05
-1.602353229277343576e-05
-1.608094345722656018e-05
-1.619233256035156136e-05
-1.591309686347656139e-05
-1.555174984999999820e-05
-1.502970879648437368e-05
-1.324233330781249862e-05
-1.016635374257812444e-05
-7.848830972851562288e-06
-8.456798038281248766e-06
-1.119851492675781216e-05
-1.293963723476562368e-05
-1.276368441347656231e-05
-1.211881017089843701e-05
-1.156501177890625026e-05
-1.123694798203125015e-05
-1.135472669980468667e-05
-1.091765798437499900e-05
-9.176726411132812161e-06
-7.180496354101562021e-06
-6.192585635546874429e-06
-6.409164961914061876e-06
-7.392307311328124772e-06
-8.600898153710937271e-06
-9.393973309179686845e-06
-9.565443863476561396e-06
-9.844202723437499661e-06
-1.122025869003906159e-05
-1.394757510371093602e-05
-1.703108869218749872e-05
-1.921824424960937326e-05
-2.008255884003906218e-05
-1.990717822304687316e-05
-1.935948334355468644e-05
-1.900862674218749775e-05
-1.896428090917968613e-05
-1.913317654414062576e-05
-1.983460364472656103e-05
-2.106160039199218593e-05
-2.175854522558593607e-05
-2.168845019921874820e-05
-2.217387017773437261e-05
-2.399843894570312521e-05
-2.606228447714843726e-05
-2.665327614843749816e-05
-2.568310376308593742e-05
-2.430628485742187506e-05
-2.334107157597656285e-05
-2.302864802988281045e-05
-2.245892328496093727e-05
-2.075432668457031013e-05
-1.878231994277343707e-05
-1.712149697109374751e-05
-1.552266279824218831e-05
-1.463345732089843761e-05
-1.469439707851562375e-05
-1.463231291230468612e-05
-1.421069371289062487e-05
-1.445187782402343623e-05
-1.567973287773437389e-05
-1.721676898652343756e-05
-1.836298956054687541e-05
-1.907938934023437370e-05
-1.987923557988281138e-05
-2.060974973222655992e-05
-2.076090703398437355e-05
-2.081679232031250051e-05
-2.118576872441406119e-05
-2.146777007539062414e-05
-2.181357220546875026e-05
-2.290228624765624965e-05
-2.432116216914062404e-05
-2.509544995019531016e-05
-2.558916689101562353e-05
-2.597311597421874722e-05
-2.540730129199218512e-05
-2.436369602187499949e-05
-2.384070129453124816e-05
-2.367590645703124768e-05
-2.346047153925781087e-05
-2.307308923027343611e-05
-2.266587050566406045e-05
-2.247675698554687393e-05
-2.203558747265625049e-05
-2.074059378144531263e-05
-1.903361299648437526e-05
-1.751011905605468779e-05
-1.651410210996093677e-05
-1.621035699570312269e-05
-1.575535921230468772e-05
-1.464776242832031254e-05
-1.348723674687499976e-05
-1.283835707421874934e-05
-1.307544038789062493e-05
-1.379422435214843684e-05
-1.413172951992187401e-05
-1.405143018359374866e-05
-1.403559919804687457e-05
-1.406487698457031253e-05
-1.354426644179687482e-05
-1.258353542734374944e-05
-1.218985887109374998e-05
-1.266440696796874883e-05
-1.340617447148437399e-05
-1.446408484902343626e-05
-1.603526248085937578e-05
-1.735991542812499757e-05
-1.796959910644531128e-05
-1.815089250117187563e-05
-1.807850865761718819e-05
-1.799735101484374838e-05
-1.864995001542968690e-05
-2.040242104199218738e-05
-2.234877395781249823e-05
-2.314528233906249888e-05
-2.284954808496093503e-05
-2.251118461074218510e-05
-2.214354335000000060e-05
-2.108553760507812260e-05
-1.992453508671874980e-05
-2.031792554082031054e-05
-2.226418308925781075e-05
-2.408398348808593611e-05
-2.537077558437499905e-05
-2.647522524472656019e-05
-2.668865744746093613e-05
-2.572468394199218606e-05
-2.438658419374999871e-05
-2.339829200566406259e-05
-2.305258524296875051e-05
-2.265213760253906295e-05
-2.136477330195312257e-05
-2.016018788964843688e-05
-2.052611253749999924e-05
-2.214917002558593721e-05
-2.347716083124999943e-05
-2.360829098261718747e-05
-2.308481941835937275e-05
-2.326201201562499795e-05
-2.456711464941406094e-05
-2.563274978496093642e-05
-2.538889538710937442e-05
-2.458218269589843800e-05
-2.402065954589843635e-05
-2.345408192460937552e-05
-2.287539264570312531e-05
-2.289952059355468666e-05
-2.372845388496093761e-05
-2.487906135859374994e-05
-2.587097750722656180e-05
-2.676762164042968700e-05
-2.753380319394531223e-05
-2.764500156230468534e-05
-2.686031873652343536e-05
-2.588671312539062355e-05
-2.580393423710937225e-05
-2.701347875332030986e-05
-2.904737892656249925e-05
-3.059395177363281063e-05
-3.046024670292968767e-05
-2.911356389023437265e-05
-2.827919465800780976e-05
-2.923792295742187259e-05
-3.130214995839843400e-05
-3.208730962109375076e-05
-3.065288881621093590e-05
-2.886522722539062213e-05
-2.823818668339843517e-05
-2.750538371386718705e-05
-2.554558399707031064e-05
-2.413214401640624817e-05
-2.434385960624999858e-05
-2.469071077753906215e-05
-2.438362780488281104e-05
-2.385796279082031077e-05
-2.374161458378906106e-05
-2.466019321503906206e-05
-2.649935319257812493e-05
-2.887600373964843535e-05
-3.117321325683593828e-05
-3.210418964785156400e-05
-3.157957367499999779e-05
-3.122709582812500099e-05
-3.180635731132812186e-05
-3.226488368789062533e-05
-3.174274726699218338e-05
-3.115251853476562461e-05
-3.147142706289062300e-05
-3.160398772499999786e-05
-3.044594159550781273e-05
-2.928293636210937230e-05
-2.945021075156249705e-05
-3.039396637187500024e-05
-3.156078630058593772e-05
-3.269270176718749724e-05
-3.320415704121093661e-05
-3.277433624687499706e-05
-3.157862000117187099e-05
-3.080967279355468276e-05
-3.132141416972656424e-05
-3.228624598164062370e-05
-3.279636611230468690e-05
-3.281610716054687377e-05
-3.251016859648437414e-05
-3.149746235839843457e-05
-2.944906634296874895e-05
-2.745026136660156220e-05
-2.693680337753906197e-05
-2.731979878691406224e-05
-2.708223863632812494e-05
-2.680967865624999904e-05
-2.774733076406249883e-05
-2.888744782558593665e-05
-2.893131682167968488e-05
-2.829550248046874895e-05
-2.742651488828125021e-05
-2.618931383105468615e-05
-2.534950865800781133e-05
-2.589882478300781294e-05
-2.695416024121093522e-05
-2.727077995214843742e-05
-2.734612018457031253e-05
-2.760551946582031160e-05
-2.767036928613281221e-05
-2.783192163261718631e-05
-2.841795419999999868e-05
-2.893112608691406019e-05
-2.901171152539062256e-05
-2.880276158964843513e-05
-2.851160496992187384e-05
-2.832592467558593501e-05
-2.818640219453124736e-05
-2.819584356542968780e-05
-2.904308739433593542e-05
-3.082540841171874790e-05
-3.247698074726562510e-05
-3.308408950624999712e-05
-3.283174741132812487e-05
-3.235281241484374984e-05
-3.165987301132812144e-05
-3.051174508964843676e-05
-2.934997963222656185e-05
-2.863996946718749890e-05
-2.834967115390624699e-05
-2.893570372128906275e-05
-3.088539449550781402e-05
-3.364475434980468600e-05
-3.629234363144531083e-05
-3.747098911562499559e-05
-3.655832326210937331e-05
-3.541896913964843422e-05
-3.561065757910156243e-05
-3.603609147382812411e-05
-3.528583627324218870e-05
-3.371723356074218748e-05
-3.234565986113281238e-05
-3.162658979472655836e-05
-3.146370230488280809e-05
-3.140123666914062449e-05
-3.096874558808593937e-05
-2.983187101757812454e-05
-2.854546039082031097e-05
-2.820690618183593635e-05
-2.880648091757812492e-05
-3.001068486035156124e-05
-3.157966904238281182e-05
-3.240421543417968829e-05
-3.183792391503905940e-05
-3.057793005332031015e-05
-2.939546987382812496e-05
-2.844027016757812385e-05
-2.722891367109375006e-05
-2.558888078886718481e-05
-2.485207238925781157e-05
-2.604111291816406018e-05
-2.790926458007812229e-05
-2.904871406992187203e-05
-2.913025318222656120e-05
-2.789228918593749840e-05
-2.611740682441406210e-05
-2.547014839726562487e-05
-2.636974891933593774e-05
-2.762774006601562273e-05
-2.789906027011718651e-05
-2.737015276503905985e-05
-2.700861501679687536e-05
-2.677153170312499808e-05
-2.626741971757812425e-05
-2.591866119863281046e-05
-2.632073008457031291e-05
-2.726067100957031228e-05
-2.797783372832031269e-05
-2.830055695175781152e-05
-2.871969659921874850e-05
-2.892130324648437378e-05
-2.839373088476562329e-05
-2.794111728593749855e-05
-2.821835026777343765e-05
-2.887571763750000002e-05
-2.964495094726562357e-05
-3.020132425859374861e-05
-3.015144711738281102e-05
-2.986486813203124890e-05
-2.998979940351562289e-05
-3.049753534960937247e-05
-3.066719392363281084e-05
-3.010366805859374833e-05
-2.902515832636718473e-05
-2.731293233535156010e-05
-2.535141600566406155e-05
-2.467449832246093700e-05
-2.567404386171874973e-05
-2.667892997441406036e-05
-2.646998003867187294e-05
-2.564142821679687474e-05
-2.498043688652343663e-05
-2.438477221347656252e-05
-2.324246170214843576e-05
-2.113932480898437466e-05
-1.898535710078124916e-05
-1.863173484531249749e-05
-2.011183662656250014e-05
-2.139681674257812351e-05
-2.163971746660156209e-05
-2.164038503828125018e-05
-2.193344900566406168e-05
-2.239445493417968603e-05
-2.263687882128906121e-05
-2.244929117929687554e-05
-2.188643288593749772e-05
-2.117909300761718712e-05
-2.098788140507812231e-05
-2.191437552910156290e-05
-2.323187592265624722e-05
-2.332190273203125003e-05
-2.207125487382812380e-05
-2.121628628691406127e-05
-2.157629815703124830e-05
-2.213181316191406057e-05
-2.222307974726562551e-05
-2.232054521249999773e-05
-2.278326775390624760e-05
-2.390898434062499985e-05
-2.615946384023437414e-05
-2.871197184121093699e-05
-2.968119055273437431e-05
-2.854116885859374713e-05
-2.691629939023437298e-05
-2.638815482421874844e-05
-2.663544244785156150e-05
-2.697437812636718549e-05
-2.770842087187499914e-05
-2.878731207363281210e-05
-2.933662819863281032e-05
-2.927530697148437481e-05
-2.919805939140624948e-05
-2.900350993046874764e-05
-2.852867573144531177e-05
-2.768133653515625011e-05
-2.645033435781250010e-05
-2.578285804550781260e-05
-2.604158975507812359e-05
-2.622135727167968709e-05
-2.586697207714843669e-05
-2.504357009394531170e-05
-2.346514454101562407e-05
-2.156189768222656271e-05
-2.053822419511718524e-05
-2.086323623574218704e-05
-2.182272747421874860e-05
-2.251309195839843532e-05
-2.267979414355468602e-05
-2.229317477363280999e-05
-2.159022179492187387e-05
-2.137268879472656216e-05
-2.184733225898437335e-05
-2.218998726542968712e-05
-2.198647327050781163e-05
-2.189396690917968795e-05
-2.253903188652343624e-05
-2.320746187265625054e-05
-2.219485100195312500e-05
-1.947564081582031146e-05
-1.744746268554687272e-05
-1.744860709414062421e-05
-1.846407898632812338e-05
-1.990193301699218591e-05
-2.186554742910156276e-05
-2.306631814609374801e-05
-2.218483742675781052e-05
-2.058800596894531218e-05
-1.984318670917968532e-05
-1.936539612128906177e-05
-1.904200532617187486e-05
-1.948002771542968595e-05
-2.027939711816406022e-05
-2.066153422109374773e-05
-2.044218924062499984e-05
-1.976813257890624892e-05
-1.847390182675781318e-05
-1.679181192871093589e-05
-1.568745763574218541e-05
-1.542481586347656334e-05
-1.559924280664062556e-05
-1.597537176445312370e-05
-1.628417135000000034e-05
-1.627740026582031224e-05
-1.598681585039062500e-05
-1.603659762421874856e-05
-1.682337853242187343e-05
-1.763791134902343541e-05
-1.790885008359374982e-05
-1.801814110429687270e-05
-1.815470719648437268e-05
-1.823910733027343548e-05
-1.888703332910156079e-05
-2.005490229902343573e-05
-2.038267999375000051e-05
-1.936129532382812262e-05
-1.828841226718749903e-05
-1.848448760624999833e-05
-1.960801074316406164e-05
-2.083157426464843546e-05
-2.231558610859374919e-05
-2.378548357988281267e-05
-2.389610974394531173e-05
-2.287338993066406105e-05
-2.299851193691405973e-05
-2.491348898378906111e-05
-2.630146587324218605e-05
-2.545984871992187506e-05
-2.376135563203124793e-05
-2.325266601210937493e-05
-2.396906579179687322e-05
-2.522925038828124716e-05
-2.658155987656249879e-05
-2.700785207773437324e-05
-2.646740511933593464e-05
-2.631767832832031121e-05
-2.694481423769531220e-05
-2.818258749921875031e-05
-3.029602406972656123e-05
-3.219011565976562087e-05
-3.236892950253905757e-05
-3.146141348769531190e-05
-3.068607666542968494e-05
-2.997902288925780967e-05
-2.888611268222656048e-05
-2.774113188417968477e-05
-2.693127206933593600e-05
-2.621944992402343687e-05
-2.619980424316406065e-05
-2.790287496542968694e-05
-3.020065668691406053e-05
-3.033131000136718517e-05
-2.790316106757812227e-05
-2.592133148535156280e-05
-2.661303111289062230e-05
-2.879589513808593638e-05
-3.041456572656249988e-05
-3.118246389296875065e-05
-3.160007766230468339e-05
-3.173836036738281229e-05
-3.134477917851562348e-05
-3.021162393593749843e-05
-2.849358053457031251e-05
-2.652081085371093733e-05
-2.484387079433593665e-05
-2.392777171503905991e-05
-2.344187489960937549e-05
-2.245539469179687556e-05
-2.105454320566406249e-05
-2.073859106640624838e-05
-2.187651467812499727e-05
-2.317646747324218705e-05
-2.361220104531249855e-05
-2.294739501972656000e-05
-2.128266198535156274e-05
-1.910599684003906271e-05
-1.768693018378906024e-05
-1.824769039472656315e-05
-2.027081405371093594e-05
-2.179173307480468510e-05
-2.193631002714843532e-05
-2.149227949277343486e-05
-2.109259479140624942e-05
-2.127436502304687379e-05
-2.275179651757812410e-05
-2.503937392910156190e-05
-2.675379336992187208e-05
-2.707184359160156109e-05
-2.630089366894531201e-05
-2.590578660195312234e-05
-2.677773058300781213e-05
-2.747124219082031120e-05
-2.660502025273437206e-05
-2.525442737734374935e-05
-2.465790439785156248e-05
-2.428005882714843542e-05
-2.326897383457031073e-05
-2.159079399921874791e-05
-2.002123761289062329e-05
-1.981610237246093630e-05
-2.126110895683593630e-05
-2.318009143378906280e-05
-2.425116251015625021e-05
-2.411621766347656174e-05
-2.358187421757812315e-05
-2.334498163867187393e-05
-2.344731084042968742e-05
-2.404268941132812280e-05
-2.469767259648437494e-05
-2.431257910468749976e-05
-2.272633342636718658e-05
-2.117480147539062328e-05
-2.072686087832031174e-05
-2.094906688027343666e-05
-2.079466708750000003e-05
-1.980456291914062434e-05
-1.825808543945312362e-05
-1.695984925722656276e-05
-1.640471572187499985e-05
-1.643733136679687484e-05
-1.691083042246093794e-05
-1.743573249746093609e-05
-1.783455889238281215e-05
-1.858328821484375010e-05
-1.946095423886718716e-05
-2.038525491308593542e-05
-2.215145884277343680e-05
-2.436474506308593694e-05
-2.563637374550781217e-05
-2.554243687343749829e-05
-2.443264663964843586e-05
-2.300614132753906060e-05
-2.249687950332031016e-05
-2.333344218535156198e-05
-2.409504610449218466e-05
-2.373169637597656061e-05
-2.307223092382812334e-05
-2.234257507792968757e-05
-2.027834807695312277e-05
-1.724032473007812487e-05
-1.581200743769531342e-05
-1.677540873886718606e-05
-1.812953020742187388e-05
-1.856612208593749815e-05
-1.822575589667968735e-05
-1.703013501835937531e-05
-1.518124756777343667e-05
-1.426352724296875013e-05
-1.535901236933593592e-05
-1.672486402597656038e-05
-1.655053245019531220e-05
-1.631411670820312300e-05
-1.748723088417968518e-05
-1.859025003378906289e-05
-1.850842481933593500e-05
-1.819056533242187406e-05
-1.842926989160156284e-05
-1.898049336425781128e-05
-1.921566933027343496e-05
-1.890410409062499871e-05
-1.802605659707031229e-05
-1.678303812949218693e-05
-1.639889831152343516e-05
-1.741227212128906282e-05
-1.827391642499999941e-05
-1.762389234374999919e-05
-1.598862783066406118e-05
-1.443375802128906255e-05
-1.343554762539062429e-05
-1.337937623691406200e-05
-1.411990396445312503e-05
-1.445388053906249879e-05
-1.406926388417968701e-05
-1.406888241464843764e-05
-1.468219005351562371e-05
-1.522864515703125000e-05
-1.545762224316406301e-05
-1.571511417675781186e-05
-1.654175865097656323e-05
-1.739510599238281086e-05
-1.701029860273437440e-05
-1.582402372792968538e-05
-1.527108364238281141e-05
-1.540784046933593607e-05
-1.556500591621093568e-05
-1.532239129433593582e-05
-1.468505107499999904e-05
-1.448954794023437378e-05
-1.514329134941406209e-05
-1.575669435566406050e-05
-1.576794770683593712e-05
-1.585311077968749866e-05
-1.656769857910156076e-05
-1.738804880605468743e-05
-1.760081343710937529e-05
-1.704978069921874814e-05
-1.619843607285156138e-05
-1.571578174843749995e-05
-1.558198131035156295e-05
-1.574458269804687450e-05
-1.675576305800781322e-05
-1.846016892363281229e-05
-1.989201480917968546e-05
-2.066582575332031157e-05
-2.083767777714843548e-05
-1.996773651113280994e-05
-1.795882259218749806e-05
-1.614255078652343780e-05
-1.592473168417968737e-05
-1.707305034062500012e-05
-1.818312667656249787e-05
-1.825388927460937382e-05
-1.777714772792968772e-05
-1.811236407851562531e-05
-1.935805283281249962e-05
-1.994208268515624774e-05
-1.904982545156250041e-05
-1.763638547089843795e-05
-1.640748137597656284e-05
-1.507844152910156148e-05
-1.394204379550781174e-05
-1.371602309824218640e-05
-1.432265502031250009e-05
-1.554431119414062540e-05
-1.695784654218749851e-05
-1.747540532871093790e-05
-1.689585774335937492e-05
-1.669749358710937264e-05
-1.824759502734374912e-05
-2.107142323242187234e-05
-2.358998044511718742e-05
-2.479113263164062542e-05
-2.477425260488281218e-05
-2.440956773300781196e-05
-2.470949815195312222e-05
-2.576941124453125043e-05
-2.636717399999999944e-05
-2.565582869160156032e-05
-2.457398110097655969e-05
-2.443512619160156013e-05
-2.506941465468749859e-05
-2.503746658144531169e-05
-2.354305969277343749e-05
-2.159537163359375047e-05
-2.094906688027343666e-05
-2.196129628144531283e-05
-2.285517476054687504e-05
-2.220658119003906164e-05
-2.065981760820312558e-05
-1.939143141679687334e-05
-1.895007116914062523e-05
-1.900595645546874880e-05
-1.886443125937500029e-05
-1.868132588437499975e-05
-1.884163845488281172e-05
-1.905125596230468723e-05
-1.893948538964843669e-05
-1.847714431777343618e-05
-1.814478898867187562e-05
-1.850918775839843712e-05
-1.938828429316406099e-05
-2.064923182871093705e-05
-2.261227403652343645e-05
-2.463177373496093687e-05
-2.526119846152343745e-05
-2.445238768789062273e-05
-2.345398655722656149e-05
-2.237557219238281192e-05
-2.068089379980468523e-05
-1.924742666875000057e-05
-1.891821846328124897e-05
-1.913727734160156153e-05
-1.923703162402343671e-05
-1.896962148261718741e-05
-1.838168156757812483e-05
-1.749362049882812392e-05
-1.597432272324218625e-05
-1.409310572988281134e-05
-1.324099816445312414e-05
-1.422194706406249980e-05
-1.589573999980468813e-05
-1.675652599707031195e-05
-1.694802370175781209e-05
-1.715706900488281016e-05
-1.703366361152343703e-05
-1.620759134160156310e-05
-1.506451789121093760e-05
-1.400689361582031236e-05
-1.314219755585937407e-05
-1.291789347148437426e-05
-1.381272562441406158e-05
-1.491936873457031165e-05
-1.479672628027343724e-05
-1.360129613671874988e-05
-1.252221420019531224e-05
-1.216925951640624865e-05
-1.219710679218749979e-05
-1.211690282324218679e-05
-1.282367049726562504e-05
-1.528176478925781059e-05
-1.790532149042968810e-05
-1.882065763066406272e-05
-1.892317756718749750e-05
-2.013348502246093723e-05
-2.246750634941406156e-05
-2.450503048320312331e-05
-2.551344518906249905e-05
-2.527216571054687535e-05
-2.392281261113281138e-05
-2.299031034199218481e-05
-2.374991154609375001e-05
-2.538603436562499740e-05
-2.635201058613281173e-05
-2.605970955781249896e-05
-2.563685058242187219e-05
-2.667311256406249906e-05
-2.845610115312499963e-05
-2.921560698984374742e-05
-2.899988596992187528e-05
-2.866066418925781258e-05
-2.865808926992187427e-05
-2.906120719707031079e-05
-2.947109620839843540e-05
-2.973631289999999916e-05
-2.985504529160156248e-05
-2.965238960312499976e-05
-2.961872491699218732e-05
-3.066538194335937127e-05
-3.252571347988281121e-05
-3.375852763750000079e-05
-3.307893966757812052e-05
-3.049429285859374947e-05
-2.743176009433593746e-05
-2.523850102441406291e-05
-2.455176050078124856e-05
-2.544907220566406184e-05
-2.674664081621093461e-05
-2.663219995683593512e-05
-2.520607611425781260e-05
-2.458370857402343546e-05
-2.534369124765625003e-05
-2.561234116503906147e-05
-2.454451257968750044e-05
-2.363833170820312416e-05
-2.386130064921874780e-05
-2.441385926523437241e-05
-2.471655533828124904e-05
-2.487324394824218525e-05
-2.450798687207031098e-05
-2.360886318691406152e-05
-2.350805986328124888e-05
-2.480238598281249866e-05
-2.609251593749999863e-05
-2.664478845136718791e-05
-2.723015344707031219e-05
-2.747696423378906186e-05
-2.630146587324218605e-05
-2.408198077304687525e-05
-2.202881638847656239e-05
-2.114037385019531211e-05
-2.185000254570312230e-05
-2.369421699453124773e-05
-2.558582903261718650e-05
-2.610949133164062251e-05
-2.507284788046874966e-05
-2.433746999160155984e-05
-2.457588844863280991e-05
-2.450226482910156033e-05
-2.412537293222656007e-05
-2.443464935468750012e-05
-2.471445725585937414e-05
-2.384127349882812221e-05
-2.257822788085937465e-05
-2.193249533183593488e-05
-2.161816443808593565e-05
-2.154587596191406224e-05
-2.254112996894531114e-05
-2.467888522207031148e-05
-2.676771700781249765e-05
-2.745674634863281158e-05
-2.654980253808593657e-05
-2.586792575097656010e-05
-2.647522524472656019e-05
-2.688120419335937372e-05
-2.674072803847656266e-05
-2.721870936113281089e-05
-2.778051861328124786e-05
-2.723320520332031051e-05
-2.537726056640624844e-05
-2.281941199199218770e-05
-2.082651979335937290e-05
-2.019804874062499912e-05
-2.066058054726562431e-05
-2.102669592988281135e-05
-2.014798086464843685e-05
-1.878546706640624942e-05
-1.848677642343749791e-05
-1.891745552421875024e-05
-1.860569954980468592e-05
-1.702851377285156042e-05
-1.481789783925781262e-05
-1.293534570253906154e-05
-1.179885260156249947e-05
-1.131467239902343719e-05
-1.150559789941406158e-05
-1.210173940937499908e-05
-1.266087837480468711e-05
-1.365489260585937388e-05
-1.577138093261718819e-05
-1.844815263339843694e-05
-2.030819806777343816e-05
-2.101096031171874960e-05
-2.176369506425781267e-05
-2.349480379707031140e-05
-2.534731520820312240e-05
-2.587936983691406140e-05
-2.493532811445312288e-05
-2.348517169140624966e-05
-2.299803509999999971e-05
-2.405651768183593773e-05
-2.508591321191406246e-05
-2.465799976523437313e-05
-2.345770588515624789e-05
-2.260474001328124962e-05
-2.263106141093749991e-05
-2.417229368457031000e-05
-2.672613682890624901e-05
-2.843922112636718640e-05
-2.884596301406249866e-05
-2.858704056972655961e-05
-2.774961958124999841e-05
-2.681807098593749864e-05
-2.669724051191406042e-05
-2.740696457480468464e-05
-2.831324081367187496e-05
-2.912434040449218587e-05
-2.963703545449218737e-05
-2.971161274785156037e-05
-2.978437806093749718e-05
-3.010738738652343473e-05
-3.071211196093749651e-05
-3.223198194082031162e-05
-3.477428563183593529e-05
-3.687332172753906401e-05
-3.716934208378905980e-05
-3.610218107011718686e-05
-3.480136996855468770e-05
-3.382366355996093674e-05
-3.346708491562499740e-05
-3.327301229160155896e-05
-3.225792186894530915e-05
-3.064249377148437544e-05
-2.915028033261718679e-05
-2.803791517949218607e-05
-2.797974107597655952e-05
-2.942436619082031016e-05
-3.186271943457030884e-05
-3.409221810996093752e-05
-3.463819637656249533e-05
-3.333519182519531401e-05
-3.185880937187500115e-05
-3.169735239277343431e-05
-3.301933505332031054e-05
-3.523128613027343451e-05
-3.694789902089843362e-05
-3.671911266953124868e-05
-3.456867355449218829e-05
-3.224809902851562613e-05
-3.162782957070312049e-05
-3.240297565820312616e-05
-3.288801416718749782e-05
-3.263595817441406090e-05
-3.232029213730468550e-05
-3.243749865078125136e-05
-3.294685584238280906e-05
-3.325975622539062486e-05
-3.232868446699218510e-05
-2.987554927890624808e-05
-2.733877689609375038e-05
-2.595509153886718588e-05
-2.540777812890624853e-05
-2.539604794082031189e-05
-2.638863166113281184e-05
-2.797306535917968545e-05
-2.862127746015624948e-05
-2.797182558320312332e-05
-2.749317668886718701e-05
-2.823189243613281047e-05
-2.946403902207031197e-05
-3.048084605761718731e-05
-3.142498314746093309e-05
-3.201969414667968377e-05
-3.201244622558593905e-05
-3.186777390585937141e-05
-3.198431284765624580e-05
-3.289030298437500079e-05
-3.467167032792968647e-05
-3.547084899589843606e-05
-3.379533944726562219e-05
-3.124807665234374999e-05
-3.048256267050780945e-05
-3.159654906914062506e-05
-3.201521187968749864e-05
-3.043878904179687188e-05
-2.839001155683593689e-05
-2.716330091171874732e-05
-2.670773092402343492e-05
-2.671202245624999875e-05
-2.678373872812499812e-05
-2.675522388066406228e-05
-2.696493675546874844e-05
-2.746656918906249800e-05
-2.760790365039062522e-05
-2.702759312597656011e-05
-2.599342922675781153e-05
-2.453087504394531020e-05
-2.275198725234374878e-05
-2.134798864257812337e-05
-2.066143885371093708e-05
-2.062748806542968592e-05
-2.116574157402343560e-05
-2.197159595878906264e-05
-2.235010910117187440e-05
-2.160109367656249773e-05
-2.014511984316406321e-05
-1.896771413496093719e-05
-1.833485618261718555e-05
-1.836031927382812307e-05
-1.891936287187500045e-05
-1.934632264472656299e-05
-1.959523151386718755e-05
-1.990136081269531186e-05
-2.003640102675781099e-05
-1.986197408359374877e-05
-1.981839118964843588e-05
-2.035855204589843577e-05
-2.071160209707031001e-05
-2.031172666093749988e-05
-2.005490229902343573e-05
-2.055291077207031293e-05
-2.121342526542968764e-05
-2.139300204726562308e-05
-2.188347649707031006e-05
-2.359055264941406146e-05
-2.536047590703124923e-05
-2.574413888808593760e-05
-2.502068192207031248e-05
-2.423180293144531271e-05
-2.417706205371093723e-05
-2.518471382050781085e-05
-2.675055087890624908e-05
-2.762974278105468699e-05
-2.722471750625000026e-05
-2.629326427832031114e-05
-2.598360638632812511e-05
-2.694233468574218455e-05
-2.886875581855468723e-05
-3.078363749804687119e-05
-3.193977627988280949e-05
-3.229902521093750117e-05
-3.216989777460937060e-05
-3.211754108144531213e-05
-3.267639394472656144e-05
-3.325689520390625123e-05
-3.299463490117187514e-05
-3.240173588222656402e-05
-3.217304489824218634e-05
-3.221481581191406305e-05
-3.229940668046875054e-05
-3.221233625996093879e-05
-3.187368668359374674e-05
-3.111065225371093386e-05
-2.998617544296874714e-05
-2.906263770781249760e-05
-2.837732769492187345e-05
-2.753084680507812457e-05
-2.660626002871093758e-05
-2.584255802714843661e-05
-2.494057332050781013e-05
-2.389706341777343514e-05
-2.362164241621093560e-05
-2.416771605019531083e-05
-2.461880377089843472e-05
-2.511986400019531023e-05
-2.591332062519531256e-05
-2.595480543671874717e-05
-2.457865410273437289e-05
-2.285546086269531037e-05
-2.233294297226562245e-05
-2.279137398144531187e-05
-2.290028353261718539e-05
-2.252119818593749959e-05
-2.226933292792968735e-05
-2.233599472851562415e-05
-2.243651194999999807e-05
-2.288044711699218788e-05
-2.428749748300781160e-05
-2.553022984843749825e-05
-2.556551578007812219e-05
-2.535637510957031008e-05
-2.547634727714843554e-05
-2.533806457207031003e-05
-2.498425158183593706e-05
-2.498491915351562514e-05
-2.499149950292968518e-05
-2.468813585820312385e-05
-2.508352902734374885e-05
-2.627552594511718513e-05
-2.683809813632812423e-05
-2.626789655449218765e-05
-2.494619999609375014e-05
-2.384031982499999880e-05
-2.416228010937499890e-05
-2.550371771601562328e-05
-2.677677690917968533e-05
-2.762268559472656017e-05
-2.792919636308593723e-05
-2.813490380781249827e-05
-2.885197115917968464e-05
-3.006571184023437205e-05
-3.101948103574218634e-05
-3.066776612792968828e-05
-2.947719972089843542e-05
-2.864092314101562232e-05
-2.804192060957031118e-05
-2.745045210136718688e-05
-2.732151539980468778e-05
-2.781713968828124797e-05
-2.820356832343749932e-05
-2.789524557480468607e-05
-2.733830005917968698e-05
-2.667511527910155993e-05
-2.574518792929687505e-05
-2.498387011230468769e-05
-2.469776796386718558e-05
-2.512062693925781235e-05
-2.649925782519531089e-05
-2.794807910488281133e-05
-2.807768337812499852e-05
-2.721203364433593682e-05
-2.719563045449218698e-05
-2.900017207207031061e-05
-3.139971079101562025e-05
-3.219249984433593788e-05
-3.066109041113281421e-05
-2.839954829511718459e-05
-2.721642054394531130e-05
-2.715185682578124941e-05
-2.736319094609374706e-05
-2.724960839316406034e-05
-2.682369766152343526e-05
-2.647884920527343594e-05
-2.646683291503906059e-05
-2.713783782050780980e-05
-2.792137623769531168e-05
-2.801283355781249791e-05
-2.849195928906249762e-05
-2.969015508671874796e-05
-2.999180211855468714e-05
-2.925327710605468497e-05
-2.849148245214843761e-05
-2.794922351347656282e-05
-2.789944173964843587e-05
-2.819288717656250013e-05
-2.815016258906250001e-05
-2.759827154472656009e-05
-2.614210697656249750e-05
-2.391155925996093476e-05
-2.233923721953125053e-05
-2.169693789628906184e-05
-2.116469253281249815e-05
-2.128514153730468701e-05
-2.235058593808593780e-05
-2.287453433925781254e-05
-2.216118631582031256e-05
-2.082432634355468735e-05
-1.894015296132812477e-05
-1.673134900800781315e-05
-1.531638314921874983e-05
-1.526955776425781056e-05
-1.600407734667968760e-05
-1.660517796054687364e-05
-1.659344777246093700e-05
-1.641921156406249947e-05
-1.671675779843749950e-05
-1.758898788164062462e-05
-1.900423984257812327e-05
-2.037705331816406051e-05
-2.096146464003906137e-05
-2.082241899589843713e-05
-2.017172734296874883e-05
-1.918190927675781187e-05
-1.842392931816406155e-05
-1.852225308984374992e-05
-1.970242445214843554e-05
-2.131947379511718753e-05
-2.238405988945312556e-05
-2.259787356171874748e-05
-2.206066909433593526e-05
-2.112368455820312356e-05
-2.053336045859374735e-05
-2.082947618222656056e-05
-2.169159732285156055e-05
-2.221278006992187230e-05
-2.217100915624999898e-05
-2.242678447695312230e-05
-2.337797875312499829e-05
-2.423409174863281229e-05
-2.486942925292968482e-05
-2.560509324394530996e-05
-2.569140072539062298e-05
-2.534912718847656197e-05
-2.582520116347655997e-05
-2.647131518203124911e-05
-2.587078677246093712e-05
-2.434471791269531135e-05
-2.262953553281249906e-05
-2.090386274082031226e-05
-2.002123761289062329e-05
-2.046183492148437267e-05
-2.098683236386718486e-05
-2.058333296718749898e-05
-1.994427613496093667e-05
-1.972865048242187518e-05
-1.989678317832031270e-05
-2.054995438320312526e-05
-2.108286731835937365e-05
-2.088602904023437561e-05
-2.067402734824218648e-05
-2.057236571816406108e-05
-1.969708387871093764e-05
-1.880215635839843798e-05
-1.900176029062499900e-05
-1.946886973164062336e-05
-1.952771140683593799e-05
-1.900586108808593815e-05
-1.704033932832031109e-05
-1.447486136328124948e-05
-1.409129374960937516e-05
-1.571396976816406038e-05
-1.623219612636718785e-05
-1.530331781777343703e-05
-1.524447614257812409e-05
-1.630086064199218551e-05
-1.715468482031249993e-05
-1.791190183984374813e-05
-1.956700276855468705e-05
-2.233275223749999776e-05
-2.491587316835937473e-05
-2.556484820839843749e-05
-2.455481225703125026e-05
-2.373093343691406188e-05
-2.367657402871093576e-05
-2.365807275644531103e-05
-2.363260966523437351e-05
-2.429283805644531289e-05
-2.542914042265625028e-05
-2.614582630449218729e-05
-2.616308780078124990e-05
-2.609766577617187523e-05
-2.663572855000000022e-05
-2.695969154941406119e-05
-2.598160367128906086e-05
-2.484835306132812517e-05
-2.458847694316406270e-05
-2.428215690957031032e-05
-2.404087743105468662e-05
-2.496031436875000039e-05
-2.608135795371093604e-05
-2.569645519667968555e-05
-2.448824582382812411e-05
-2.447956739199218579e-05
-2.537373197324218672e-05
-2.474154159257812316e-05
-2.222431952324218764e-05
-1.973389568847656243e-05
-1.843680391484374967e-05
-1.817130112109375059e-05
-1.802338631035155995e-05
-1.715344504433593780e-05
-1.546496553164062516e-05
-1.360625524062500011e-05
-1.256608319628906215e-05
-1.253938032910156250e-05
-1.254882169999999955e-05
-1.212033604902343616e-05
-1.199807506425781112e-05
-1.224927275058593696e-05
-1.218470903242187507e-05
-1.217011782285156141e-05
-1.296729377578125014e-05
-1.426114305839843651e-05
-1.562060510039062393e-05
-1.667880158007812322e-05
-1.618060237226562472e-05
-1.405982251328124996e-05
-1.233920419257812404e-05
-1.188706743066406270e-05
-1.166324018320312460e-05
-1.180209509257812416e-05
-1.315583509160156261e-05
-1.503237908320312432e-05
-1.654738532656249985e-05
-1.750010548085937330e-05
-1.784562150878906070e-05
-1.754874284609374876e-05
-1.657265768300781268e-05
-1.545342607832031321e-05
-1.498212047246093736e-05
-1.545437975214843663e-05
-1.679638956308593506e-05
-1.821164152402343709e-05
-1.854456905742187509e-05
-1.818856261738281319e-05
-1.855916026699218536e-05
-1.951588585136718732e-05
-1.997784545371093508e-05
-1.990517550800781230e-05
-1.960810611054687567e-05
-1.914471599746093771e-05
-1.881798734394531038e-05
-1.868905064238281127e-05
-1.866711614433593547e-05
-1.886910426113281011e-05
-1.893681510292968774e-05
-1.858796121660156330e-05
-1.834000602128906215e-05
-1.910199140996093759e-05
-2.140215731601562480e-05
-2.358759626054687380e-05
-2.297047392636718729e-05
-2.020710864199218681e-05
-1.863421439726562515e-05
-1.921223610449218728e-05
-1.979035317910156006e-05
-1.881474485292968738e-05
-1.726101945214843515e-05
-1.677683924960937287e-05
-1.745404303496093614e-05
-1.825779933730468829e-05
-1.812285449062499981e-05
-1.669119933984374794e-05
-1.517810044414062432e-05
-1.491460036542968610e-05
-1.530131510273437278e-05
-1.532916237851562392e-05
-1.499680704941406166e-05
-1.454409808320312458e-05
-1.410016291621093647e-05
-1.383761651132812505e-05
-1.449383947246093762e-05
-1.628464818691406036e-05
-1.765431453886718525e-05
-1.736630504277343631e-05
-1.630314945917968509e-05
-1.607474457734374952e-05
-1.688622563769531318e-05
-1.731480665605468722e-05
-1.685017676699218712e-05
-1.670359709960937266e-05
-1.716527059980468508e-05
-1.778325124042968774e-05
-1.882351865214843635e-05
-1.993826798984375069e-05
-2.052658937441406264e-05
-2.099732277597656275e-05
-2.148636671503906291e-05
-2.171896776171874829e-05
-2.192057440898437356e-05
-2.209090055468750002e-05
-2.248638909121093566e-05
-2.381619187714843744e-05
-2.503975539863281127e-05
-2.450684246347656288e-05
-2.289341708105468664e-05
-2.156676141875000060e-05
-2.072161567226562449e-05
-2.049750232265624937e-05
-2.090748670136718802e-05
-2.128113610722656189e-05
-2.065409556523437493e-05
-1.863869666425781028e-05
-1.661652667910156091e-05
-1.628264547187499949e-05
-1.728457519570312584e-05
-1.808041600527343501e-05
-1.810635593339843594e-05
-1.767968226269531212e-05
-1.675070858671875065e-05
-1.547631425019531243e-05
-1.443280434746093744e-05
-1.390208486210937460e-05
-1.411465875839843608e-05
-1.459092346816406216e-05
-1.449984761757812360e-05
-1.413497201093749870e-05
-1.399888275566406212e-05
-1.391352894804687421e-05
-1.352414392402343689e-05
-1.263293573164062363e-05
-1.176375740468750021e-05
-1.215600345019531116e-05
-1.378068218378906233e-05
-1.535023857011718696e-05
-1.673592664238281232e-05
-1.812132861249999896e-05
-1.840104114628906233e-05
-1.741923394023437560e-05
-1.674889660644531108e-05
-1.699942672109375054e-05
-1.754702623320312323e-05
-1.774434134824218805e-05
-1.715926245468749910e-05
-1.598271505292968585e-05
-1.441430307519531101e-05
-1.257218670878906217e-05
-1.148290046230468705e-05
-1.169309017402343660e-05
-1.230210628066406223e-05
-1.298054984199218763e-05
-1.401004073945312471e-05
-1.447257254609374990e-05
-1.357135077851562384e-05
-1.195382459863281184e-05
-1.027993629550781286e-05
-9.170909000781249167e-06
-9.504885575390624618e-06
-1.105031401386718620e-05
-1.234969460468750024e-05
-1.189221726933593761e-05
-9.894842803710937680e-06
-8.312984024999998980e-06
-8.281798890820312500e-06
-9.626192886328124550e-06
-1.092662251835937434e-05
-1.042937698437499926e-05
-9.105486976171874505e-06
-9.101481546093749387e-06
-9.891409577929686611e-06
-1.036252444902343778e-05
-1.140479457578124895e-05
