Estudio	Ensayo	D_eucli	L	P	Inh	Trest	Trelative	C_h	Tipo_red
Chi30_Random_zscore	0	677.2733	40	0.020455471963653493	0.9685339617477567	0.015674297919158753	7.395821537598706	0.7120158009793169	4
Chi30_Random_zscore	1	1624.5071	27	0.9664030086143541	0.2830952700092937	0.6007102811738324	6.542838827517382	0.42753058300430435	3
Chi30_Random_zscore	2	1624.5071	27	0.9701094678523245	0.059620114621314335	2.4359475543313236	6.549183305617673	0.8743236449257991	4
Chi30_Random_zscore	3	3468.2100	33	0.6381019857930169	0.7160848317809689	3.9162796473042545	9.392900440328871	0.8993330719685784	4
Chi30_Random_zscore	4	1624.5071	26	0.3817458774089111	0.10403909403557132	4.163946418586895	13.53648926027434	0.008919913747797326	4
Chi30_Random_zscore	5	3534.5843	31	0.8391970861013157	0.9781478472726727	1.6924869686398054	8.103774188826424	0.8404462672312667	4
Chi30_Random_zscore	6	3568.4488	40	0.2085461352519664	0.8089880509225609	3.1671526344487395	13.045795244188213	0.9789337910804169	4
Chi30_Random_zscore	7	3540.4558	31	0.13395848555936352	0.6579723321913484	1.1936221570471388	5.707663605570467	0.03881714164118677	4
Chi30_Random_zscore	8	3425.2427	21	0.37657571279199054	0.9711932209682468	0.9839348100439194	5.484117726972796	0.2882581657717448	4
Chi30_Random_zscore	9	1624.5071	27	0.491298621440761	0.46373716538938337	4.634357320956476	5.909262071865207	0.9219894187167281	3
Chi30_Random_zscore	10	153.2848	40	0.03648157914813511	0.45462011772965816	0.09135375495227087	1.508580652946594	0.7064424262991696	3
Chi30_Random_zscore	11	505.2337	40	0.003956829233922189	0.4866532577058669	0.18312142953123223	0.9130905918037746	0.6799271355556366	3
Chi30_Random_zscore	12	215.2247	37	0.04241049689362315	0.4326691686692813	0.07977665013889634	0.8818062868312282	0.6267776077237603	3
Chi30_Random_zscore	13	1624.5071	36	0.2305561182233416	0.27064853177904075	1.787686732755151	1.8101824016317383	0.5728621711550628	3
Chi30_Random_zscore	14	1624.5071	36	0.14024907771478903	0.3704121873291124	0.7142084635456543	3.043117328058872	0.4534133887862017	3
Chi30_Random_zscore	15	1624.5071	36	0.33992357412395674	0.5837710601834953	1.6491612171646794	3.363319348929108	0.7182382236127522	3
Chi30_Random_zscore	17	404.2075	34	0.07327051111058833	0.38607561436146914	0.3229386254293978	0.45694608346308313	0.25551411705642324	3
Chi30_Random_zscore	18	3478.2636	38	0.2801394766546444	0.564584523859958	3.264444823549682	10.205800605884416	0.3718821020402177	3
Chi30_Random_zscore	19	3567.9551	34	0.5070998766121952	0.7831580832196015	1.1859141795153803	2.4998289056644163	0.7829426093146965	3
Chi30_Random_zscore	21	451.2864	34	0.07087701179271233	0.38443971703497104	0.39355981754717345	0.46735097674438175	0.21971119431596697	3
Chi30_Random_zscore	22	61.3337	38	0.07390432612704897	0.26701381788186096	0.03676994996921967	1.2448168442955514	0.16348084398658977	3
Chi30_Random_zscore	24	57.1236	38	0.004261273572892882	0.2726926476067496	0.02520542303800974	1.5584087677893934	0.5226080424032384	3
Chi30_Random_zscore	25	1624.5071	39	0.27842193439301777	0.2726194981940075	0.6342163623771702	1.9136489659175657	0.4996065503564175	3
Chi30_Random_zscore	26	1624.5071	24	0.09836179039123627	0.15234275805251207	1.2905367058440282	4.751550733627247	0.39857658047733124	3
Chi30_Random_zscore	29	437.1069	40	0.0028034079168615233	0.5633578421281116	0.02033441127080817	0.020532729201364397	0.7303681183229016	3
Chi30_Random_zscore	30	1624.5071	32	0.44920822880801403	0.002885863934465549	1.4899574413537868	3.4384999803324847	0.5133434119486493	3
Chi30_Random_zscore	31	120.2972	37	0.07412453363747082	0.4375911532285299	0.12250625284787335	1.1699196769887892	0.6591846835229369	3
Chi30_Random_zscore	33	1624.5071	39	0.2773843028949741	0.32459753152707715	0.02668080433040281	1.2054708549734374	0.7536832558737074	3
Chi30_Random_zscore	34	1013.6585	39	0.14608742255442997	0.524240469562495	0.5217695528447538	1.3873251035752765	0.5102497160425521	3
Chi30_Random_zscore	36	3575.8695	35	0.5888454195560017	0.6525650924806179	0.5781170263364852	1.5112520992332654	0.8230363958111493	3
Chi30_Random_zscore	40	3527.8366	30	0.04064493173553463	0.8863109380704205	1.3844422302041266	7.3181217250160735	0.1896203688043759	4
Chi30_Random_zscore	41	180.7825	37	0.03859258882547095	0.43814357812909366	0.0018783419167824437	0.28049030480090864	0.6133898793527668	3
Chi30_Random_zscore	42	3532.6355	39	0.09363289265983776	0.5007998943889972	9.663700850744139e-05	0.1609570088669594	0.5481711704966221	3
Chi30_Random_zscore	44	44.5704	35	0.1129812681629294	0.44321167710828113	0.5990509762613728	1.3760392677793596	0.610873990399128	3
Chi30_Random_zscore	46	1624.5071	36	0.22515199486550272	0.1087616024043146	3.7035160486593126	4.8015828961172105	0.4731832074711836	3
Chi30_Random_zscore	47	1624.5071	39	0.3110314399716639	0.52387054255616	0.9528196235492302	2.2211274591310413	0.6903700259746844	4
Chi30_Random_zscore	48	3555.1310	40	0.11097869079561011	0.7223925485896627	4.8741233538960795	5.498024523441039	0.0007524608223803408	3
Chi30_Random_zscore	50	1624.5071	24	0.2462475203274654	0.4621745585822956	0.4634894859488562	1.1446529578445466	0.542105454504117	3
Chi30_Random_zscore	51	820.9679	37	0.0417285673083779	0.4244889962537708	0.1452104424853333	0.8334890287096044	0.6261786219643669	3
Chi30_Random_zscore	52	3458.6362	38	0.000270100422726155	0.35735278574732565	0.03021240254767383	0.46570909740310995	0.6430149987613967	3
Chi30_Random_zscore	53	1624.5071	36	0.05871310509468887	0.2894054922897607	0.1989306437148609	2.853576412832985	0.6022034216614969	3
Chi30_Random_zscore	56	1223.1496	39	0.03728263283538229	0.5999915129957174	1.0517561375837206	1.7320382103424492	0.4756890655181449	3
Chi30_Random_zscore	57	236.2393	38	0.08068663825476466	0.39944096973965526	0.211893317668346	0.5667613397644932	0.7230176018027393	3
Chi30_Random_zscore	58	1624.5071	36	0.39860030003303104	0.22109874226072568	2.062895201466181	3.0232570605102023	0.8325040210544405	3
Chi30_Random_zscore	59	1313.8948	40	0.176704786461034	0.5501308007766884	0.3899771742198634	1.149571367494208	0.40555799749453314	3
Chi30_Random_zscore	61	490.1077	37	0.02803847059357186	0.45724456922682233	0.15310772931650019	0.6527488171344918	0.6714734853369168	3
Chi30_Random_zscore	62	124.4799	36	0.07687080442955117	0.4075739277161322	0.013486921332494822	0.060143763673622175	0.5410344603660995	3
Chi30_Random_zscore	63	662.2383	34	0.07869058107921367	0.3509417603879882	0.4062976244476937	1.1731054293744116	0.5365716315784135	3
Chi30_Random_zscore	64	3594.0236	36	0.01686708624049984	0.18874062373344141	0.007231373352220221	0.14920003493312017	0.5937554497018539	3
Chi30_Random_zscore	66	119.6459	39	0.10435000159242658	0.4868747005841064	0.7477394352608379	1.3458156872677594	0.4655813777894452	3
Chi30_Random_zscore	67	1624.5071	39	0.16181821698803858	0.3005385693845945	0.8479692326504827	1.902812901329997	0.08784531192788136	3
Chi30_Random_zscore	69	547.3366	28	0.1057461470572858	0.4905817882507558	0.5697714387940574	1.4165956165646925	0.27844236226695707	3
Chi30_Random_zscore	71	449.5402	39	0.05459562808483842	0.4605103480914854	0.2843049933984662	1.1141428238897633	0.49351353815490207	3
Chi30_Random_zscore	73	1217.7934	37	0.09318707583232887	0.5360912314463225	0.11120411048649416	0.6810412605870699	0.437358658619473	3
Chi30_Random_zscore	74	1230.9932	38	0.06787972939749146	0.5814661426059439	0.6899682460593906	1.3944053693564047	0.6904643627227378	3
Chi30_Random_zscore	75	87.3258	39	0.0009978803591026708	0.49479164389338925	0.49696810442688516	6.392438032466263	0.5260007540108319	3
Chi30_Random_zscore	76	111.0359	40	0.019961906447112307	0.4964522247051183	0.5042344446833931	6.0537024852731935	0.38870224524708563	3
Chi30_Random_zscore	77	71.4397	39	0.012100314710905419	0.48409186375174673	0.49866521498403976	7.335294746861933	0.3640916673270126	3
Chi30_Random_zscore	78	63.2399	40	0.0044634276961351355	0.49664661583835307	1.1040229106848145	6.768728967314303	0.3919985274303559	3
Chi30_Random_zscore	79	88.2217	40	0.01718290788846912	0.4844562137731144	1.1196987760132455	6.682493163679818	0.3749411757229898	3
Chi30_Random_zscore	81	118.7957	40	0.02005112172410986	0.49478808208983854	1.070105799114603	6.911768155748944	0.3652669915797321	3
Chi30_Random_zscore	83	203.8860	40	0.016815884680393127	0.5459399826595713	1.534872045789391	8.05732745902691	0.31379973214160795	3
Chi30_Random_zscore	84	75.7920	39	0.02555197526232554	0.4922088445272338	1.309654142710699	6.8919726002559685	0.35894284766418716	3
Chi30_Random_zscore	85	865.6315	38	0.06063315116294824	0.5712339302628638	1.3647626338209742	6.1604825230212255	0.23897370241094854	3
Chi30_Random_zscore	86	110.7530	39	0.045714639042025315	0.516707890578393	1.1812132182150514	7.826753668379863	0.418637669312083	4
Chi30_Random_zscore	87	70.9650	39	0.04506956305551289	0.5160117944076532	1.8588896362862626	7.906727028558674	0.2818689706412276	4
Chi30_Random_zscore	88	1624.5071	39	0.003285417469380488	0.6674173953033334	1.6475711090571743	6.540625130346474	0.28342460576698897	4
Chi30_Random_zscore	89	3543.2482	39	0.5313473776774418	0.6364721143310043	0.8983669031986373	7.517081633787207	0.20454717608303863	4
Chi30_Random_zscore	90	1624.5071	39	0.05250739180072296	0.5910653937548928	2.142409911935933	8.850252854729016	0.3190783272162675	4
Chi30_Random_zscore	91	179.3507	38	0.04213441442946637	0.5271423716650848	1.9035478741141996	7.703929933873024	0.4306509622402837	4
Chi30_Random_zscore	92	215.4481	39	0.0895195544856947	0.5164919252980552	1.1972376694369207	6.867082149702744	0.3519402458772055	4
Chi30_Random_zscore	93	177.7247	38	0.12647628960764665	0.47199099956799423	1.4920318122456395	7.907482547871481	0.41176428526271436	4
Chi30_Random_zscore	94	195.6157	39	0.057326937733972974	0.561960247870543	1.3374334599713598	7.130941441906708	0.2613513025785871	4
Chi30_Random_zscore	95	42.1457	31	0.031309837654570974	0.3944149901819441	0.896332465039309	8.301108456042094	0.4483569683529661	4
Chi30_Random_zscore	96	61.0825	25	0.03022337947097911	0.36502549591360256	0.8964438495847409	8.555209042172109	0.1438764957905968	4
Chi30_Random_zscore	97	103.1918	25	0.15265473131697166	0.3284304230217654	0.9693120803334327	8.589133869468936	0.5090266913858309	4
Chi30_Random_zscore	98	69.3605	31	0.10582072746413629	0.39124780025094497	0.8283265580417809	8.4530904202598	0.06490235750465836	4
Chi30_Random_zscore	99	75.6555	31	0.10952646777020578	0.3902044157309285	0.7788096342059104	9.736486153936111	0.043116392100086234	4
Chi30_Random_zscore	100	62.6423	32	0.2578254902570126	0.35295233459623987	0.848316662157697	10.172120327886	0.04143261744057632	4
Chi30_Random_zscore	101	77.3465	31	0.3373843513936643	0.3589707680963334	0.8523049834580099	10.074471746088602	0.03835895636046918	4
Chi30_Random_zscore	102	58.8142	32	0.10437621767923673	0.38826626594692415	0.6822651949399268	9.923418386530914	0.08455310199996918	4
Chi30_Random_zscore	103	73.5978	32	0.0738557510142237	0.34683714133700766	0.6419683177037618	8.466659234036754	0.14165040257911254	4
Chi30_Random_zscore	104	62.5867	30	0.19466842348016783	0.30169991428380205	0.9631903098133404	10.43867866620511	0.073490905714129	4
Chi30_Random_zscore	105	65.2719	30	0.260362542138905	0.30022313104955606	0.9784128145633204	10.829574955418792	0.09086481269546123	4
Chi30_Random_zscore	106	79.3322	29	0.23536116116998976	0.30103245311015503	0.9119262808545537	10.652834377858614	0.09435904265496665	4
Chi30_Random_zscore	108	102.4266	32	0.2803565980700351	0.310942219176772	0.7010743985706835	9.494053095315389	0.06662038410104859	4
Chi30_Random_zscore	111	59.9709	31	0.21542721285386218	0.33244592729945566	1.0155979283136873	10.927069221936422	0.11220853213124411	4
Chi30_Random_zscore	114	83.9539	31	0.18704353812082555	0.3914745911628028	1.2536680148412005	10.042100249015126	0.06116923365063194	4
Chi30_Random_zscore	115	118.7600	32	0.1518798824609281	0.20981790082813734	0.5992536618544103	9.800940987198015	0.10050630905684355	4
Chi30_Random_zscore	116	73.7094	28	0.25204384840185	0.3286103515782163	0.9056353651952577	9.22602640404982	0.1580311331204299	4
Chi30_Random_zscore	117	58.3365	30	0.13086964626588748	0.36851642862026857	1.1265739020592838	10.460237617599185	0.01777255700452618	4
Chi30_Random_zscore	119	66.5407	22	0.13538482270252586	0.2902854888101392	0.6949619439154456	10.25983338211755	0.004949363932997136	4
Chi30_Random_zscore	120	54.6664	32	0.18060812141072313	0.3688363222531578	1.1650121814591228	10.666333160466674	0.03422160764136358	4
Chi30_Random_zscore	121	51.3292	32	0.18739192216210523	0.41505449633239133	1.1270308283274673	10.531915913745214	0.046431480505957703	4
Chi30_Random_zscore	122	64.9498	33	0.20850546235953069	0.36757435574805924	1.5640593292826401	11.326986113927981	0.03639905223599629	4
Chi30_Random_zscore	123	61.8536	32	0.17760328082242297	0.4108152645146923	1.179598838925581	10.598989735007281	0.02168977330850088	4
Chi30_Random_zscore	124	68.1574	32	0.18636690472321632	0.4297863396276336	1.180083869724095	10.47253483228517	0.021091735679397983	4
Chi30_Random_zscore	125	45.5977	34	0.16744449721851934	0.4128194764561106	1.2752395986721696	9.83537581429241	0.05219899152971013	4
Chi30_Random_zscore	126	44.2914	33	0.12703151709477234	0.41633480964957265	1.2747277999386841	9.799807781493348	0.015847099067806278	4
Chi30_Random_zscore	127	42.7391	34	0.12798113355459045	0.41403915865132485	1.4262267067874952	9.634198996960214	0.02031740184877889	4
Chi30_Random_zscore	128	62.0298	33	0.12733370503615885	0.44325446313885675	1.4122223709848847	9.828412334001996	0.05301926742514814	4
Chi30_Random_zscore	129	45.4549	34	0.09056060629608442	0.3733387286592137	1.6139984659645947	9.313577145931784	0.010967776318472289	4
Chi30_Random_zscore	130	54.2842	34	0.14915591648400814	0.4118500896749966	1.642049190549789	9.424661447012497	0.0010495580557065096	4
Chi30_Random_zscore	131	69.8022	34	0.14999172371569722	0.41964578859897717	1.3061472325408896	9.463082768517847	0.012573675872874054	4
Chi30_Random_zscore	132	59.4095	34	0.11556984521578155	0.38148268513935446	1.3758021738090582	9.139684970046863	0.0027951951312962693	4
Chi30_Random_zscore	133	53.4132	34	0.11812247997987234	0.40164293727508016	1.7150748082878322	9.263473389899634	0.0015389286640393705	4
Chi30_Random_zscore	134	52.7110	34	0.11772416216791674	0.4094518437412603	1.6776571618936889	9.29071195180856	0.003923160130786229	4
Chi30_Random_zscore	135	49.6825	34	0.08844398484294873	0.4492782351212684	1.7164125509024923	9.765029249864492	0.024299226843988064	4
Chi30_Random_zscore	136	43.3788	35	0.13355413334044786	0.45752283417660844	1.7308630218608416	9.597288834910751	3.814201319448122e-05	4
Chi30_Random_zscore	137	53.3944	34	0.08733638296637229	0.44886409178883985	1.6996535265628665	9.660970209335892	2.372369202069402e-05	4
Chi30_Random_zscore	138	47.2606	34	0.16603327896676912	0.45174279255947564	1.6906993042874192	9.653949821415852	0.00030247535566551784	4
Chi30_Random_zscore	139	43.4852	34	0.08675006977331595	0.44793650191776035	1.7020065703084037	9.590280730440934	0.0008640946215741317	4
Chi30_Random_zscore	140	55.3028	35	0.09004505536152652	0.45006040977320255	1.986383448268721	9.589816307286341	0.052824332492795556	4
Chi30_Random_zscore	141	78.3244	34	0.14260961293075813	0.412888002264552	1.6542064100676488	9.243797688187147	0.006669062101197586	4
Chi30_Random_zscore	142	44.8740	34	0.08758340898104286	0.4554189999791835	1.7628861209738886	8.972086021210028	0.0020186169595340624	4
Chi30_Random_zscore	143	52.5357	33	0.08604341796212028	0.46567540514112676	2.271657722585284	8.967577527258715	0.028561385403996973	4
Chi30_Random_zscore	144	46.9194	33	0.09111420229095502	0.4706449533686288	2.166731710812395	8.968880083734378	0.03161938959572714	4
Chi30_Random_zscore	145	48.6000	33	0.07794115612780428	0.4679432333953919	2.1845123852198842	9.045268812664458	0.04569400440183178	4
Chi30_Random_zscore	146	65.6558	33	0.07195179010132904	0.47459213470511546	2.327190784329512	8.82469990039285	0.056632373138847024	4
Chi30_Random_zscore	147	54.7541	35	0.09221987443654243	0.46152118384168833	2.288467614104649	9.002032512313981	0.02816533598574123	4
Chi30_Random_zscore	148	61.6352	33	0.0671611472744932	0.43217830054573686	2.12291970545953	8.8262570251853	0.038595443463744265	4
Chi30_Random_zscore	149	48.6591	35	0.16347667706590707	0.4473304426680855	1.876971711433773	9.02971452491376	0.05220409425624035	4
Chi30_Random_zscore	150	49.5079	35	0.1600407963858297	0.4442330561963229	1.8988551705265082	9.930057957186794	0.07486500186418983	4
Chi30_Random_zscore	151	63.4268	35	0.1720153752730952	0.44195879860548354	1.9310438480742436	8.275876948952504	0.05176640858115929	4
Chi30_Random_zscore	152	51.0741	35	0.13506264402818066	0.4350321830527888	1.8356397258046302	9.622053973287281	0.0733485046217374	4
Chi30_Random_zscore	153	42.4117	35	0.1346808371203689	0.45642275525589365	1.811662860451088	9.93693219782987	0.07966821773452029	4
Chi30_Random_zscore	154	49.5512	35	0.15966526493469052	0.46621813129876866	2.035098546579979	9.960401914766289	0.08202929420728057	4
Chi30_Random_zscore	155	68.2799	36	0.1609916811807373	0.4740876529393001	1.9447669365130393	9.990622825139777	0.10260503706178654	4
Chi30_Random_zscore	156	69.0832	35	0.11435956582572822	0.4660262530645584	2.0521778688501455	9.049483362129132	0.08158454735506974	4
Chi30_Random_zscore	157	47.1280	36	0.14056697872449514	0.51026250954185	2.202968814809894	9.537597036214768	0.06634470166050398	4
Chi30_Random_zscore	158	60.9676	36	0.13560510522075414	0.43307661963473426	2.470845395327628	9.426681405657758	0.062004798567812366	4
Chi30_Random_zscore	159	50.3561	34	0.10151369053793342	0.5105511726895978	2.1584422270305206	9.581529674684385	0.04462413624984054	4
Chi30_Random_zscore	160	55.6271	35	0.06421228545797358	0.4853592689731547	2.711090754850462	8.655905427468051	0.026638063511248422	4
Chi30_Random_zscore	161	54.3311	35	0.16158772754828118	0.4589552448544009	1.824627126995623	9.928486193988487	0.08030970759205011	4
Chi30_Random_zscore	162	64.2431	35	0.1673073497127166	0.537402655753033	2.041250451408198	10.202438837686515	0.07028992817877998	4
Chi30_Random_zscore	163	51.1615	33	0.12728406549922275	0.5026484386211167	1.568178991264283	9.144658497438318	0.11506089463178168	4
Chi30_Random_zscore	164	58.6346	36	0.15144722998542534	0.44927176398920377	2.1771515661745857	9.406016262703853	0.09584062066284563	4
Chi30_Random_zscore	165	55.6181	36	0.12417352337773774	0.42389405939038577	1.8008512536460755	9.834768668143537	0.051001590812249295	4
Chi30_Random_zscore	167	49.1526	34	0.10460443460665939	0.39926942464683846	1.514064975378402	10.08707287368926	0.024581680470745104	4
Chi30_Random_zscore	168	62.0510	33	0.0988576314948147	0.3991742259321458	1.502660889234035	5.002229458629477	0.01997453967723317	4
Chi30_Random_zscore	169	3573.3226	34	0.0569855143010253	0.908598935843552	1.5760634548192296	9.351620067848033	0.03504113270248799	4
Chi30_Random_zscore	170	66.4572	34	0.6407023880631459	0.39512812982408213	1.8252522576506889	9.648754986988278	0.06239620443027871	4
Chi30_Random_zscore	171	50.5237	35	0.10912441979574032	0.4339845246576036	2.5796726996047425	10.101032388472696	0.0194105996984957	4
Chi30_Random_zscore	172	46.3924	34	0.1430244453913036	0.4547531952803511	2.236449468307093	9.837730185017064	0.043113087175667426	4
Chi30_Random_zscore	174	41.8098	34	0.10543753678970508	0.4830374157598094	1.7667537626896652	10.28213092803759	0.041687628593452056	4
Chi30_Random_zscore	175	52.7905	34	0.07549557904990244	0.486976245135316	1.7512584172395262	10.26772159589701	0.03960005583042279	4
Chi30_Random_zscore	176	40.1805	34	0.10801108803803486	0.5132120804607235	2.21330250440256	9.043935692283641	0.0191492347706535	4
Chi30_Random_zscore	177	1237.0926	33	0.7712565521449372	0.5378916074921534	2.2182453261577857	9.07492993735867	0.05453897079280674	4
Chi30_Random_zscore	178	38.1060	34	0.07414777126187445	0.4998408040483654	2.3790784514971905	9.260063159476152	0.01212214466775599	4
Chi30_Random_zscore	179	44.9261	34	0.045871572409053096	0.5183567824642563	2.791390583207513	9.291526285853948	0.01672646137460692	4
Chi30_Random_zscore	180	50.0664	34	0.04309240110583629	0.5182687306424516	2.873121151023037	12.273716399984792	0.0006175031064571679	4
Chi30_Random_zscore	181	58.4975	34	0.07885213891793719	0.5575944747780028	3.2366611366424016	8.3859794474888	0.0178532405591448	4
Chi30_Random_zscore	182	57.8198	33	0.05425949258128711	0.499758927155928	2.4289649052211773	9.33648905125954	0.03418742920818735	4
Chi30_Random_zscore	183	57.6491	33	0.09361959513148108	0.5114970583769699	2.5523557817545686	8.209051195028632	0.0165028421293919	4
Chi30_Random_zscore	184	46.4860	34	0.11440416640756793	0.48535937091880993	2.8572459321577806	9.755556011261309	0.0004171397710277282	4
Chi30_Random_zscore	185	37.1440	34	0.1188594925947919	0.5463887283844906	3.0315295826956037	9.772057800049259	0.015301328200736717	4
Chi30_Random_zscore	186	67.9445	34	0.11919189037228442	0.5532357838757874	3.035822849842097	9.464548115139241	0.022454182291042186	4
Chi30_Random_zscore	187	54.8043	34	0.10679694443310829	0.5366011939088463	2.7830371018193567	9.739463395730738	0.03870052064028694	4
Chi30_Random_zscore	188	44.7734	34	0.13464389325391704	0.5270113885228239	3.060540859913515	9.215010806350561	0.02069850149422733	4
Chi30_Random_zscore	189	67.0493	34	0.04034726273300744	0.5735773353553947	3.3930979227165716	9.300027555073848	0.014274089304248597	4
Chi30_Random_zscore	190	47.9353	34	0.09330394971333625	0.48639602413950783	3.091708116367519	8.706653315883136	0.0006771551317737783	4
Chi30_Random_zscore	191	50.9060	35	0.13954540431689352	0.5216638707070711	2.3437687883318272	9.844663145861219	0.031231481910206776	4
Chi30_Random_zscore	192	37.4211	36	0.06761854993468779	0.5020883154748607	2.926477414159427	9.224817817027889	0.047634506984527085	4
Chi30_Random_zscore	193	53.5760	33	0.9202539876159853	0.4873013588447223	2.8462579382539634	9.184137124415283	0.019769840818676505	4
Chi30_Random_zscore	194	63.1496	34	0.06850442337589692	0.5404106829144204	2.958512150363574	9.783509968852877	0.0007723397039251546	4
Chi30_Random_zscore	195	71.6256	34	0.11182148934232361	0.5064477631899388	3.028918939916126	8.850517584395172	0.042344763674169145	4
Chi30_Random_zscore	197	55.2188	33	0.09401037732900207	0.52525331951316	3.1851845535900907	9.236758174330035	0.05556667107896707	4
Chi30_Random_zscore	198	63.1656	35	0.02976849668699566	0.5961927276249157	2.7764171076508313	10.279675674928612	0.03134913385236181	4
Chi30_Random_zscore	199	62.5146	34	0.12138764413921418	0.4633547720905216	3.2976515118348595	8.935581877309641	0.01707759018227714	4
Chi30_Random_zscore	200	47.9452	36	0.08359258401596394	0.4276708223856255	2.8838821546378095	9.968137015167192	0.057360626908807305	4
Chi30_Random_zscore	201	61.0710	36	0.14018106344246326	0.5014214196784185	2.4430930241550057	9.462466716785388	0.06946331472643007	4
Chi30_Random_zscore	202	59.6890	35	0.12395685866870766	0.5570340982278866	3.093078414055983	9.644275518195156	0.03115829338348852	4
Chi30_Random_zscore	203	49.6730	36	0.14129458188166077	0.5095255433171585	2.9559166045770535	9.510544491495388	0.047932694135474546	4
Chi30_Random_zscore	204	175.9778	34	0.46342742213014865	0.5282889205179244	2.270936803032146	9.190690767379856	0.00011952572952127574	4
Chi30_Random_zscore	205	47.4763	35	0.10936323594190962	0.47488128136882796	1.465893420890639	9.713705024412238	0.08361688975098058	4
Chi30_Random_zscore	206	86.6999	33	0.058604665951631545	0.4530423876307638	1.579086594048912	10.064066667469293	0.751460428196089	4
Chi30_Random_zscore	207	56.5894	34	0.5684683206646021	0.48067517972549256	2.532025243061002	9.32980598087022	0.020013671930943663	4
Chi30_Random_zscore	208	37.4773	35	0.08048918532513565	0.503479466995614	2.7550154924962267	9.542422927380965	0.05983247209519971	4
Chi30_Random_zscore	209	61.5105	34	0.07434214755304953	0.4306354651654112	2.7694849100953727	8.606281868992529	0.04311065201800029	4
Chi30_Random_zscore	211	45.0843	35	0.10542183982429759	0.5042477140984826	2.9411001328870356	9.544778135684778	0.06812831307876707	4
Chi30_Random_zscore	212	42.6703	35	0.09299779612318114	0.49253004947698553	2.9928565288757274	9.848514205431425	0.04305259204126509	4
Chi30_Random_zscore	213	47.2748	35	0.10103876253819855	0.49451004492166134	2.9736974718625957	9.840240990631482	0.09311839978160882	4
Chi30_Random_zscore	214	76.6547	35	0.08049033702589957	0.5423947148903798	3.150089837066566	9.736089462666001	0.06709561452580023	4
Chi30_Random_zscore	215	47.9917	34	0.12056775934866552	0.5229411189388248	2.866646847195795	10.08718426242303	0.0005736172052590058	4
Chi30_Random_zscore	218	44.1169	35	0.07348248004001735	0.4710374915042541	2.8163479435746677	10.298377526376452	0.058864410914219	4
Chi30_Random_zscore	219	52.8318	35	0.07121653688780069	0.45782565599074443	2.7379632452061875	10.34160025021725	0.09538554247332087	4
Chi30_Random_zscore	220	88.9876	36	0.08728590677195319	0.4218422606943946	3.0684903071769765	9.305694215391267	0.064768317393704	4
Chi30_Random_zscore	221	41.3358	34	0.12216748767405958	0.47259613644904264	2.901546853437527	10.104766300788468	0.034780005755102164	4
Chi30_Random_zscore	222	50.0331	35	0.054326618915291836	0.4555039736474331	2.9228483782280392	10.126543489238847	0.03779221519780226	4
Chi30_Random_zscore	223	61.2134	34	0.13010073500159464	0.5112377082755803	2.838354511154112	10.349327071944742	0.052476597304875576	4
Chi30_Random_zscore	224	58.7449	35	0.09143996644486338	0.4711881661289852	2.5799666693489822	9.927313982559793	0.02657356451408229	4
Chi30_Random_zscore	225	63.9226	34	0.14751022731057975	0.441274324669293	3.1417806566493542	9.435394884285117	0.07127678165950477	4
Chi30_Random_zscore	226	64.1801	35	0.11895309266449232	0.4109703385833559	2.6601017941543965	10.160967535523971	0.02008621390814419	4
Chi30_Random_zscore	227	54.3238	34	0.07329732867283456	0.5320591696121569	2.95828775847942	9.54318866441354	0.042542101370493995	4
Chi30_Random_zscore	228	50.2426	35	0.03983804570580916	0.5006398088363087	1.4116540501102666	9.699630456899435	0.1257082777043365	4
Chi30_Random_zscore	229	41.4405	34	0.1054381070273842	0.4749688488835051	1.6340292869209356	9.161956694759287	0.059886857332230425	4
Chi30_Random_zscore	230	50.2535	33	0.10354202659649035	0.4811724132761196	1.757218929968266	9.216027017070658	0.0895782828211291	4
Chi30_Random_zscore	231	45.2353	34	0.1281033335367888	0.46121922298281565	1.633462867041883	4.107281563894039	0.05718555601668229	4
Chi30_Random_zscore	232	44.0240	34	0.10271328994238481	0.47192150483610795	1.6099101538928762	5.639995974039339	0.07432428920321621	4
Chi30_Random_zscore	233	65.1269	34	0.08197252937001479	0.47750567239115455	1.6019733065299537	5.459468548804176	0.07442214730577504	4
Chi30_Random_zscore	234	51.0262	35	0.10093131632304123	0.5048309795926069	1.6854234114039697	5.833604794193031	0.11230023254044526	4
Chi30_Random_zscore	235	49.7612	34	0.06148743535424475	0.4712445920282103	1.5417611981141135	4.571639987685231	0.019061206327444593	4
Chi30_Random_zscore	236	42.0208	35	0.12273717008203318	0.4428573508341493	1.6400347926536478	9.105281680266984	0.062078598600403614	4
Chi30_Random_zscore	237	42.2278	36	0.12487003936588395	0.44431536739119715	1.6752628142511834	2.752863392009461	0.0655562252257166	4
Chi30_Random_zscore	238	58.6543	37	0.1150338885078527	0.444317634934267	1.844865399562446	3.6100571993955453	0.0966203643452439	4
Chi30_Random_zscore	239	261.9743	36	0.127154022423438	0.5501825819174412	1.7470162985029833	2.8110217364958325	0.06954854487543762	4
Chi30_Random_zscore	240	50.5191	36	0.09751810498853265	0.49525040043396024	1.4685050432776996	8.811180823737203	0.034539708386245135	4
Chi30_Random_zscore	241	53.3351	35	0.13042352017428344	0.45747863750729156	1.6974593214529485	2.077896749052022	0.05687549234083303	4
Chi30_Random_zscore	242	40.3066	35	0.126431447790165	0.4343396867533545	1.6057398515252725	3.032210418784768	0.07790495544338576	4
Chi30_Random_zscore	243	45.5753	35	0.10992006445334723	0.43438556718451554	1.773475671782763	9.124125012526862	0.07889714696211028	4
Chi30_Random_zscore	244	74.4966	36	0.07757735300891534	0.5210768596767479	1.5978668610891558	9.387368715941516	0.1035029551192891	4
Chi30_Random_zscore	245	53.4475	35	0.14856785711375708	0.43329771911899856	3.026067662979134	7.656242835645671	0.08258884219585153	4
Chi30_Random_zscore	246	48.5481	37	0.1058634152634713	0.4793938410096612	2.7684235219321756	5.074700709836642	0.031105440457043478	4
Chi30_Random_zscore	247	68.7089	35	0.057709554458992895	0.45152543919048077	2.9092006623153552	3.7180736257850384	0.05739330522093971	4
Chi30_Random_zscore	248	1624.5071	36	0.08738274856815775	0.5006315804500084	1.397318648746534	2.400679473381053	0.5815758671082472	4
Chi30_Random_zscore	249	51.6086	35	0.12367169509648762	0.41824097962605333	1.4939726685537071	2.2006203374255278	0.020371806193097752	4
Chi30_Random_zscore	250	36.1769	35	0.1445722629471276	0.4757892846919067	1.655917514812377	9.05354308675909	0.04066464119955054	4
Chi30_Random_zscore	251	59.9189	36	0.1768017122296524	0.4731459652758118	1.7504578480636772	2.9295702377590507	0.039127644305220755	4
Chi30_Random_zscore	252	38.1073	34	0.14227292611034625	0.44344271256660794	1.640115541050429	3.120254767315225	0.016795293282284955	4
Chi30_Random_zscore	253	52.5803	35	0.15330935995384565	0.4460639488379216	1.6511190007396703	3.093833760366154	0.04261750119995342	4
Chi30_Random_zscore	254	53.3499	34	0.14348481473798605	0.42650494987687965	1.8888189540417128	2.6418243103516925	0.001741197258608121	4
Chi30_Random_zscore	255	59.0603	33	0.13650056902776728	0.4084145769018942	1.5431425804918688	3.1903026245013844	0.0303984460278229	4
Chi30_Random_zscore	257	66.6813	34	0.15028535494538484	0.4466080705829648	1.6168666329130037	3.227386872283023	0.05659341073561674	4
Chi30_Random_zscore	258	53.5388	34	0.11372577351168872	0.43541411570010835	1.8563180440920324	3.4144854286664206	0.020350954998938436	4
Chi30_Random_zscore	259	3539.7388	36	0.17250779735998562	0.7719084940806553	1.4600894239260787	9.11301465555169	0.046222290898749345	4
Chi30_Random_zscore	260	63.2286	35	0.09300433406700347	0.4817472586420155	1.7397055058611883	3.9002493300464747	0.000540888418295914	4
Chi30_Random_zscore	261	250.6457	33	0.1330819157767421	0.39839277839489196	1.9634498102948725	2.9208239245411107	0.7100850746435245	4
Chi30_Random_zscore	262	49.7135	20	0.07510468216080922	0.4617564431255653	1.5489160098548673	8.912913984787197	0.06473446679716688	4
Chi30_Random_zscore	263	54.6196	35	0.11309692559002094	0.42712527832815633	1.329098838377933	8.650744948460789	0.09048058517161403	4
Chi30_Random_zscore	264	70.5241	34	0.15147668515060783	0.4856981819933161	1.6481282268688706	1.9388840255520208	0.036502029709557814	4
Chi30_Random_zscore	265	53.0972	34	0.08844108560946921	0.4550942501708126	1.7851233578555383	10.36330023930301	0.020713182197397043	4
Chi30_Random_zscore	266	54.7807	35	0.1350399109351759	0.41260113755807726	1.8246650543476424	9.11127669421467	0.1126549987277855	4
Chi30_Random_zscore	267	45.0457	36	0.10424443140757883	0.4742706301861027	3.3104853956040117	3.4881716794577384	0.07471963860421146	4
Chi30_Random_zscore	268	51.2871	33	0.07655903289225872	0.4426981943240742	1.409790985734163	10.01753099750228	0.22596351034210962	4
Chi30_Random_zscore	269	73.0331	34	0.19502356731240963	0.4934621793778387	1.5843970025978122	9.615343473679284	0.05038095578663243	4
Chi30_Random_zscore	270	55.6317	35	0.11879910403888351	0.465388271593202	3.155436551262058	3.757210563506296	0.1318355739909826	4
Chi30_Random_zscore	271	29.1890	34	0.1663992298275345	0.5309834717937352	1.7181557292730119	4.2056592795752294	0.014173013799144315	4
Chi30_Random_zscore	272	62.7804	35	0.16581490716875422	0.534641509763705	1.487856090993793	10.767820725569456	0.03135009900922104	4
Chi30_Random_zscore	273	508.0737	34	0.15649246630146266	0.5642590756800178	1.6336932219792273	4.062248103959865	0.48912568906285053	4
Chi30_Random_zscore	276	3588.5320	74	0.24793834255533853	0.7303964373560724	1.0865525037746748	5.863595743174432	0.36932924677301615	3
Chi30_Random_zscore	277	59.0418	36	0.12221747709802196	0.5058412670185515	1.9645611387205202	2.5418109139362364	0.05775808920338995	4
Chi30_Random_zscore	278	94.5090	34	0.14835407888808322	0.5358805844116429	1.547114765600008	2.752113289499114	0.017737057264444245	4
Chi30_Random_zscore	279	65.6288	35	0.38212917154636195	0.4901838975535784	1.829061163080887	4.40692660904721	0.041081697552362836	4
Chi30_Random_zscore	281	3550.3681	36	0.7030562744403955	0.546809400842564	1.3450489212704129	5.056703715429882	0.06346589006661177	4
Chi30_Random_zscore	282	63.8156	34	0.06586793224154122	0.5153354473016155	1.2615682559212347	10.083031692968367	0.09959166231827388	4
Chi30_Random_zscore	283	64.7664	35	0.1300866700242561	0.431971933641398	1.707071231986881	10.48934888380417	0.03723517030826471	4
Chi30_Random_zscore	284	3556.6583	58	0.5615674111340399	0.7200499844297761	3.965854092184414	5.371477061505896	0.21919218288875142	3
Chi30_Random_zscore	286	53.2947	36	0.09105036988256879	0.4093791947860854	1.4792205614033231	10.258738436937142	0.07773516989940742	4
Chi30_Random_zscore	287	65.7577	35	0.1159870391651	0.46212216118010263	1.6304071661587247	5.358218264708298	0.05179135953781881	4
Chi30_Random_zscore	288	3535.5595	59	0.24599531310016498	0.7601841256669568	2.227711695546982	10.23026454437571	0.39285285053645913	4
Chi30_Random_zscore	289	60.8504	34	0.15606352674300744	0.44735983146043945	3.042855226199131	4.0377658474176465	0.02295224666016093	4
Chi30_Random_zscore	292	56.9504	34	0.1000154112096383	0.4747910930876644	2.849068905538944	3.141350589989766	0.03941594836256371	4
Chi30_Random_zscore	293	74.8067	36	0.19010493658489852	0.4307816751629652	1.7618129114644532	9.750985249661252	0.018929353720417864	4
Chi30_Random_zscore	294	49.0627	33	0.13781674512215744	0.3957624242382063	2.601919787560815	9.341073282715625	0.06284927620738982	4
Chi30_Random_zscore	295	3535.1912	35	0.11876398342283914	0.5880092838857947	2.4805379058879717	3.0208204076702	0.03681729075795104	4
Chi30_Random_zscore	296	42.8825	34	0.07423588966662713	0.4912298527212669	1.8675517323471902	9.455383188764682	0.0825851334343776	4
Chi30_Random_zscore	297	65.6919	34	0.04492986438087788	0.4919308452839297	1.877994703034092	9.909355150246894	0.09656253752142746	4
Chi30_Random_zscore	298	43.7596	35	0.07746990891092999	0.4630307827052816	2.009476404724279	9.574536564112133	0.12323349192864586	4
Chi30_Random_zscore	299	43.9160	35	0.06937939419676603	0.47204186391133296	2.0662523995578708	9.508754656161745	0.1308899177084862	4
Chi30_Random_zscore	300	64.6035	35	0.03571751171670624	0.4726376683295035	2.015469929715625	9.623841304628487	0.16942070502464107	4
Chi30_Random_zscore	301	48.8231	27	0.06486303752089474	0.49859164626208763	2.0989485294984833	9.464023957409077	0.13441542636666629	4
Chi30_Random_zscore	302	55.1460	36	0.07322522380089708	0.46687130187228915	2.078238326074308	9.473446368614253	0.11153948997529979	4
Chi30_Random_zscore	304	43.8876	35	0.04676133179403802	0.45551526130831693	1.8808955985102775	9.311957100733963	0.09057036357360669	4
Chi30_Random_zscore	305	1615.4700	81	0.6477281944931342	0.3287952216634896	5.559300936129947	14.042816043535852	0.04130062636650789	4
Chi30_Random_zscore	306	49.7941	35	0.044048603056156946	0.45442667162400446	1.8993660879294518	9.386587047813059	0.14781479293646554	4
Chi30_Random_zscore	307	53.8160	36	0.023008031089056788	0.4469786899599827	1.9608143622498786	9.22986738330954	0.1264640669960555	4
Chi30_Random_zscore	308	69.8161	35	0.0542609917838543	0.5082221070087338	1.8640509314161195	9.515386195354832	0.09453587207875605	4
Chi30_Random_zscore	309	51.5826	34	0.08478093201076121	0.4845236355377868	2.0772550666672367	9.077351086238513	0.0922156426727096	4
Chi30_Random_zscore	310	47.5426	35	0.06195175873180269	0.43863484194616364	1.7839798402384344	7.202672950786287	0.07813163213380432	4
Chi30_Random_zscore	311	45.4147	34	0.0855264161319254	0.4591000298958188	1.9030625713682192	9.313695189781832	0.11802748640313729	4
Chi30_Random_zscore	312	60.5134	35	0.09894619177419067	0.5077724458761385	2.379951499167738	2.631190299979641	0.07729808114898908	4
Chi30_Random_zscore	313	41.3984	36	0.05554794340078924	0.427088701425667	1.7792188123660928	9.628684870855572	0.09034542573292513	4
Chi30_Random_zscore	314	58.0020	37	0.02646588097043308	0.4188409854285033	1.960591027075339	9.603440567689557	0.15690523533494571	4
Chi30_Random_zscore	315	47.6190	36	0.04855473770209115	0.4249892754629008	1.7809209367380259	9.869895220522563	0.10649147092579224	4
Chi30_Random_zscore	316	3574.2031	36	0.038312115050708875	0.8394409116875275	1.7331591635309374	9.391388501035628	0.12819764766196418	4
Chi30_Random_zscore	317	1624.5071	36	0.011471166795052723	0.43976668935241925	2.1065033540020566	8.73804738783212	0.06043186367614771	4
Chi30_Random_zscore	318	89.2578	37	0.06614719670153305	0.5533673250687595	1.8561064090378663	9.149641051451804	0.09383732643611238	4
Chi30_Random_zscore	319	68.3262	36	0.07596172716198767	0.3794092269936166	1.9938585514080671	9.548246434446579	0.08188202175693442	4
Chi30_Random_zscore	320	78.7455	35	0.059226968172553233	0.5197079830303899	1.7371691267232705	9.716590851938466	0.052321763158880125	4
Chi30_Random_zscore	321	41.7022	36	0.0860704176749584	0.4917333408124022	1.8727259455091951	9.993917111040284	0.10194493607497795	4
Chi30_Random_zscore	322	53.2652	36	0.09346480178782116	0.4877038711272937	1.8141503892875412	9.961347759020661	0.07467122210160423	4
Chi30_Random_zscore	323	59.3743	37	0.10379588825551803	0.4075312549144297	1.6751774226293101	10.003637916109868	0.1018513589403448	4
Chi30_Random_zscore	324	1624.5071	36	0.0008550701978385367	0.4979701597921799	1.918218565620078	8.93515858486781	0.3009229467938244	4
Chi30_Random_zscore	325	43.4902	35	0.08554772157142168	0.44988957265908996	1.828359155964003	9.764879751717972	0.047666859965858954	4
Chi30_Random_zscore	326	69.1707	36	0.11706466786353538	0.5219912032475407	1.6770408480805865	9.84045766384947	0.044118492207221784	4
Chi30_Random_zscore	327	76.6456	34	0.08806037801680223	0.4376662546042604	1.7936361101336458	10.081545550330056	0.034338303366633786	4
Chi30_Random_zscore	328	46.5331	35	0.15123987876236547	0.4203866739410045	1.597012252918872	9.845445959028215	0.05547047410247197	4
Chi30_Random_zscore	329	35.0789	37	0.10935803736603054	0.5632388405033764	1.7882789183906802	9.673836900845204	0.0008456623844956823	4
Chi30_Random_zscore	330	53.1947	37	0.11447082062099985	0.5500053596432832	1.6932532403778744	10.097324737898672	0.003255811199444784	4
Chi30_Random_zscore	331	3560.2807	37	0.1640434740778642	0.6141340493186913	1.5065182084753101	9.781154372722913	0.0185839691665786	4
Chi30_Random_zscore	332	36.7693	21	0.1365310265363602	0.5867754704952108	1.7863934664995114	8.437338538193503	0.0029611002970442463	4
Chi30_Random_zscore	333	3573.9160	27	0.4279055220419128	0.6079900058091885	1.585494388928587	8.561552162610514	0.003135346411837837	4
Chi30_Random_zscore	334	78.0796	22	0.14086093183790804	0.5567878268276251	1.6831268873912644	8.834041738658168	0.017404178792152676	4
Chi30_Random_zscore	335	48.4964	23	0.16773579239990052	0.5651570168452842	1.7495707593611596	7.994856372758818	0.002338020393400062	4
Chi30_Random_zscore	336	48.0101	26	0.12963937443155302	0.5886929041055537	1.5830866653042714	8.495435465643883	0.026279574532760978	4
Chi30_Random_zscore	337	707.0758	37	0.143773433217539	0.5740759180883971	1.6799733367883884	8.126615874294014	0.0009691955289021106	4
Chi30_Random_zscore	338	3556.5398	33	0.1844483887260594	0.6262838807289407	1.7850617651239693	9.035102681024451	0.033373462984625235	4
Chi30_Random_zscore	339	234.8571	21	0.11083300469176507	0.5819588038404788	1.4275991689693026	9.172132519677639	0.0331680621004264	4
Chi30_Random_zscore	340	701.7641	26	0.11286991506028861	0.6413531683347163	1.5417024756033229	8.254002393335242	0.025849219988400514	4
Chi30_Random_zscore	342	55.7853	37	0.1599845172936299	0.5365446857401339	1.6583332937414124	10.202014443091354	0.00010272016110254541	4
Chi30_Random_zscore	343	47.4967	34	0.09847461115380855	0.5190778303027407	1.7258885854132655	9.366363582342654	0.04492636924873984	4
Chi30_Random_zscore	344	944.2715	33	0.12718566285890548	0.553185711422801	1.906538649834995	2.359602602384849	0.017691623019421992	4
Chi30_Random_zscore	345	49.1234	33	0.20958330168932543	0.5327017476035782	1.5649182266924246	9.58548618125711	0.0627605894454916	4
Chi30_Random_zscore	346	238.6953	24	0.0996600119229166	0.6028814200909821	1.7880286673478991	10.551173557068967	0.03500557563989073	4
Chi30_Random_zscore	347	46.5966	34	0.14857394318186504	0.4968912503892169	2.7168824626361014	2.949547604636325	0.017073447656871254	4
Chi30_Random_zscore	348	79.0690	29	0.12109945905483467	0.3971005142207124	2.9545242538615817	3.2433988485143104	0.050664776035382955	4
Chi30_Random_zscore	349	227.7107	36	0.18044227735145554	0.5727075472523144	1.6551738144278647	10.007983215566616	0.07460062890818109	4
Chi30_Random_zscore	350	54.5256	25	0.08672485013561287	0.4962526589776652	1.4819593410604441	9.194152099395836	0.018844951388865713	4
Chi30_Random_zscore	351	64.7530	38	0.13827453015092406	0.5178725775014393	1.7657636149156863	8.871429802807146	0.001047992381890424	4
Chi30_Random_zscore	352	43.3476	34	0.10825167729550622	0.4798086125268047	1.8572630060251287	8.397966750154005	0.0435425169641005	4
Chi30_Random_zscore	353	53.3518	34	0.11499032629905778	0.4816491114687702	1.934960108426335	8.443059213214944	0.05919151205713518	4
Chi30_Random_zscore	354	3505.8081	32	0.6428078936547637	0.9450762913296139	1.872117893528493	8.153497594365366	0.07388370072362169	4
Chi30_Random_zscore	355	52.9268	36	0.16054831609706757	0.5393768081728361	2.4437426535339384	8.69973300228865	0.03975052640100927	4
Chi30_Random_zscore	356	48.4478	34	0.1315062626307148	0.5090651041687911	1.9427836437031183	8.611371235529058	0.04995480088717237	4
Chi30_Random_zscore	357	50.7123	33	0.35365169221221016	0.4816629680102165	1.814267833492393	8.453425841061605	0.032815685532635426	4
Chi30_Random_zscore	359	44.7472	35	0.10513253690210839	0.5039608540283781	1.607805386127245	10.393761200553127	0.06848818174530955	4
Chi30_Random_zscore	361	3524.9083	39	0.91460580251452	0.8912417475361636	2.5027725288598255	11.127128467823248	0.7884445961422578	4
Chi30_Random_zscore	363	1615.4700	13	0.5496906824183743	0.231260330845664	8.398983436006455	13.871590015736857	0.8822244553876833	4
Chi30_Random_zscore	364	1615.4700	72	0.03825040260535306	0.027403930006751454	7.453324592557026	15.22556063148297	0.7155949761113415	3
Chi30_Random_zscore	365	1615.4700	83	0.7453090852153289	0.20347546907963154	2.505415298249832	5.810242444560423	0.7725873194397881	3
Chi30_Random_zscore	367	3526.1371	14	0.8662637102743322	0.8310906032808918	6.391561477182872	10.518239166688158	0.40380509035994616	3
Chi30_Random_zscore	368	3565.3091	93	0.7279143370809629	0.7780005292861683	7.978598229669487	8.801810340684591	0.7470445561884848	4
Chi30_Random_zscore	369	45.8053	27	0.7296079578493277	0.4751042610908025	5.818971411295914	15.550683536924975	0.07999292984895201	4
Chi30_Random_zscore	372	46.8615	36	0.09641827954789783	0.5334563127653601	2.2870134849865753	7.768899859569685	0.057890260876044375	4
Chi30_Random_zscore	373	48.1313	35	0.0689760096959558	0.5119752931126109	1.8070490844791784	9.052157371932005	0.09731442299740442	4
Chi30_Regular_zscore	0	1615.4700	53	0.0	0.4593276502452601	4.98129988720756	7.8723521043467395	0.06084784320875258	0
Chi30_Regular_zscore	1	1615.4700	23	0.0	0.5644063140131557	3.2094145912033545	10.51827059570078	0.1888912143864494	0
Chi30_Regular_zscore	2	1615.4700	61	0.0	0.039748023512790276	1.3995127965224774	6.244001390208696	0.689531304262064	0
Chi30_SW_zscore	0	180.1330	40	0.16599908461717428	0.10807881727997226	0.729494241341393	1.4150501105217772	0.9966779897516499	1
Chi30_SW_zscore	1	1615.4700	99	0.67031881130017	0.648594401096755	4.1233743686483635	5.8707033214377855	0.8928175632828236	1
Chi30_SW_zscore	2	105.9221	58	0.1979982996595977	0.2988800501957368	0.77399455137384	4.05933867113685	0.9227012332444081	2
Chi30_SW_zscore	3	1615.4700	39	0.02073764387009225	0.6361583399427476	5.986490988402865	12.939698672341342	0.6771741013779806	2
Chi30_SW_zscore	4	1615.4700	69	0.5314000009461842	0.7470225024945542	6.768262569401186	11.82753077074738	0.5931586579552359	1
Chi30_SW_zscore	7	1615.4700	72	0.5498307242909548	0.47837683001118947	7.831581007927778	9.379919758283116	0.046785140679668435	2
Chi30_SW_zscore	9	1615.4700	81	0.1738889595287445	0.34983546553831246	1.2032620335076383	4.246246836111696	0.2092387531760267	1
Chi30_SW_zscore	10	1615.4700	81	0.47408956433457883	0.5445172804851942	4.588912965550593	8.863830909945044	0.2938508730381114	2
Chi30_SW_zscore	15	51.4565	89	0.6189257576633908	0.5222938364078367	0.1896462934837828	1.6659526844797468	0.626519412304213	1
Chi30_SW_zscore	18	1615.4700	61	0.6297350757055826	0.33326701897912336	2.0452518940142617	6.909875161030168	0.813120203401011	2
Chi30_SW_zscore	19	1615.4700	86	0.062197546204848075	0.5215062514049106	1.095970743826351	4.122177413792373	0.9613444362560204	2
Chi30_SW_zscore	20	1615.4700	67	0.8376228439428248	0.06513171140648732	9.160370131368689	16.246931594632535	0.7319861920999878	2
Chi30_SW_zscore	23	1615.4700	53	0.3961903474789623	0.17104863554240002	7.255492689798282	8.918262133496395	0.6534184140520893	1
Chi30_SW_zscore	26	1615.4700	71	0.5170837794635555	0.19160475828258494	1.7056566644233195	3.2844922561234933	0.852459443865469	2
Chi30_SW_zscore	27	1615.4700	16	0.49055567006089296	0.48041947792000284	8.214183881975494	14.282813973107302	0.9236113367547016	2
Chi30_SW_zscore	28	1615.4700	72	0.4756958552845173	0.590078926612588	6.3262344290355745	8.16798379071135	0.9025027946732729	2
Chi30_SW_zscore	31	673.2842	33	0.4597629683412221	0.9854978696834109	0.5105883031913927	4.885060704541429	0.8891077458141222	1
Chi30_SW_zscore	32	1615.4700	57	0.936719396378053	0.23708161278063766	4.143489520384746	4.634406350884278	0.09140600015067302	1
Chi30_SW_zscore	33	1132.0304	64	0.20217180668336843	0.7889924780897515	0.1696891620852825	4.509363138193317	0.4359594518259208	1
Chi30_SW_zscore	34	1615.4700	39	0.3064941400633967	0.0013522367654341672	8.995826694047587	10.208870930361732	0.7749066235750061	1
Chi30_SW_zscore	35	1615.4700	97	0.10317763670798907	0.3234548282194363	8.612065208534387	13.801542134748143	0.37053672874475085	2
Chi30_SW_zscore	36	1615.4700	73	0.4972299803414384	0.514501815412205	1.8415337536615584	9.366067391534745	0.016269710792971792	1
Chi30_SW_zscore	37	1615.4700	89	0.9004882053704719	0.79453375794156	5.753908752341061	8.451025725349787	0.8794290180180672	2
Chi30_SW_zscore	39	1615.4700	59	0.3944577165406521	0.7031935046451099	8.115535918049929	10.709165300719988	0.05209716192953828	2
Chi30_SW_zscore	40	79.8743	30	0.2311498904208183	0.09892568509485367	0.11726543965511071	0.7758759003386478	0.9968403039330973	1
Chi30_SW_zscore	41	495.7753	26	0.2482112758683554	0.11112049362772564	0.029906995518013124	0.6885004263526007	0.9900297701243173	1
Chi30_SW_zscore	42	3468.5052	22	0.22934943167008515	0.11318962042017433	0.6301821477285856	1.1290902234327949	0.9969076401534323	1
Chi30_SW_zscore	43	92.8593	26	0.2625097161487221	0.11209685270460823	0.06327824786533343	0.15248037693310457	0.9633738476848505	1
Chi30_SW_zscore	46	100.6776	47	0.2727024886423551	0.06386378291792194	0.8546782020087897	2.2650657609947	0.8334796451154866	1
Chi30_SW_zscore	47	78.0986	48	0.26195093874648373	0.4098965474795529	0.9629581109039875	2.235952475063196	0.8166879853258315	1
Chi30_SW_zscore	49	69.4454	51	0.39572748579520167	0.05996067287452957	0.3338773489622284	0.4465845291624837	0.7298101183044823	1
Chi30_SW_zscore	51	1615.4700	51	0.30119369286765585	0.07282097274279424	1.0668692899566403	2.2118870127533836	0.7559143702340966	1
Chi30_SW_zscore	52	138.8723	46	0.371549256076044	0.13736078906127583	0.9331349214524511	1.870309445891671	0.837801540451318	1
Chi30_SW_zscore	53	203.4505	23	0.25369817810156253	0.07381002868189704	0.4846188357747936	0.9797845675662367	0.582030396040046	1
Chi30_SW_zscore	54	1615.4700	48	0.1967640022614497	0.20117102316038482	2.1452951315703688	2.6871898496202626	0.955730831933676	1
Chi30_SW_zscore	55	91.4444	35	0.4344206733094376	0.0308198747169649	0.030169476384186933	0.19818932794218158	0.6833793867115375	1
Chi30_SW_zscore	56	76.3479	42	0.5878400095435758	0.40454781009653806	0.13713783338250546	0.19258342453202837	0.6313913730518622	1
Chi30_SW_zscore	58	67.1380	32	0.4368095608007122	0.4408149208912494	0.4326860132246323	1.4980617873218212	0.5266883831986101	1
Chi30_SW_zscore	59	1615.4700	54	0.7078738685650052	0.4426486929636958	1.1868353972492645	1.6732276627233758	0.4829609562828895	1
Chi30_SW_zscore	60	75.8431	42	0.6869834955084766	0.2761814049023378	0.5567192083960404	1.2389203947769083	0.5242848215677733	1
Chi30_SW_zscore	61	67.5432	31	0.7003282514876198	0.3856790732379468	0.45298555829699677	1.2251667653195457	0.5242568701126258	1
Chi30_SW_zscore	62	58.8859	42	0.7034234740669201	0.39121949702014736	0.4844197635145501	1.286512558152603	0.5492385667553475	1
Chi30_SW_zscore	63	77.4857	42	0.6848544116116668	0.27310892419305943	0.4707822960725842	1.2720594924728144	0.5300594558251243	1
Chi30_SW_zscore	64	56.2720	37	0.763792694691117	0.45603012643161767	0.6341303031801087	1.465624761023331	0.5932620902451426	1
Chi30_SW_zscore	67	1615.4700	51	0.7130859434312784	0.3709244962508479	2.2898906526714398	2.9385811821507213	0.5253891326407838	1
Chi30_SW_zscore	68	1615.4700	77	0.774253607214914	0.4772945389641077	1.7563864002568126	2.4720365304937983	0.5987614252027625	1
Chi30_SW_zscore	69	50.4487	32	0.6564835849839816	0.5036344540748173	0.6598594627047933	1.4399218820347919	0.5540061757737204	1
Chi30_SW_zscore	70	62.8975	26	0.581614969245437	0.5653855646633852	0.7702541232866496	1.4717716909417287	0.5629051169149565	1
Chi30_SW_zscore	71	51.7992	21	0.5929024676899138	0.6448006819913957	0.38334488694750335	1.4860845084920977	0.5707344567508909	1
Chi30_SW_zscore	72	47.6878	20	0.5891935510059431	0.6364089264590748	0.7867278177178266	1.548878386954779	0.5637625382486453	1
Chi30_SW_zscore	73	45.0492	21	0.6538583886304566	0.6369198249497035	0.7533452141667628	1.6647548704966824	0.5549966280652038	1
Chi30_SW_zscore	74	40.9699	18	0.5790562335919415	0.6499116235579026	0.8133203193197791	1.5739218543298945	0.5666757539655298	1
Chi30_SW_zscore	77	40.5208	13	0.5264942236584457	0.6636983037959405	0.9213164903727253	1.7121217978937047	0.5654709379179086	1
Chi30_SW_zscore	79	1615.4700	13	0.5268152582825864	0.7660604433243439	1.0373085932324857	2.4623289861697293	0.44164692074199957	1
Chi30_SW_zscore	80	48.9582	18	0.5638344088077971	0.6920594885083052	0.7108568149896621	1.6693855270394824	0.40637693334268105	1
Chi30_SW_zscore	81	54.7406	21	0.5681683823813101	0.6989050423783179	0.714624147682049	1.6455295024464691	0.37820343866520845	1
Chi30_SW_zscore	82	37.6236	19	0.5607753590938709	0.6866882415865384	0.8881600890804278	1.6960076938995874	0.3912786257823354	1
Chi30_SW_zscore	83	1615.4700	18	0.5489079576376331	0.6722675811149206	1.2662799304720558	1.927937291639868	0.23585281236005223	1
Chi30_SW_zscore	84	675.5439	14	0.614484964893774	0.8617280327963799	0.8615373679969445	1.7776703736340413	0.4928988663837754	1
Chi30_SW_zscore	85	1615.4700	23	0.5220274887449695	0.7233586412338004	1.4991190570053705	2.820890311494717	0.40874619113094746	1
Chi30_SW_zscore	87	1615.4700	13	0.5684321162504316	0.6794659099436873	1.9581728497990711	2.456768851605223	0.26912160224828824	1
Chi30_SW_zscore	88	56.6957	28	0.5096618495130714	0.6077447841554536	0.2778038528874132	0.9285613670828187	0.3888976296484808	1
Chi30_SW_zscore	90	278.9809	24	0.730120242159595	0.7393163510928848	0.7741691736262712	7.572215845716581	0.6278393390132742	1
Chi30_SW_zscore	91	41.8901	19	0.5728077618198578	0.689726802994474	0.7630784790584838	1.5827472198287178	0.3547304753467346	1
Chi30_SW_zscore	92	1615.4700	18	0.6003823314978693	0.811750002309694	1.6005640268987213	1.9879438204835613	0.5038020458974006	1
Chi30_SW_zscore	93	1615.4700	16	0.6692713800755301	0.6803478166180366	1.3137342702508157	1.6201546906128435	0.45926453492460234	1
Chi30_SW_zscore	94	116.2400	12	0.6333726184546451	0.5000856370943997	0.22491336112104499	1.0148381420114796	0.7032073576357535	1
Chi30_SW_zscore	95	481.8635	20	0.5761600547520819	0.7185292925714506	0.9524534046077024	2.353693657179093	0.41590193007180476	1
Chi30_SW_zscore	97	54.0210	28	0.4985240092625113	0.5592365021152995	0.7368059602414889	1.402544999838248	0.33956369773214995	1
Chi30_SW_zscore	99	65.6839	22	0.46344388069988085	0.5352189720561393	0.32245784736361627	0.725537151652254	0.2849275613655985	1
Chi30_SW_zscore	100	1615.4700	16	0.5329016690523414	0.584297124787382	1.1972947336474495	1.7505233470210235	0.6488940325469206	1
Chi30_SW_zscore	101	67.3396	27	0.4997955853288658	0.5665525134974482	0.004807114114360078	0.3632955785924272	0.35367434798241	1
Chi30_SW_zscore	102	46.2549	21	0.5582991619819466	0.6698509977100209	0.6683321662179718	1.051303681621111	0.5516111454388404	1
Chi30_SW_zscore	103	48.7317	18	0.5537469400844772	0.667862741808999	0.6299422105854771	1.0312319153530631	0.5535786327172073	1
Chi30_SW_zscore	104	41.3360	18	0.5599441375279722	0.7075036966462943	0.9713848096694585	1.2512305172702087	0.6157019846741393	1
Chi30_SW_zscore	105	1615.4700	18	0.5596923358980749	0.7041723668641753	1.7014474255928609	2.2407935293698285	0.6113520248571537	1
Chi30_SW_zscore	106	50.7008	13	0.539408091785764	0.667171748460678	0.973455537780695	1.1845352449468711	0.539953547723695	1
Chi30_SW_zscore	107	59.0123	15	0.43301432130806755	0.7452618176510266	0.5893370065048025	0.8887907012226707	0.5075607077043941	1
Chi30_SW_zscore	108	1615.4700	24	0.4817520828816548	0.8113635610488331	1.4198653026512018	1.8433664007373458	0.5953980794230173	1
Chi30_SW_zscore	110	1615.4700	18	0.6130309075973981	0.6880540259720228	1.133336408739269	1.3797097380164278	0.4498932573853851	1
Chi30_SW_zscore	111	59.8305	12	0.5343482371347825	0.6641017892475436	0.8935662946389	1.0998077244411901	0.5545383318466689	1
Chi30_SW_zscore	112	45.5780	14	0.58227039949477	0.717296477538043	0.6593532151615111	1.1103330776814826	0.4782081757346094	1
Chi30_SW_zscore	113	33.4675	16	0.5887061447014647	0.7673342139887094	0.5816949433000358	0.7941258728710949	0.4847099303016123	1
Chi30_SW_zscore	114	68.8330	22	0.5846886895423201	0.72442689120393	0.5500045179875008	0.8752566658213214	0.4736658919840616	1
Chi30_SW_zscore	115	3500.0163	16	0.5570195294692845	0.8421945313675095	0.2532936486038242	0.5859607742533435	0.3940526193158983	1
Chi30_SW_zscore	118	37.1209	19	0.5977885862221202	0.6976167278325535	0.8235262437523019	1.1901437875807417	0.5137874987214792	1
Chi30_SW_zscore	119	44.8632	20	0.5947754195975272	0.710990884092538	0.8563984796371726	1.3442078993276878	0.588212140642661	1
Chi30_SW_zscore	120	40.6995	23	0.6066047834842386	0.7199876258810749	0.8954820478193217	1.128068279943876	0.5145944507317964	1
Chi30_SW_zscore	121	40.2256	20	0.6014093702669455	0.6377066079637741	0.888460002015003	1.2320295885512935	0.5071128404788523	1
Chi30_SW_zscore	122	41.2686	24	0.6108186686729563	0.7084464118234632	0.9168193370471873	1.095698507391254	0.5820721997918887	1
Chi30_SW_zscore	123	1615.4700	23	0.6079724582722	0.7481402413628575	1.7196123170930244	1.9972619573182548	0.5141459160928074	1
Chi30_SW_zscore	124	44.0574	16	0.6393641076142715	0.718412658879547	0.9296097559231526	1.248431253948807	0.5848786355578244	1
Chi30_SW_zscore	125	50.0058	24	0.6477982478838366	0.7093219744957283	0.9631040349216052	1.2950759590129772	0.5805878242460651	1
Chi30_SW_zscore	126	1615.4700	16	0.6722817341521411	0.7733300647513004	1.182043721905702	1.3881879381281954	0.6046662319106577	1
Chi30_SW_zscore	128	48.4002	19	0.6147470628777473	0.6964624629146842	0.383284130895008	0.717821686852772	0.6668331599609398	1
Chi30_SW_zscore	129	51.2796	22	0.68169453016264	0.8097719752428825	0.8905418349286985	1.2155477342739847	0.587302896391884	1
Chi30_SW_zscore	132	1615.4700	16	0.5843169933808238	0.7091553350291916	1.2521684685739194	1.5764095416904185	0.4790533168267963	1
Chi30_SW_zscore	133	63.7294	19	0.6311177582014948	0.7918821720305333	0.4943140535373264	0.9090562687115472	0.6229849652995474	1
Chi30_SW_zscore	134	1615.4700	12	0.6138182313920981	0.6234458183242269	3.2932833376269603	3.518903305946036	0.5350362672121495	1
Chi30_SW_zscore	135	42.9324	17	0.5247773202761933	0.7373182266575756	0.8064734370168338	1.1014078772939997	0.5143675298197137	1
Chi30_SW_zscore	136	39.7431	17	0.5262523191728532	0.7365146952966685	0.9167779796056647	1.1762800736479826	0.5786383696024646	1
Chi30_SW_zscore	137	36.1340	17	0.44634812273554625	0.829432236042007	0.9266891300868729	1.1546905215048122	0.5773554329811268	1
Chi30_SW_zscore	139	1615.4700	12	0.5205004084391991	0.7435069244705936	1.0652959580245323	1.4084100232396406	0.5130252597127057	1
Chi30_SW_zscore	140	381.6907	17	0.41292953959651824	0.8285508910896382	0.13600031070075258	0.3559001282117138	0.6073097971681887	1
Chi30_SW_zscore	141	59.2115	20	0.47168944755756753	0.8677345089562963	0.8256235650280924	1.1115427821970005	0.5773091538941196	1
Chi30_SW_zscore	142	54.7988	15	0.5107057091531415	0.6888627306119032	0.35789157241410446	0.689915884781683	0.6386302007383797	1
Chi30_SW_zscore	143	46.4167	19	0.48820710817719837	0.7672241343310565	0.8852607928196202	1.1871241680162345	0.5966927439935192	1
Chi30_SW_zscore	145	67.6632	23	0.5483669741324981	0.7876656696970781	0.545738940091451	0.8414272233115018	0.509506006344891	1
Chi30_SW_zscore	146	51.0779	26	0.6001091764893894	0.6878011255983177	0.904345422028734	1.151981182314697	0.46147051761330754	1
Chi30_SW_zscore	151	65.3308	21	0.6419295235146552	0.6774036721539457	0.7223624150553469	0.9696290247227056	0.5439929976280079	1
Chi30_SW_zscore	152	54.2041	17	0.6582094005040341	0.6020509250949283	0.42033156544975214	0.7769472052548705	0.5635229154932899	1
Chi30_SW_zscore	153	49.7958	22	0.6011098883725847	0.6330282759929073	0.8000766707596951	1.3217087355745336	0.5926744285771453	1
Chi30_SW_zscore	154	46.5986	15	0.531690530318575	0.6555308469967848	0.9999640372902474	1.3288164921113683	0.49443200501201456	1
Chi30_SW_zscore	155	53.4075	20	0.5878546863172681	0.7010761692568467	0.6361915027222487	0.9440123217439301	0.655319064879495	1
Chi30_SW_zscore	156	1615.4700	24	0.6300383497711556	0.7540775440325714	1.0805157871489177	1.5663998068698386	0.5167680699387014	1
Chi30_SW_zscore	157	40.7554	18	0.3629542980722561	0.6853578877818177	0.2932621504524995	0.5397175007778796	0.6229918374005335	1
Chi30_SW_zscore	158	3512.8403	13	0.5643336851225264	0.7250076919882574	0.17820257246291143	0.6486801823122206	0.3039303092590227	1
Chi30_SW_zscore	159	46.8100	17	0.3760460605154094	0.6814428982126409	0.3821787195513143	0.5423208424683197	0.6996019142239649	1
Chi30_SW_zscore	160	63.5259	15	0.5397647722748605	0.7808153661186203	0.5562806265233152	0.8345820345828793	0.6175127633459974	1
Chi30_SW_zscore	161	39.8568	19	0.3573115357541182	0.6635270623759224	0.765264616437827	1.0743225932448777	0.5657197474414437	1
Chi30_SW_zscore	162	52.0012	19	0.34987355019353006	0.6984215656067164	0.8405384508730702	1.132503863003286	0.5935541311830782	1
Chi30_SW_zscore	163	56.3809	66	0.31591333591159504	0.6653299128384175	0.24221189947554259	0.5305021459870765	0.6345510941268532	1
Chi30_SW_zscore	164	1615.4700	18	0.35910390770777967	0.7108533663866511	1.3267650798904211	1.6258625202891013	0.569134668859456	1
Chi30_SW_zscore	165	3607.6274	16	0.2865790894737376	0.7331584677873404	0.021008381684816946	0.40476108633119456	0.5388344032984078	1
Chi30_SW_zscore	167	45.3506	20	0.4174820857795352	0.8845841989730113	0.484997937658863	0.9661342641584365	0.6736924232630335	1
Chi30_SW_zscore	168	41.3812	13	0.370813237063737	0.6558293241064173	0.7251269006646763	1.0775203653366656	0.571045137411374	1
Chi30_SW_zscore	169	632.6939	11	0.3592260469182843	0.6576810736172997	0.6990422000098282	6.819735828510148	0.5664430261594703	1
Chi30_SW_zscore	170	65.2381	13	0.3751421538021741	0.6376112790763815	0.2689812139168547	0.5792010001424276	0.5256486572434984	1
Chi30_SW_zscore	171	40.9616	15	0.3294728190382322	0.7013077606925532	0.8723552899037834	1.1434778577133753	0.5867217017745896	1
Chi30_SW_zscore	173	304.8650	10	0.3953128845775642	0.6159334261685683	0.661190637911416	1.0320166959303412	0.5753968091038587	1
Chi30_SW_zscore	174	44.2984	17	0.2980416355529913	0.6923848260600537	0.9293143688166459	1.225473859726393	0.49907784484173845	1
Chi30_SW_zscore	175	60.9192	14	0.31487952752550535	0.748654121305889	0.46793250120818286	0.7611452055980984	0.62642780867834	1
Chi30_SW_zscore	176	1615.4700	18	0.3725939025778797	0.6587779642204868	1.3573625082584946	1.6200464191220174	0.6469764821964897	1
Chi30_SW_zscore	177	1615.4700	16	0.3412444776035318	0.8259473605073596	6.7041966956281245	6.765181635995232	0.5945147210529291	1
Chi30_SW_zscore	178	59.8979	12	0.5132275153795202	0.7209675679915217	0.7909738601922005	1.0778212923241357	0.3665745854314833	1
Chi30_SW_zscore	179	1615.4700	18	0.5719444674376052	0.7662944223411565	1.1248441232599553	1.4211577629436563	0.523668753733396	1
Chi30_SW_zscore	181	37.2997	17	0.29422510178667727	0.6907876689741709	0.9022185263210277	1.1780266160901467	0.49548430109017805	1
Chi30_SW_zscore	182	1615.4700	16	0.38365113568520587	0.6757040579893872	7.15055395088026	7.2115247202775645	0.4581812701020372	1
Chi30_SW_zscore	183	42.9509	19	0.31749319773337514	0.7254276500698161	0.9483298130120869	1.2033718598220597	0.4801050949467713	1
Chi30_SW_zscore	184	49.8147	21	0.3249969836330426	0.7382231585693928	0.5906930579738168	0.8933235775345896	0.4812211549800981	1
Chi30_SW_zscore	185	56.2750	23	0.2867920810770151	0.6431836225039596	0.7851045611061429	1.0815599965095057	0.5039586812889002	1
Chi30_SW_zscore	187	41.3270	19	0.30643442159399115	0.6859332389033074	0.5211926287625761	0.8513760292502078	0.4210807664261216	1
Chi30_SW_zscore	188	992.5048	25	0.3002728266536719	0.6655384209469167	0.4016326372333277	5.021878205286244	0.39225405136036945	1
Chi30_SW_zscore	189	58.4220	22	0.2654429296544027	0.5959552912501269	0.5954296950130725	0.8433378334613976	0.43621286809492116	1
Chi30_SW_zscore	190	593.0222	13	0.34147556268806983	0.6491520285326305	0.2318835521279365	0.4411042484627354	0.37722919205303607	1
Chi30_SW_zscore	191	45.7347	19	0.3260916695635265	0.6827951660278825	0.9085801199045838	1.1744811061800078	0.4184866636191207	1
Chi30_SW_zscore	192	40.7268	17	0.27752737732479194	0.7279460180355054	0.7107530027376822	1.014545460092914	0.46160065756183416	1
Chi30_SW_zscore	193	55.1027	17	0.28582408029765505	0.7001185427831542	0.6277703303827593	0.9358843648487499	0.43900853760339364	1
Chi30_SW_zscore	195	50.1556	21	0.5510524932610865	0.6292643818209959	0.7561974189171756	1.0587951668767102	0.40389824554681186	1
Chi30_SW_zscore	197	48.9198	18	0.27150837326537214	0.7940814760307242	0.4538180266560953	0.6973060563440586	0.34741365567896093	1
Chi30_SW_zscore	198	65.4131	14	0.4149018295834617	0.7126359641596489	0.7129655131418837	0.9605878431059869	0.4948312229971276	1
Chi30_SW_zscore	200	49.1382	16	0.23706785478344322	0.7614075693209942	0.3066648888019088	0.6745017951325653	0.4290072341352146	1
Chi30_SW_zscore	201	37.9802	20	0.3205065450538137	0.7350117065643559	0.9336777902653837	1.2008960112996347	0.47961126745950355	1
Chi30_SW_zscore	202	689.8216	23	0.30619934397668463	0.9589872320156393	0.878111080937128	1.1664837467673435	0.4696599944619199	1
Chi30_SW_zscore	203	60.3229	20	0.5527602632495714	0.728438693901401	0.521342531729875	0.8557631656683342	0.49266456042348067	1
Chi30_SW_zscore	204	1615.4700	18	0.5303469320986158	0.6949357378194893	6.280019505600225	6.32252752148404	0.5251076237247135	1
Chi30_SW_zscore	206	42.3684	15	0.28628191130396724	0.7093754501328452	0.7858577535795678	1.0704185801923833	0.5658255841760447	1
Chi30_SW_zscore	207	1615.4700	12	0.29251834217235667	0.7085672779906074	1.376545799162716	1.6624543581693718	0.5738162947543916	1
Chi30_SW_zscore	208	59.1971	15	0.2640548915362401	0.6873461859038397	0.9645464053311283	1.2693436525847874	0.5505099426813442	1
Chi30_SW_zscore	209	55.1388	14	0.20767177260375305	0.6502262893198912	0.6474403043928167	0.9396461172055011	0.5916905264393144	1
Chi30_SW_zscore	210	59.8877	10	0.31153255717650197	0.6668174192453921	0.4623744615201276	0.7987801635839903	0.5630197069426925	1
Chi30_SW_zscore	211	41.9426	17	0.3280300697762483	0.712032866543269	0.8470921343562212	1.1565496883955142	0.5128056266395074	1
Chi30_SW_zscore	212	55.4540	19	0.28652529066583277	0.7145757833212126	0.7775660849208892	1.0729511350554914	0.32247910858834816	1
Chi30_SW_zscore	213	40.0935	17	0.36313075628784997	0.683538505585294	0.9887301533133488	1.2673708775452883	0.5361421046150753	1
Chi30_SW_zscore	214	48.9765	19	0.3682190318715462	0.6813290436920649	0.967493219926281	1.2913456801772956	0.5363638972439456	1
Chi30_SW_zscore	215	1615.4700	94	0.39093115792888217	0.6927074966200455	1.163861506381317	1.461464927305371	0.505592976191674	1
Chi30_SW_zscore	217	52.8497	23	0.35337351580828663	0.6706660524381332	0.614928648708031	0.856806926497051	0.4538288787604827	1
Chi30_SW_zscore	219	47.5914	17	0.5994949790958252	0.6460608087444939	0.9187718434173755	1.2074566297888971	0.5112464696265437	1
Chi30_SW_zscore	220	50.2687	18	0.3534165208994146	0.7462799625990691	0.36807947236559296	0.6028232776091924	0.4689167459667825	1
Chi30_SW_zscore	221	45.6367	15	0.3033337272967442	0.7172017920842318	0.7580419103371525	1.0273493625290389	0.5687803260002084	1
Chi30_SW_zscore	222	52.2057	13	0.2760046674625297	0.7012451470782054	0.7857587481888528	1.0806930483216597	0.5827855306713042	1
Chi30_SW_zscore	223	53.8416	16	0.32885910479416464	0.7217153479353714	0.609439077519227	0.8693660244484879	0.5511634615397173	1
Chi30_SW_zscore	224	1615.4700	61	0.2505267822583229	0.6918314587806458	1.0140258441624352	1.3056184978854932	0.6099583631668346	1
Chi30_SW_zscore	225	40.9301	20	0.616575190579303	0.669300978595941	0.8299245489998841	1.124053202403618	0.5328335208213594	1
Chi30_SW_zscore	227	55.9888	22	0.6088698257322729	0.6682585680351975	0.51807081841654	0.7416216736888973	0.48831224971374565	1
Chi30_SW_zscore	228	51.1920	19	0.6191238118517831	0.6833192649092625	0.9161417538631209	1.1996496223375102	0.5447340833491607	1
Chi30_SW_zscore	230	42.5292	18	0.3834541913568756	0.6320819880785638	0.13448467419917365	0.4455947274488242	0.5927184070506383	1
Chi30_SW_zscore	231	48.4904	16	0.3380228537036235	0.7094139617172904	0.7901018595229033	1.1138023131179886	0.5625340590871065	1
Chi30_SW_zscore	232	45.1702	15	0.5914854571862325	0.7006006517262727	0.6624269592011423	1.0540428615811388	0.5733571380106425	1
Chi30_SW_zscore	234	46.0315	20	0.5686140763868366	0.7227068255590935	0.8879909080175016	1.1919453689281794	0.6300645183025914	1
Chi30_SW_zscore	235	1615.4700	13	0.628039964283819	0.6961024773870362	2.8094102322773837	2.9119374888619367	0.517733370119899	1
Chi30_SW_zscore	236	49.2341	18	0.3608271078874075	0.6627677903996075	0.42999104679510974	0.6934926035025984	0.3776787947617785	1
Chi30_SW_zscore	237	51.0126	15	0.5469319301619904	0.746930320542312	0.7173254126788157	0.9705027909350885	0.6028631129968844	1
Chi30_SW_zscore	240	35.4102	17	0.6086918798967731	0.6353665519120213	0.9088070091829279	1.204178748072705	0.5808925616967733	1
Chi30_SW_zscore	241	52.5627	17	0.6045179586053033	0.6353043938315682	0.8205249276100903	1.1769747857295847	0.5843809711903094	1
Chi30_SW_zscore	242	58.2975	15	0.5881668717388606	0.6566184802707403	0.5803812999651679	0.9241753221573037	0.563687179951881	1
Chi30_SW_zscore	243	41.3311	20	0.6250333079122268	0.608546163148757	0.968972072273075	1.321788584361903	0.6114228171978903	1
Chi30_SW_zscore	246	57.2880	18	0.563798219079681	0.6303553638276287	0.9282345320057579	1.2571983721917075	0.5923276742645976	1
Chi30_SW_zscore	247	1615.4700	24	0.602714667632499	0.6460090572424891	1.2980291684960257	1.6126657721611357	0.4177323139673338	1
Chi30_SW_zscore	248	53.1302	21	0.6472752691247606	0.6702863538931755	0.5748858288585355	0.8306232846045382	0.529481836896621	1
Chi30_SW_zscore	249	46.4889	19	0.6156699112301653	0.6215758592011117	0.9223202890709089	1.2349491111657431	0.5068859936564205	1
Chi30_SW_zscore	250	65.0963	17	0.593448823523703	0.6808303898306501	0.697589033346725	0.9909997741428598	0.6452081580555458	1
Chi30_SW_zscore	252	49.7321	23	0.4353715813459781	0.692967385083052	0.32635938787140684	0.600205181333536	0.4968316318434969	1
Chi30_SW_zscore	253	166.8825	17	0.004241333840038997	0.7294360568889243	0.8118185912936104	1.093270100991424	0.4473169425866436	1
Chi30_SW_zscore	254	3502.2476	12	0.33877883082664834	0.672333329760982	0.5461939984810653	1.8476169118728523	0.6045622896741998	1
Chi30_SW_zscore	255	1615.4700	79	0.5424354156537492	0.7610305389775545	1.2907077089061527	1.5903550241290632	0.5370713000666157	1
Chi30_SW_zscore	256	47.7269	19	0.5806331157979292	0.6438889271154081	0.9905033837927595	1.2980116478077828	0.39639162308115666	1
Chi30_SW_zscore	257	1615.4700	16	0.49697139706529553	0.6093505535152797	5.969831215056976	6.006547994557561	0.4752356560367608	1
Chi30_SW_zscore	258	48.6501	22	0.3656704568583587	0.6612647908711027	0.7115583586426792	0.9969333217970078	0.5787807225925313	1
Chi30_SW_zscore	259	1615.4700	13	0.6239380334793267	0.8539118468658166	1.2352891700616635	1.5216844915607357	0.54925541777239	2
Chi30_SW_zscore	260	51.8931	18	0.3234854412769848	0.6925402749084728	0.3633943069318962	0.784250252138728	0.6300180095738005	1
Chi30_SW_zscore	261	41.0370	20	0.6075385500746627	0.7183464624941788	0.8931211532029829	1.20332724896074	0.5268462448860698	1
Chi30_SW_zscore	264	1615.4700	23	0.5557478156097331	0.681895100249419	4.349360453954197	4.433172073574698	0.35961065290779504	1
Chi30_SW_zscore	265	59.2617	27	0.6150895952386451	0.7208821386650163	0.5901538294289992	0.8377525174257971	0.6073055961224266	1
Chi30_SW_zscore	266	60.7083	19	0.6386629688603949	0.8085589327410772	0.8911568568370701	1.199921051294434	0.5263770444020339	1
Chi30_SW_zscore	267	3528.1181	14	0.5880063053636978	0.7582756854877797	0.1698152104942458	0.34386766738654817	0.49183329837700807	1
Chi30_SW_zscore	268	45.9094	16	0.5763299862115535	0.8986664451839829	0.48111600273463084	0.683293807323466	0.6577148812064063	1
Chi30_SW_zscore	270	43.5648	24	0.6113561587883777	0.6629055016447335	0.7367072960949017	1.012342710878435	0.5344878969977236	1
Chi30_SW_zscore	271	41.4153	18	0.5586226859764521	0.6979139896351708	0.968381132890135	1.2591265756098264	0.4653798182513771	1
Chi30_SW_zscore	272	1615.4700	18	0.5502570678737949	0.7031927319610842	1.5801544414694413	1.8693271356688514	0.45320862353887165	1
Chi30_SW_zscore	273	240.7118	14	0.5073443818760388	0.7446201591045475	0.9605943898735715	1.219876551486954	0.47089207442916575	1
Chi30_SW_zscore	274	1615.4700	16	0.6446104650371529	0.7221902498992908	1.2062319044565435	1.5053204524155006	0.4994695488228019	1
Chi30_SW_zscore	275	53.7261	20	0.8644241492470568	0.6785757874643819	0.9831704960388016	1.3060589675621745	0.46858722460888	1
Chi30_SW_zscore	276	57.5527	18	0.3860805844098863	0.7011089827454249	0.6707618057832689	0.9722865494474788	0.42664995804779804	1
Chi30_SW_zscore	277	38.3508	22	0.5920343818163569	0.6505380269898299	0.37531199975616836	0.5893731714600303	0.4403256060866564	1
Chi30_SW_zscore	278	119.5566	22	0.6269922643562054	0.6186950945499473	0.26963378777245345	0.3209689829252489	0.4388194946120768	1
Chi30_SW_zscore	279	47.0633	11	0.5972812358225685	0.6438129707373241	0.4140470955106357	0.7726244932260906	0.41425075983099613	1
Chi30_SW_zscore	280	1615.4700	24	0.6732192649646493	0.6571734962158869	9.36942419591846	9.386619719008946	0.590310007143566	1
Chi30_SW_zscore	281	123.6236	22	0.5882006317567003	0.6078013188908288	0.12670462294755674	0.2546521681153049	0.6177334171404034	1
Chi30_SW_zscore	282	61.9071	25	0.6196808948919713	0.775810267046388	0.5164522490929073	0.7191139038821386	0.5537494859602579	1
Chi30_SW_zscore	283	48.6880	21	0.4564954377141472	0.6476861124495368	0.7644374031607892	1.0306992662406644	0.5198399803758974	1
Chi30_SW_zscore	285	52.4367	20	0.4131466330210189	0.6270214190559209	0.010910148458925018	0.5357449954059433	0.5933772170781471	1
Chi30_SW_zscore	286	52.2927	26	0.3523061061533375	0.7370912065282357	0.3877133270524066	0.8681567682417783	0.5412524293359139	1
Chi30_SW_zscore	287	53.6240	16	0.5962693295849553	0.6848849402906881	0.6121154498152215	0.9057434022268168	0.5222993272139196	1
Chi30_SW_zscore	288	191.1310	13	0.48088698108436345	0.716141216611738	0.7980572278492275	1.0676090897926418	0.4949654923338067	1
Chi30_SW_zscore	291	59.2214	23	0.534277753961664	0.8341616129911675	0.5809950787122078	0.9035317194980541	0.6133758710701231	1
Chi30_SW_zscore	292	48.5902	20	0.64727983697208	0.6382227860113177	0.8543345059571484	1.1223367188199451	0.6437695689427887	2
Chi30_SW_zscore	293	58.1471	14	0.04986109982886078	0.7926927493540011	0.24085618065014425	0.5722556830044725	0.5780192119401317	1
Chi30_SW_zscore	294	1615.4700	83	0.6102587601416574	0.7538924066455794	1.2835208144612675	1.5510944922300491	0.4832682618071101	1
Chi30_SW_zscore	296	57.1301	19	0.37602370589064943	0.6873776574854912	0.6783953301703057	0.9879087310088898	0.5127546962582947	1
Chi30_SW_zscore	297	46.9944	22	0.5650815527214764	0.713501741040022	0.38411372766106666	0.5966269906227178	0.5958744913908185	1
Chi30_SW_zscore	298	43.2245	12	0.29975320196992894	0.6608363729797807	0.838660038777865	1.1407068860531808	0.6224424295946641	1
Chi30_SW_zscore	299	1615.4700	16	0.636216781073021	0.7304547379196636	1.1137429655565656	1.4153867457628313	0.5645875322058096	1
Chi30_SW_zscore	300	47.3622	18	0.26465936198866463	0.6804314650588322	0.5408492171138419	0.750777560811948	0.5317141337914296	1
Chi30_SW_zscore	301	44.6234	15	0.3476757880295655	0.6498039963345648	0.8817209289158552	1.1258439576917612	0.4016353693168265	1
Chi30_SW_zscore	303	115.9176	18	0.5719005889582106	0.9445612241956273	0.6917342541270839	0.9415214600256953	0.505500918383672	1
Chi30_SW_zscore	305	49.7116	14	0.5484258455555706	0.728558049035472	0.450936412899417	0.7035138649988373	0.45861039951274024	1
Chi30_SW_zscore	306	43.9945	16	0.5860853279040037	0.6680729929681228	0.8959998799475124	1.1449495037450041	0.5820530045839504	1
Chi30_SW_zscore	307	50.2654	24	0.31268596074296057	0.7693041950928494	0.25403101132967787	0.45087281877057883	0.6054436816269793	1
Chi30_SW_zscore	308	55.4145	19	0.5198650051330079	0.6956571146020865	0.683558113174821	0.914486710714012	0.5479656305137233	1
Chi30_SW_zscore	311	56.4679	17	0.39873521998939243	0.5985155589437325	0.5663866658625359	0.931958708578972	0.5721271166177998	1
Chi30_SW_zscore	313	40.0352	20	0.37256813630223384	0.6782399698844288	0.7986849217470291	1.1027695333431387	0.6332379051734296	1
Chi30_SW_zscore	314	37.2025	22	0.5954014914770545	0.681799924865267	0.8677745364666002	1.1690773408376083	0.6579958902991367	1
Chi30_SW_zscore	315	52.2018	23	0.6019868808985682	0.6758313391156663	0.8573330018334397	1.1533152767615864	0.6412795243345878	1
Chi30_SW_zscore	316	57.0882	26	0.5886181839829647	0.6884510934086955	0.5057785517952366	0.757089999500637	0.6427857147697694	1
Chi30_SW_zscore	318	55.0863	25	0.6379775038066463	0.6978249047459699	0.7867154231604068	1.0507270673067923	0.6949702616000758	1
Chi30_SW_zscore	319	58.8844	56	0.2884470670656566	0.7199554806642463	0.3397067105254847	0.7368758509963738	0.666438701013922	1
Chi30_SW_zscore	320	67.5475	21	0.6156082958684269	0.6756947808929398	0.9581959190077998	1.2370106252024025	0.6814829540690734	1
Chi30_SW_zscore	321	53.3856	20	0.423444309391519	0.631968646975964	0.7040029495459241	0.9682496418873604	0.6288386621188361	1
Chi30_SW_zscore	322	1615.4700	24	0.32257634543175434	0.7497186045615398	1.2877625824552836	1.5857272340308914	0.484012663494407	1
Chi30_SW_zscore	323	762.6433	20	0.5752770808087234	0.5219510932428475	0.46554219680227643	2.0958462484919265	0.5086560690542168	1
Chi30_SW_zscore	325	234.4956	22	0.36998228281676165	0.6571788239308125	0.19415592655109098	0.5117139811703038	0.41470254726241884	1
Chi30_SW_zscore	326	37.7478	18	0.24954768048234757	0.7120742730770798	0.7677313025890335	1.0707386400502437	0.6053561713784931	1
Chi30_SW_zscore	327	50.2638	17	0.22158483465939707	0.7247445897950225	0.6360694812145917	0.8512670693865478	0.5372432695843407	1
Chi30_SW_zscore	328	51.0247	18	0.24505210607247271	0.7062891054862208	0.7776563272412056	8.849236658528177	0.7466003911646953	1
Chi30_SW_zscore	329	856.8526	16	0.2572566618531137	0.7367322539247729	0.007682348437314135	0.4660713714940634	0.38186739932210434	1
Chi30_SW_zscore	331	39.9437	15	0.1849877081490213	0.7111995229033884	0.37122916294868347	0.6380634179980077	0.43935632252072954	1
Chi30_SW_zscore	332	51.7215	14	0.5360394153977107	0.8751583645391385	0.2655625806695722	0.582763222585908	0.46382138684518415	1
Chi30_SW_zscore	333	40.5573	15	0.1863835265929864	0.8139012164782992	0.4436840228134606	0.7118964500401167	0.5008422220435027	1
Chi30_SW_zscore	334	50.3204	12	0.17454810151369374	0.8201777430331556	0.35127643644355977	0.820308999757359	0.4933739332427106	1
Chi30_SW_zscore	335	51.8337	15	0.1728426891487041	0.8503699276918257	0.14242962527009706	0.6056769369499342	0.7124674363662507	1
Chi30_SW_zscore	336	54.3961	35	0.1698941458775461	0.8022535338585837	0.49873058275332394	0.7283260548492848	0.47547773624677114	2
Chi30_SW_zscore	337	47.0866	15	0.18757122223423345	0.798126913764486	0.6161639883131904	9.896136722170136	0.5097242150348348	1
Chi30_SW_zscore	338	189.1925	16	0.15208347643991021	0.7440024250714976	0.7499012882607975	1.0434610896886425	0.45032876267519867	1
Chi30_SW_zscore	339	47.5430	13	0.1276391881519442	0.8501067032636953	0.4389644816824687	0.6952359784902767	0.52317991837629	1
Chi30_SW_zscore	340	876.0969	17	0.2238943621368849	0.7765299519640629	0.2281478577535058	0.24859994873232694	0.4993649471104044	1
Chi30_SW_zscore	342	60.1558	17	0.21476061759921888	0.7873184194018212	0.8574855349891973	1.1409462485885444	0.48728595799012053	1
Chi30_SW_zscore	343	1615.4700	12	0.0885366866518644	0.7574043394933845	1.1439278296914264	1.4504289210405972	0.5144087897583273	1
Chi30_SW_zscore	345	59.5135	18	0.14879181869302185	0.7099781680859378	0.6475566986063351	0.9037643889483009	0.5348579007669259	1
Chi30_SW_zscore	346	52.3879	44	0.19407775632284238	0.814704716022833	0.43700791484893503	0.7771831309829248	0.6503837841834905	1
Chi30_SW_zscore	347	35.9383	16	0.14533402656692673	0.6848775676001636	0.8673390590273388	1.1644587511435878	0.47191738846893266	1
Chi30_SW_zscore	348	74.0590	16	0.14345794866997225	0.6826678226402543	0.656788045860429	0.9366753613310057	0.45672315683761117	1
Chi30_SW_zscore	350	3535.9195	14	0.3887519891151008	0.6935018773534156	0.005650986987437712	0.023917020433336322	0.4744318338754295	1
Chi30_SW_zscore	351	1615.4700	53	0.16338744168762667	0.6522922521209291	1.1225721460218143	1.415169746448644	0.47588872963374845	1
Chi30_SW_zscore	352	50.3814	17	0.20255846515739476	0.6732806888739853	0.3599585550357264	0.5723189468765081	0.4963190230034925	1
Chi30_SW_zscore	353	35.5038	15	0.12687580089976028	0.6980140913967804	0.8430718922559727	1.1067505505475945	0.5964307403124367	1
Chi30_SW_zscore	354	68.7086	13	0.11190197738958398	0.7026300359792436	0.8607756664924829	1.1736638042304506	0.5972006727009824	1
Chi30_SW_zscore	356	1615.4700	12	0.14791217547626773	0.6866502408793106	2.848143400442078	2.9327931460724876	0.6702363129840544	1
Chi30_SW_zscore	357	50.0354	15	0.35607780803621636	0.7540741907168886	0.5656357509689548	0.8375941628158639	0.6296389023457856	1
Chi30_SW_zscore	358	1615.4700	18	0.07571923193098931	0.7150836771379501	1.3680461494717522	1.6555466180354808	0.4298715210977101	1
Chi30_SW_zscore	359	40.1843	70	0.1329431645311521	0.6989936186377789	0.9934227351373519	1.2269061309688816	0.4687820640099106	1
Chi30_SW_zscore	360	1615.4700	18	0.1291026501052328	0.6774568046379568	1.085817995380423	1.3471616038579415	0.47391797489673615	1
Chi30_SW_zscore	362	46.0889	89	0.10014704953167869	0.7011906205880227	0.7287813294442467	1.0228941490216719	0.4886663133459827	1
Chi30_SW_zscore	363	3577.2107	78	0.11713928938025284	0.736168071677847	1.0112548450926693	1.2539038215758895	0.4567597634855613	1
Chi30_SW_zscore	364	48.2376	72	0.153406307294786	0.6793742309598441	0.33811516336114356	0.6556509927105547	0.5030209150565133	1
Chi30_SW_zscore	365	48.6162	21	0.07836659747162071	0.719495827865703	0.6221134240254553	0.9423266079324418	0.4673513430374223	1
Chi30_SW_zscore	366	34.5956	70	0.1377550033953888	0.7721667852863214	0.9596197008200801	1.2045672346947223	0.4788992082019238	1
Chi30_SW_zscore	367	3461.9147	69	0.13490480517508746	0.7753954312100062	1.214553992949634	1.4728182397286271	0.433464812556295	1
Chi30_SW_zscore	368	43.1116	70	0.15806523840146047	0.7513931001368407	0.9879718697420319	1.243122412844227	0.47385514456133215	1
Chi30_SW_zscore	369	1615.4700	72	0.1368985511529196	0.8000555667315443	1.4679934546171636	1.7681505399809192	0.48626819004725513	1
Chi30_SW_zscore	370	1615.4700	16	0.1717876195611005	0.7685871171590727	1.7774717664792679	2.0296401098046544	0.4491804979463929	1
Chi30_SW_zscore	371	25.3163	75	0.20670528856706488	0.7811564459972989	0.8024730795269136	3.8113908863465085	0.41845372423316407	1
Chi30_SW_zscore	372	37.4501	77	0.199784937883989	0.7923428756947373	0.9825278523803858	1.2477109910629172	0.4212739699979833	1
Chi30_SW_zscore	374	1615.4700	69	0.20096315271486553	0.7893476467386977	1.027081565683945	1.2918617376639463	0.41763504513243593	1
Chi30_SW_zscore	376	44.5337	79	0.1783328935603176	0.7947723476201053	0.8919434954650651	1.1522517915542339	0.4146905690583488	1
Chi30_SW_zscore	377	3482.0528	77	0.10710764219729041	0.7885064292688013	1.1156812792624216	1.4029971940848216	0.42134616198869923	1
Chi30_SW_zscore	378	159.3390	64	0.1657607427508267	0.8319455086582516	0.8224664646882364	2.2957211863774227	0.4307642359413102	1
Chi30_SW_zscore	379	1615.4700	67	0.19469672817886646	0.7652775005509278	1.0322144490496192	1.3302961765836594	0.4527513839435727	1
Chi30_SW_zscore	380	3533.4849	80	0.11747079538766238	0.7810634154291687	1.3186024685475104	1.6071799608926518	0.37822484475866186	1
Chi30_SW_zscore	381	49.8221	82	0.14141508436674613	0.7641957243847699	0.7659649726313027	1.036431799692206	0.39224876525989155	1
Chi30_SW_zscore	382	55.8455	74	0.1609202021433696	0.8185267607522434	0.5968000233600903	0.8939009666676462	0.405771721308948	1
Chi30_SW_zscore	383	40.9161	73	0.48643741728235645	0.790629206972484	0.930001429662463	3.313212837670231	0.4335644198469616	1
Chi30_SW_zscore	384	1615.4700	64	0.21443159973354525	0.7547020848214346	1.549622293217132	1.8244052184519308	0.5027229587946767	1
Chi30_SW_zscore	386	42.2158	84	0.18062138764850955	0.8377474273502681	0.7846300997549006	1.1068138712621907	0.47360431004925146	1
Chi30_SW_zscore	387	1615.4700	77	0.1530293733410419	0.785281658483937	1.0085878284138332	1.2995212424551155	0.5106441327541537	1
Chi30_SW_zscore	388	39.3718	73	0.23837536927422934	0.8036152567844664	0.5202979274245205	0.831569515172522	0.4666890010167743	1
Chi30_SW_zscore	389	45.7278	69	0.23609907833900545	0.8182417681241444	0.5424799096254923	0.8105616650311414	0.45672076777145015	1
Chi30_SW_zscore	390	43.6604	71	0.22414344251136006	0.8051121094423681	0.42533860419462655	0.6831090022853596	0.41467817659565787	1
Chi30_SW_zscore	391	27.3537	69	0.20074283572184787	0.799810820253549	0.5745950136799876	4.316222482640303	0.43977700935535957	1
Chi30_SW_zscore	392	24.1821	74	0.20974366161993058	0.7751891426166704	0.684323071663956	3.658477074073778	0.371403958577144	1
Chi30_SW_zscore	393	42.5200	75	0.2457531099617541	0.778020162167379	0.65966454997304	4.230173070940825	0.3471780498306419	1
Chi30_SW_zscore	394	1615.4700	73	0.20950919122390702	0.35931412017731146	6.983946104852592	7.009850816680931	0.37386862511053587	1
Chi30_SW_zscore	395	1066.6157	75	0.2094160721832196	0.7694480853445494	0.5791960376958698	4.355987167143635	0.3634000593780682	1
Chi30_SW_zscore	396	1657.4513	66	0.1976511417288209	0.7980342918894406	0.23352547639750754	4.740584698744303	0.37971915891828395	1
Chi30_SW_zscore	397	1615.4700	73	0.23056392180045956	0.7777366043208302	2.253163237553551	2.415502483342193	0.4069582645004055	1
Chi30_SW_zscore	398	24.7324	72	0.20676229441908348	0.7507603743606253	0.7399967461881514	3.337850363074855	0.42457290020753957	1
Chi30_SW_zscore	399	121.9300	71	0.24830832217085008	0.23257640830164406	0.7264650589043524	3.9816382233897136	0.3994825547534714	1
Chi30_SW_zscore	404	761.0511	74	0.22688011091068305	0.7545644793496931	0.5067786309580574	3.77212579703032	0.43305448985252615	1
Chi30_SW_zscore	405	30.2505	70	0.20710641381980138	0.7464828995018997	0.7860123107025604	3.5198079043493626	0.33439978823015754	1
Chi30_SW_zscore	406	3510.6575	68	0.2020358116052982	0.7472433074976563	0.2566447454316681	4.554888748621706	0.3588112543515137	1
Chi30_SW_zscore	407	23.9808	74	0.21297691195330298	0.7697472471751007	0.713886070534507	3.606306293420138	0.3207721141296828	1
Chi30_SW_zscore	408	1192.6906	74	0.2080302004013376	0.7664229228279379	0.5766760312578697	3.6924453318980754	0.3675944749722209	1
Chi30_SW_zscore	411	1615.4700	13	0.999667237333209	0.018042150554178127	1.353323713580532	7.594899903343559	0.5985983359200602	1
Chi30_SW_zscore	413	3586.3828	11	0.050474854285443294	0.308459094952958	0.6560867983584628	3.8560302473210903	0.4749418946881896	1
Chi30_SW_zscore	414	3459.4124	70	0.23790200627400035	0.7874839914043643	0.3721450239786638	3.2774067136137135	0.30969556937311005	1
Chi30_SW_zscore	415	1615.4700	72	0.18966955213352163	0.8008686893514526	9.940247719081388	9.961861700091777	0.33029905596856324	1
Chi30_SW_zscore	416	31.3289	76	0.21802095175360597	0.7452392627738209	0.7600600649182778	3.5755431672639317	0.3016503344652146	1
Chi30_SW_zscore	417	3493.7872	75	0.20931102495371715	0.7589460618829826	0.11911759229662133	3.4791264197154144	0.3118066167411823	1
Chi30_SW_zscore	418	1198.9741	78	0.2229750189973252	0.7423979350922182	0.4747696233441248	3.635462302888599	0.30367245421324074	1
Chi30_SW_zscore	419	24.7679	76	0.2391710443156703	0.7693687803197254	0.8263668407775141	3.911125883970474	0.3344972039274742	1
Chi30_SW_zscore	420	40.0840	80	0.22645411440136617	0.7772795610794079	0.7857239430473382	3.120512635311939	0.255079148673392	1
Chi30_SW_zscore	421	33.1619	77	0.25785392751042524	0.7593225085409444	0.7964768910624788	4.053546165359524	0.28204991839928006	1
Chi30_SW_zscore	422	32.1134	74	0.24749611625259957	0.7645538442208044	0.8308103160877592	4.092713243818064	0.270883837088179	1
Chi30_SW_zscore	426	1615.4700	53	0.5342595425988926	0.4835406036209271	3.5055100278086604	9.29418155350129	0.4247472758454506	2
Chi30_SW_zscore	428	1009.2616	19	0.3764084097437741	0.9505687516874334	0.31655805219765076	3.031074366130252	0.8560206775242581	1
Chi30_SW_zscore	431	1615.4700	53	0.05172017245663596	0.25050770912920395	8.368429017395169	15.111635795635667	0.4896968512511929	2
Chi30_SW_zscore	432	1615.4700	64	0.8895646061434244	0.7020316001642786	9.398179053900828	9.747382957341484	0.08620698959716377	2
Chi30_SW_zscore	434	1615.4700	46	0.6039657817564623	0.45887325007853863	1.54566337954969	10.899625273135012	0.7800172620995393	2
Chi30_SW_zscore	435	47.1443	45	0.8562710124833338	0.6116148796756135	0.1628193366405739	4.065646797668322	0.8770030670398254	2
Chi30_SW_zscore	436	1615.4700	47	0.6134046626149927	0.7619481686289153	8.15178433161536	15.465388017982999	0.19843557580114735	1
Chi30_SW_zscore	437	562.9263	50	0.4742660824616679	0.9881638776071388	0.24114025104961634	6.625889708838848	0.8836030088877974	1
Chi30_SW_zscore	441	1615.4700	36	0.1679497737057074	0.9646529597162803	3.047359194226116	3.6264397141422178	0.10885832770612935	1
Chi30_SW_zscore	443	3475.4060	60	0.982177469655348	0.9514404237092249	0.0009197054587339881	6.578807453377001	0.7197711782412797	1
Chi30_SW_zscore	444	1615.4700	41	0.7255363781985023	0.7662312411800293	1.0400281022625568	3.966525953964836	0.8822293836663679	2
Chi30_SW_zscore	445	1615.4700	18	0.7846897653827278	0.3069308457940241	9.035179305465801	18.53191974074825	0.7572409234388361	2
Chi30_SW_zscore	449	1615.4700	12	0.20569222539935705	0.8122985598202173	2.911049366573714	4.273546681431025	0.4662011877295411	1
Chi30_SW_zscore	453	1615.4700	86	0.6261789795393611	0.346076127569269	8.814195227659372	16.00166527427017	0.9742111017566644	1
Chi30_SW_zscore	455	39.8203	70	0.6874224418889224	0.714344386756077	0.7028206005717474	9.413614908949404	0.3387897055345892	2
Chi30_SW_zscore	456	1615.4700	32	0.7369376164623028	0.7668810762915179	5.475959974944079	13.513123678921545	0.10226924722532982	1
Chi30_SW_zscore	457	1615.4700	54	0.3801850174925202	0.43826581346742866	3.0467966892387857	9.185294662243205	0.7894135939961038	2
Chi30_SW_zscore	460	1615.4700	71	0.20911694212821963	0.011767637423282573	0.21420625436695317	7.438587767508226	0.19107667102566117	2
Chi30_SW_zscore	461	3456.9243	44	0.12504541965423177	0.6396311649729586	0.3333666035633831	5.280018845008185	0.16432652471441123	1
Chi30_SW_zscore	463	26.9808	74	0.6107380118132713	0.7536605494508583	0.8922538349384235	8.995064189663012	0.14767879294758146	1
Chi30_SW_zscore	464	1615.4700	24	0.3648421645172152	0.4256173243436151	3.8119221919051904	5.887941642050986	0.5522232468509956	1
Chi30_SW_zscore	465	1615.4700	46	0.9420160454372735	0.5636227027111949	1.4916517663148687	9.432315439486326	0.06624304007532233	2
Chi30_SW_zscore	468	1615.4700	77	0.8529433347407622	0.38827936508532823	1.312616832486968	4.2246623996854336	0.32649212224397905	1
Chi30_SW_zscore	469	92.8546	88	0.3967400813635952	0.2877296862688278	0.21182599085911025	1.054905084705171	0.42835809952018256	1
Chi30_SW_zscore	470	1615.4700	54	0.5000975527342643	0.19561296408443563	6.6080360032055765	15.349655409146425	0.5920493816831666	2
Chi30_SW_zscore	471	1615.4700	46	0.6297203470603736	0.8614874259569509	4.545805623474909	14.313989645805039	0.21658796677445913	1
Chi30_SW_zscore	474	1615.4700	32	0.6422938616722439	0.8356524059485412	6.773195299039098	9.499368903485214	0.8364438461425929	1
Chi30_SW_zscore	475	1615.4700	78	0.43278983333645693	0.5154898403589677	3.1791166742722066	10.03579143224838	0.981051717166067	1
Chi30_SW_zscore	477	1615.4700	18	0.5190166145606236	0.8414066942394177	4.976299025251266	9.464632163266959	0.4871922136268684	1
Chi30_SW_zscore	479	1615.4700	54	0.9876662573700332	0.07159783772928785	1.7539471406267648	9.504107322050382	0.8756465737134866	2
Chi30_SW_zscore	480	1615.4700	43	0.7103423775141309	0.912467222038273	8.441756241849504	15.896803265242056	0.568007663760277	2
Chi30_SW_zscore	481	1615.4700	69	0.9755494487376978	0.46459387161071564	8.15463507568169	16.168202639319396	0.6303155141027221	2
Chi30_SW_zscore	483	1615.4700	53	0.44945222782764715	0.26383229165095634	9.17936090589689	11.390099437588596	0.16010020501185107	1
Chi30_SW_zscore	484	1615.4700	69	0.3098722323521147	0.43208790408090125	6.269082419366564	14.164134431989105	0.6714408020193968	2
Chi30_SW_zscore	485	1615.4700	86	0.7104494867295406	0.22702300703479883	6.875145607580745	7.430568544295397	0.6062662134365354	1
Chi30_SW_zscore	486	161.8786	20	0.18134941763453738	0.7734975444222184	0.8083272560150034	5.583345607963596	0.2551292853515672	2
Chi30_SW_zscore	487	1615.4700	79	0.9756132546120067	0.9829314527165187	7.772367813916716	15.295993761212438	0.6026148329797545	2
Chi30_SW_zscore	488	1615.4700	13	0.8502931902877628	0.9433181554054764	6.618368437452229	13.981057071050909	0.6270308594127393	2
Chi30_SW_zscore	491	1615.4700	83	0.5844937007459359	0.36084440124858386	9.716806911723472	15.600152019220374	0.6727138777178897	1
Chi30_SW_zscore	492	1615.4700	51	0.13626445037982937	0.2829550463957521	9.39531509859387	12.491698893948342	0.2537572033054162	2
Chi30_SW_zscore	495	3499.5215	74	0.007631037628310744	0.860163805610559	0.024675349763444432	6.444148726790162	0.8646571787429771	1
Chi30_SW_zscore	497	1615.4700	83	0.2688304983930845	0.9616279853789849	5.331026395863456	14.112019194812039	0.8409309255902271	2
Chi30_SW_zscore	499	1615.4700	53	0.40701284131550497	0.4479707174806905	8.840760622055168	9.46511570843197	0.8921406052833991	1
Chi30_SW_zscore	500	43.7806	25	0.3316376188838843	0.5673086920212902	0.04989416213979303	1.0449148065205915	0.8268829130889808	1
Chi30_SW_zscore	503	1615.4700	12	0.7347113265731274	0.612181606848248	6.817744586609894	6.9037521346284505	0.7575301237045607	2
Chi30_SW_zscore	504	28.8288	76	0.24685933204184518	0.7892901948386506	0.8114534455622198	3.293697211418439	0.2797588466421175	1
Chi30_SW_zscore	505	36.0322	75	0.25792555137276063	0.7922997007007088	0.8719226590272346	3.429906647896876	0.2959370384374586	1
Chi30_SW_zscore	506	34.3709	76	0.25924565640276087	0.8011175190542867	0.8474692832200033	3.7821133975449026	0.28785418633557214	1
Chi30_SW_zscore	508	42.3047	76	0.248572506657576	0.7924146092756132	0.9452608523978899	3.3663844515797345	0.30144970463313703	1
Chi30_SW_zscore	509	22.0337	76	0.2416648726032133	0.7865828970081202	0.7363671582476021	3.5247053528377608	0.3016282784791592	1
Chi30_SW_zscore	510	1233.6831	77	0.25630765626568425	0.7912299741136313	0.6618520000848174	3.403234027003105	0.2971802017871505	1
Chi30_SW_zscore	511	27.6149	73	0.2722384708081047	0.7848902934196129	0.8385922317254035	3.758580355406586	0.2831707725859863	1
Chi30_SW_zscore	512	33.6706	72	0.2606526481088343	0.7818320433357174	0.7213480117597666	3.7601824154123302	0.2788253427520176	1
Chi30_SW_zscore	513	3474.3415	72	0.26781925492180864	0.8142135367056644	0.6775484356446491	3.8203045736998607	0.27816128686720604	1
Chi30_SW_zscore	514	35.1795	74	0.25439884299437715	0.7838765716508801	0.7992968136520184	3.5506657930248053	0.2945508230189915	1
Chi30_SW_zscore	515	3489.7715	74	0.25237025037930577	0.7848268193026281	0.6209591796861229	3.64066608112176	0.28547664810261797	1
Chi30_SW_zscore	516	39.0778	73	0.2811207530281261	0.7828785410597985	0.7566755488272398	3.2561934785268623	0.2940013148084194	1
Chi30_SW_zscore	517	3534.2379	75	0.25022116977011494	0.8239386909826049	0.5180064490650905	3.463998830535018	0.3196156428917869	1
Chi30_SW_zscore	518	28.9133	72	0.27112732965134595	0.8017387067212777	0.8487263891505652	3.7684583097309363	0.2642155934213852	1
Chi30_SW_zscore	519	28.5779	73	0.2696236146288772	0.8033595861489311	0.8500324613465908	3.764035890645809	0.26990313054773596	1
Chi30_SW_zscore	520	39.7281	72	0.27237711794824015	0.801950463211293	0.8151665580436563	3.774267441330285	0.27187288396131437	1
Chi30_SW_zscore	521	3456.8679	73	0.24106210917275867	0.7802557839009758	0.6215825291256506	4.006234869366368	0.2892971528013609	1
Chi30_SW_zscore	523	35.1659	74	0.25976092065479184	0.776726104714158	0.8343275251119153	3.7946363376390675	0.26612760328025653	1
Chi30_SW_zscore	524	1198.4896	73	0.23643861632724053	0.7752998057823719	0.5447280374692478	3.802086863913947	0.2661759000480538	1
Chi30_SW_zscore	525	33.4972	72	0.2425733682537291	0.7743998593088689	0.7505201198379995	4.073148480706639	0.3177676890743817	1
Chi30_SW_zscore	526	901.8634	72	0.2817984117704204	0.7702760059941876	0.667837325812112	4.081121640335343	0.3204094907729337	1
Chi30_SW_zscore	528	1100.0341	71	0.26495851583304064	0.7728998787537359	0.5013743246369744	3.9521045389620526	0.26465317782553155	1
Chi30_SW_zscore	529	90.4474	78	0.23226720097172046	0.8267112043819552	0.747750715845785	3.606206866556677	0.30997485333783464	1
Chi30_SW_zscore	530	3478.2013	74	0.25492623168701795	0.7933920485611955	0.49379967990405643	3.2285799553073824	0.2896854860403572	1
Chi30_SW_zscore	531	28.4679	76	0.2814707176270016	0.7604040858148093	0.8849291305208946	4.063380242539219	0.24922898159911339	1
Chi30_SW_zscore	533	49.9917	72	0.268709069591621	0.8097905464550623	0.7484139401339552	4.525444482151395	0.2658511924862379	1
Chi30_SW_zscore	534	39.2149	77	0.23919849475700694	0.7861473418215029	0.9667784327838225	3.79575417078575	0.3202968355200391	1
Chi30_SW_zscore	535	1791.9593	75	0.2213611595149553	0.7594374068052705	0.557182753663021	4.184506999561136	0.28314027280285753	1
Chi30_SW_zscore	536	1615.4700	73	0.2844673707594354	0.8214133518986574	1.1139906405824118	3.532504554845184	0.24452072100713035	1
Chi30_SW_zscore	537	26.4661	71	0.25986965218200886	0.7788696161698265	0.7498657830083667	2.7839254844825505	0.3019430411880851	1
Chi30_SW_zscore	538	30.0365	72	0.2539522206124451	0.7826536744500819	0.7186045510613099	2.675315155644716	0.30426017326696325	1
Chi30_SW_zscore	539	3487.2878	71	0.27413804876246817	0.7724060521547508	0.46203256716539076	2.753006760833229	0.13406770001903634	1
Chi30_SW_zscore	540	3507.2872	71	0.23464106142173755	0.7990824001991509	0.6213988993967442	3.1368525142672046	0.32319751763899207	1
Chi30_SW_zscore	541	36.0618	76	0.2589210107672106	0.7515622404186808	0.6646706362070975	3.846147182444137	0.34800994999275053	1
Chi30_SW_zscore	542	1329.9196	78	0.2905784005681477	0.7748027803723752	0.40985665108907327	2.6199683195256034	0.3036625073339689	1
Chi30_SW_zscore	543	68.0642	72	0.2112101227860798	0.8086680927990858	0.9194362632929738	4.106026363446977	0.26569518873094033	1
Chi30_SW_zscore	544	1196.2192	74	0.24596890839387806	0.7476901494119029	0.7098555408884483	3.7285240605236316	0.28032805969052466	1
Chi30_SW_zscore	545	1816.1200	66	0.22161780662748576	0.8299904544071969	0.45777413058254623	3.345031021555979	0.32958500488892134	1
Chi30_SW_zscore	547	31.7633	72	0.235356010790854	0.8001786071314798	0.8670695036783292	3.71255146606897	0.25518516898155447	1
Chi30_SW_zscore	548	3483.6614	73	0.23240771931795678	0.8074997392131835	0.6616660619964796	3.144013632305806	0.24418145079430054	1
Chi30_SW_zscore	549	28.8470	70	0.2004764739768323	0.7533326152927119	0.9750539646137327	4.36068179188563	0.3433865132048642	1
Chi30_SW_zscore	550	1615.4700	71	0.1951468733772325	0.7524370868670336	1.2008910387897154	4.372813309325826	0.3561406423533931	1
Chi30_SW_zscore	551	1132.3774	72	0.21215389111285948	0.8337256768938716	0.41776570603966257	4.11361923652931	0.3376796113866649	1
