-4.076345263984374742e-05
-4.046933963124999846e-05
-3.212431216562500023e-05
-2.418059064687499895e-05
-2.110976092031249799e-05
-2.068060769765624990e-05
-2.257765567656250060e-05
-2.839888072343749989e-05
-3.447492741718749569e-05
-3.598173206562499800e-05
-3.573110658359375129e-05
-3.665502578828124680e-05
-3.529852013515624536e-05
-3.073614454140624722e-05
-2.855642763984374887e-05
-3.154943758203125045e-05
-3.368566695703124994e-05
-3.003729236015625025e-05
-2.511252071171874808e-05
-2.411268907031250002e-05
-2.557753207031249754e-05
-2.567709561796874805e-05
-2.480276745234374802e-05
-2.648924424999999979e-05
-2.993925469062499721e-05
-3.092535342890625116e-05
-2.910154759999999729e-05
-2.868154964609374754e-05
-3.187406815312499611e-05
-3.419569172031249911e-05
-3.156545930234375092e-05
-2.871359308671874848e-05
-3.115385367812500077e-05
-3.482626085546875117e-05
-3.472440849062500109e-05
-3.570592959453124571e-05
-4.150274059140624493e-05
-4.367711691953124877e-05
-3.693922058906249869e-05
-3.161733915859374599e-05
-3.531492332499999519e-05
-3.957479358046874478e-05
-3.697736754218749626e-05
-3.251417402656249587e-05
-3.189161575156250082e-05
-3.411634605781249549e-05
-3.661268267031249943e-05
-3.777425739296874966e-05
-3.741987219843749925e-05
-3.730581280859374913e-05
-3.704450617968749985e-05
-3.463247433359374806e-05
-3.285978542187499731e-05
-3.699186338437499927e-05
-4.495465837968749595e-05
-4.890134214999999440e-05
-4.757459112031249771e-05
-4.614026568281249689e-05
-4.570653482578124964e-05
-4.439694992499999474e-05
-4.326970746015624842e-05
-4.444692243359374975e-05
-4.986989328984374703e-05
-5.764958291015624995e-05
-6.008602880624999503e-05
-5.499150321640625062e-05
-4.869573007265624740e-05
-4.501493056562499740e-05
-4.319493943203125074e-05
-4.247892112187499843e-05
-4.095609475312499565e-05
-3.858449867734375119e-05
-3.944242365312499799e-05
-4.244687768124999749e-05
-4.270169932812500077e-05
-4.034192880781250020e-05
-3.723676682343749872e-05
-3.497846719843749887e-05
-3.556058970312500015e-05
-3.756750090703124778e-05
-3.848035749531249813e-05
-4.003675318281249931e-05
-4.422032953203124697e-05
-4.726064169609374784e-05
-4.647824768749999746e-05
-4.894521114609374601e-05
-5.847432003671874771e-05
-6.350208845859375145e-05
-5.541493439609374466e-05
-4.244573327265624939e-05
-3.632276582656250027e-05
-3.950307730859374880e-05
-4.586408174218749523e-05
-4.967534382890624519e-05
-5.054089819531249963e-05
-4.926335673515624567e-05
-4.691693764843750001e-05
-4.576146643828124641e-05
-4.610364460781249678e-05
-4.444463361640624678e-05
-3.869626924999999834e-05
-3.516843902500000154e-05
-3.968274945781249827e-05
-4.606778647187499540e-05
-4.661252496249999785e-05
-4.270246226718749951e-05
-3.898809344140625110e-05
-3.768995262656249750e-05
-3.875501555781249555e-05
-4.107587618593749982e-05
-4.546544608203125062e-05
-5.121266603984374419e-05
-5.231015388124999932e-05
-4.847371480546875056e-05
-4.743993237578124795e-05
-5.009457884374999621e-05
-4.903027885156249690e-05
-4.140279557421874845e-05
-3.171423241953124755e-05
-2.589720353749999806e-05
-2.688215786718749713e-05
-3.223646420781249675e-05
-3.714445119687499633e-05
-3.903348831562500018e-05
-3.831479971874999553e-05
-3.679388069765624636e-05
-3.592718192265625059e-05
-3.549879163906250124e-05
-3.543851945312499979e-05
-3.746526707265624833e-05
-4.027555310937499535e-05
-4.017370074453124526e-05
-3.864934849765624503e-05
-3.876264494843749642e-05
-3.871305390937499754e-05
-3.843686996874999588e-05
-4.002378321875000054e-05
-4.007909630078124668e-05
-3.638647123828124601e-05
-3.365286057734375027e-05
-3.427084121796874615e-05
-3.458059447734374622e-05
-3.325842108203124869e-05
-3.347776606249999997e-05
-3.648794213359374673e-05
-4.269063671171874884e-05
-5.397412397656249785e-05
-6.426769780781249586e-05
-6.276699667187499697e-05
-5.262372183593749982e-05
-4.683568463828124956e-05
-4.979703260937499618e-05
-5.428998074843749454e-05
-5.380932913906250075e-05
-5.315243860624999501e-05
-5.764538674531250015e-05
-6.128384313437499600e-05
-5.788380520234374683e-05
-5.096280349687499621e-05
-4.736745316484374646e-05
-4.842183494921874871e-05
-4.985463450859374529e-05
-4.865872752812499792e-05
-4.576222937734374514e-05
-4.366071372968749893e-05
-4.370267537812499693e-05
-4.448239909999999499e-05
-4.377706193671874525e-05
-4.091108134843749594e-05
-3.756711943749999841e-05
-3.695600524843749789e-05
-3.967435712812499867e-05
-4.258077348671874851e-05
-4.192769764921874999e-05
-3.764112452656249736e-05
-3.552396862812500004e-05
-4.018934099531249637e-05
-4.840085412499999971e-05
-5.439412193046874760e-05
-5.580441478749999771e-05
-5.239522158671875020e-05
-4.619290847812499747e-05
-4.174688109140624564e-05
-4.116285123906249753e-05
-4.203336470937500051e-05
-4.216230141093749623e-05
-4.246900291406250136e-05
-4.390561716874999838e-05
-4.561994124218749451e-05
-4.655301571562499513e-05
-4.636418829765624733e-05
-4.603002098828124720e-05
-4.654080869062499510e-05
-4.724423850624999801e-05
-4.773251950624999944e-05
-4.890668272343749907e-05
-5.192563259374999480e-05
-5.628544786640624764e-05
-5.895764193281249384e-05
-5.779950043593749467e-05
-5.410000892187499864e-05
-5.147282826015624538e-05
-5.344769602343749885e-05
-5.889393652109374810e-05
-6.212689079843749043e-05
-6.147762965624999911e-05
-6.009289525781249717e-05
-5.828244086249999821e-05
-5.390126329609374700e-05
-4.683415876015624532e-05
-4.039533454218749951e-05
-3.801382025859375121e-05
-3.821943233593749821e-05
-3.887327111249999547e-05
-4.088132672499999797e-05
-4.378430985781249675e-05
-4.609868550390624825e-05
-4.742581800312500108e-05
-4.747426463359374508e-05
-4.633557808281249746e-05
-4.448697673437500093e-05
-4.288251588593749834e-05
-4.277417853906249548e-05
-4.488675680312500041e-05
-4.897496576953125076e-05
-5.230290596015624782e-05
-5.119778872812499860e-05
-4.720685449218749917e-05
-4.589231048749999574e-05
-4.767224732031249799e-05
-4.809415262187499457e-05
-4.550435597421874693e-05
-4.229734162499999535e-05
-4.105451389218749467e-05
-4.172780761484375025e-05
-4.274633126328125112e-05
-4.295461362734375046e-05
-4.160421148671874565e-05
-3.908536817187499525e-05
-3.707273492500000035e-05
-3.684919377968749927e-05
-3.804624516875000151e-05
-3.805463749843750112e-05
-3.476789601718749655e-05
-3.130796736874999530e-05
-3.176496786718750130e-05
-3.341291624218749936e-05
-3.247869736015625064e-05
-3.106077511249999965e-05
-3.115423514765625014e-05
-3.150060948203125031e-05
-3.211477542734374576e-05
-3.344190792656249859e-05
-3.385732824609374918e-05
-3.267744298593749550e-05
-3.049009669374999967e-05
-2.715490858203124772e-05
-2.524641651718749911e-05
-2.816618430937499709e-05
-3.174131675624999996e-05
-3.039778106718749728e-05
-2.690466456953125038e-05
-2.568358059999999743e-05
-2.674864353124999886e-05
-2.913435397968749697e-05
-3.178442281328124606e-05
-3.296926717734374827e-05
-3.197286876171875127e-05
-2.975500490703124858e-05
-2.764967456406249854e-05
-2.595442396718749780e-05
-2.548750526093749812e-05
-2.737349062343750027e-05
-3.040998809218749732e-05
-3.268926854140624617e-05
-3.295973043906250057e-05
-3.085211127890625095e-05
-2.887037706406249873e-05
-2.926023892499999776e-05
-3.015440350624999869e-05
-2.944677752578124937e-05
-2.815664757109374939e-05
-2.824438556328124923e-05
-3.047750819921874688e-05
-3.337782104531249671e-05
-3.429563673749999559e-05
-3.340948301640624829e-05
-3.302763201562499611e-05
-3.317869394999999570e-05
-3.212049747031249980e-05
-2.962606820546874947e-05
-2.730406316874999710e-05
-2.568472500859374892e-05
-2.407263476953124884e-05
-2.419584942812499730e-05
-2.800825592343749874e-05
-3.317487925468749527e-05
-3.624113134687500045e-05
-3.699377073203124610e-05
-3.770635581640624734e-05
-3.972509257578124564e-05
-4.185407402968750040e-05
-4.255712237578124717e-05
-4.123609338906249774e-05
-3.841741502265625112e-05
-3.611219464531249796e-05
-3.552129834140624771e-05
-3.692625062499999992e-05
-3.972738139296874861e-05
-4.016797870156249800e-05
-3.610837994999999752e-05
-3.207968023046874989e-05
-3.253324750312499804e-05
-3.489606977968750032e-05
-3.556631174609374741e-05
-3.644865077187500106e-05
-4.085195357109374937e-05
-4.730107746640624839e-05
-5.072209622265624657e-05
-4.918782576796874926e-05
-4.570043131328124623e-05
-4.328725505859374635e-05
-4.183576349218749696e-05
-4.034955819843750107e-05
-3.888280785078124995e-05
-3.796575509765624980e-05
-3.860624244062499892e-05
-4.112432281640625059e-05
-4.397237433671874582e-05
-4.544751701406249655e-05
-4.517781805546874766e-05
-4.359586390937499832e-05
-4.222791417031249557e-05
-4.270169932812500077e-05
-4.428403494374999949e-05
-4.478833766406249461e-05
-4.372289326328124721e-05
-4.393155709687499591e-05
-4.678189743437500089e-05
-4.815328039921874792e-05
-4.553945117109374957e-05
-4.061506099218750016e-05
-3.540037249999999545e-05
-3.500631447421875001e-05
-4.234693266406250100e-05
-5.007474242812499530e-05
-5.078160546953124928e-05
-4.849393269062500083e-05
-5.013654049218750099e-05
-5.200993736015624696e-05
-4.752118538593749840e-05
-4.065320794531249773e-05
-3.962743637578124535e-05
-4.468953705546874623e-05
-4.898297662968750099e-05
-4.815251746015624919e-05
-4.433896655624999626e-05
-4.132344991171874482e-05
-3.976896157187499725e-05
-3.931768311640624529e-05
-4.058568783828124478e-05
-4.239690517265624924e-05
-4.289090821562499794e-05
-4.264753065468749596e-05
-4.334218667109374990e-05
-4.483869164218749900e-05
-4.558217575859374631e-05
-4.561078597343749618e-05
-4.604985740390624810e-05
-4.541318475624999941e-05
-4.126203331718749528e-05
-3.737218850703124721e-05
-3.997266630156249743e-05
-4.661595818828124892e-05
-4.961621605156249862e-05
-4.700543857968749519e-05
-4.456250770156249734e-05
-4.790875842968749784e-05
-5.395085433515624587e-05
-5.528828651171874514e-05
-5.119549991093749563e-05
-4.720952477890624473e-05
-4.693753700312499965e-05
-4.839627649062500054e-05
-4.794766832187500092e-05
-4.643247134374999901e-05
-4.730908832656249862e-05
-4.935109472734374890e-05
-4.853665727812499757e-05
-4.563558149296874562e-05
-4.342572849843749655e-05
-4.194905994296874835e-05
-4.115445890937499793e-05
-4.086301618750000131e-05
-3.935888182578125134e-05
-3.595007009453124642e-05
-3.285406337890625004e-05
-3.376539408906249615e-05
-3.808286624374999485e-05
-4.018705217812500017e-05
-3.781049699843750040e-05
-3.353231620546874738e-05
-2.987364193124999786e-05
-2.879637197499999979e-05
-3.096769654687499853e-05
-3.245619065781249740e-05
-2.897909588046874757e-05
-2.342337362734374736e-05
-2.147368285312499948e-05
-2.387198179609375037e-05
-2.755163689453124889e-05
-2.982023619687499856e-05
-2.995375053281250022e-05
-2.873838860624999792e-05
-2.808989040312499856e-05
-2.966116340234374872e-05
-3.184049883437499771e-05
-3.180540363750000184e-05
-3.052366601249999808e-05
-3.160818388984374766e-05
-3.514860260937500064e-05
-3.737409585468750081e-05
-3.718908313203124667e-05
-3.680036567968749913e-05
-3.721998216406249951e-05
-3.742292395468750096e-05
-3.686559696953124911e-05
-3.716657642968750020e-05
-3.930547609140624526e-05
-4.111898224296874592e-05
-4.140661026953124888e-05
-4.131849080781249629e-05
-4.046781375312500100e-05
-3.872907562968749801e-05
-3.842161118750000092e-05
-3.997457364921875103e-05
-4.136960772499999941e-05
-4.202268356249999793e-05
-4.171331177265624724e-05
-4.013364644375000086e-05
-3.851812297890624633e-05
-3.726232528203124689e-05
-3.542554948906250103e-05
-3.366926376718750011e-05
-3.366621201093749840e-05
-3.441923286562500019e-05
-3.368948165234375038e-05
-3.277548065546874516e-05
-3.410146874609374989e-05
-3.607214034453124678e-05
-3.543432328828124999e-05
-3.327139104609374746e-05
-3.392217806640624979e-05
-3.731382366874999937e-05
-3.865659641874999653e-05
-3.723829270156249618e-05
-3.724973678749999748e-05
-3.972814433203124734e-05
-4.166410220312499773e-05
-4.102247045156250051e-05
-3.833578054296875131e-05
-3.521192655156249701e-05
-3.216894410078125058e-05
-2.877806143749999973e-05
-2.517470024531249975e-05
-2.278136040624999738e-05
-2.377165530937499775e-05
-2.736776858046874962e-05
-3.051870690859374955e-05
-3.236349356171874564e-05
-3.253248456406249931e-05
-3.052595482968750105e-05
-2.772406112265625024e-05
-2.612112615234374850e-05
-2.725218331249999864e-05
-3.093908633203124866e-05
-3.469427239765624697e-05
-3.639753385468749795e-05
-3.587072443203124958e-05
-3.409994286796874565e-05
-3.232000603515625017e-05
-3.080671640468750187e-05
-2.927282741953124716e-05
-2.834356764140624698e-05
-2.905233803046874778e-05
-3.107412654609374779e-05
-3.251379255703124651e-05
-3.239668141093750146e-05
-3.124540636562499765e-05
-2.908247412343749851e-05
-2.615736575781249924e-05
-2.509649899140624761e-05
-2.789000036874999882e-05
-3.133009260156249917e-05
-3.157079987578124882e-05
-3.003691089062499750e-05
-2.970541386796874970e-05
-3.083074898515624580e-05
-3.203733711249999574e-05
-3.172491356640625012e-05
-3.018186931249999707e-05
-3.014372235937499950e-05
-3.207395818749999585e-05
-3.233755363359374811e-05
-2.876890616874999801e-05
-2.467001605546874848e-05
-2.471808121640624989e-05
-2.903517190156249922e-05
-3.362463183203124976e-05
-3.514173615781249850e-05
-3.434332042890624764e-05
-3.443220282968749896e-05
-3.588636468281250068e-05
-3.646696130937499773e-05
-3.553808300078124691e-05
-3.469999444062500101e-05
-3.507574192890624979e-05
-3.601453844531249767e-05
-3.641050381874999672e-05
-3.535497762578124637e-05
-3.272703402500000115e-05
-2.987478633984374935e-05
-2.824133380703124752e-05
-2.807539456093749894e-05
-2.828672868124999998e-05
-2.816580283984374772e-05
-2.839125133281249902e-05
-2.879675344453124915e-05
-2.876661735156249843e-05
-2.933233666640624988e-05
-3.098867737109374754e-05
-3.218916198593750085e-05
-3.193777356484374863e-05
-3.101118407343750078e-05
-3.082617135078124664e-05
-3.225019711093750103e-05
-3.405836268906249701e-05
-3.453519960312499714e-05
-3.492811322031250126e-05
-3.716543202109374533e-05
-4.089200787187500055e-05
-4.470517730624999734e-05
-4.641187198906249938e-05
-4.534261289296874476e-05
-4.431798573203124726e-05
-4.465062716328124993e-05
-4.483869164218749900e-05
-4.517705511640624893e-05
-4.568440959296874576e-05
-4.430883046328124893e-05
-4.231450775390625070e-05
-4.196584460234374756e-05
-4.167821657578125137e-05
-4.124028955390624755e-05
-4.269712169374999483e-05
-4.425809501562499518e-05
-4.365995079062500020e-05
-4.401967655859374850e-05
-4.714276761093749729e-05
-4.896924372656249672e-05
-4.816663183281249606e-05
-4.839017297812499714e-05
-5.056531224531249971e-05
-5.235440434687500030e-05
-5.277936140468749858e-05
-5.235898198124999946e-05
-5.112912421249999755e-05
-4.919583662812499950e-05
-4.762952273281249448e-05
-4.666402334921875033e-05
-4.461667637499999538e-05
-4.054105590312500121e-05
-3.680913947890624810e-05
-3.627546360468749759e-05
-3.763196925781249903e-05
-3.737638467187499701e-05
-3.569334109999999631e-05
-3.611486493203125029e-05
-3.924138921015625015e-05
-4.120023525312499637e-05
-3.963163254062499515e-05
-3.735883707343749907e-05
-3.683469793749999627e-05
-3.614690837265625124e-05
-3.394392182968749753e-05
-3.136480632890624568e-05
-2.988241573046875022e-05
-3.025740027968749687e-05
-3.088568059765624935e-05
-2.992704766562499717e-05
-2.852705448593750027e-05
-2.866247616953124876e-05
-3.024900794999999727e-05
-3.160398772499999786e-05
-3.124082873124999849e-05
-2.896841473359374839e-05
-2.555082920312499789e-05
-2.167090260078125027e-05
-1.852110868124999844e-05
-1.795233761015624867e-05
-2.029265318437499771e-05
-2.336729760624999910e-05
-2.521093985078125049e-05
-2.615088077578124986e-05
-2.661360331718749973e-05
-2.577131859218749726e-05
-2.359045728203124743e-05
-2.193983862031250042e-05
-2.177695113046875016e-05
-2.138632633046874901e-05
-2.015685003124999985e-05
-1.982459006953124993e-05
-2.078665622734374979e-05
-2.201308077031250064e-05
-2.292822617578125057e-05
-2.323836090468750000e-05
-2.298964277031250011e-05
-2.211798489140624904e-05
-2.029799375781249899e-05
-1.919974297734374852e-05
-2.099646446953124998e-05
-2.350310075937500035e-05
-2.289351244843749729e-05
-1.926917043203124830e-05
-1.418914068437500013e-05
-9.930414837500000337e-06
-1.254157377890624974e-05
-2.317732577968749982e-05
-3.180654804609374994e-05
-3.131635969843750167e-05
-2.627981747734374897e-05
-2.286719105078125039e-05
-2.232435990781249816e-05
-2.371290900156250054e-05
-2.536963117578124757e-05
-2.494848881328124972e-05
-2.248152535468749778e-05
-2.123946056093749921e-05
-2.272490291562499976e-05
-2.466391254296874846e-05
-2.450102505312499819e-05
-2.191847632656249866e-05
-1.937521896171874819e-05
-1.967085784843749800e-05
-2.238081739843749917e-05
-2.559546113828124823e-05
-2.804907316328124865e-05
-2.863996946718749890e-05
-2.770422470703124933e-05
-2.725294625156249738e-05
-2.773397933046874730e-05
-2.706984087656250023e-05
-2.447661100312499812e-05
-2.213362514218750014e-05
-2.217024621718750025e-05
-2.345389118984374745e-05
-2.341231101093749881e-05
-2.263106141093749991e-05
-2.274702814843750025e-05
-2.238577650234374771e-05
-2.023848451093749966e-05
-1.821211836093750050e-05
-1.808318165937499800e-05
-1.837615025937499886e-05
-1.757849746953125012e-05
-1.717528417499999957e-05
-1.782416384765624830e-05
-1.761015944062499831e-05
-1.697081650625000066e-05
-1.750754413671874949e-05
-1.838034642421874866e-05
-1.863860129687499963e-05
-1.814955735781249946e-05
-1.745566428046874764e-05
-1.704634747343750046e-05
-1.611060271328125089e-05
-1.468276225781249946e-05
-1.429442627499999959e-05
-1.469344340468749864e-05
-1.468962870937499990e-05
-1.548728149921875034e-05
-1.881522168984375078e-05
-2.314833409531250058e-05
-2.459334067968749720e-05
-2.312315710624999839e-05
-2.323530914843749829e-05
-2.694319299218749731e-05
-3.114317253124999820e-05
-3.191068922812499622e-05
-2.952764906640624706e-05
-2.716597119843749966e-05
-2.663954324531249727e-05
-2.788046363046874773e-05
-2.932585168437499710e-05
-2.915113863906249956e-05
-2.763212696562499722e-05
-2.700842428203124729e-05
-2.796820162265624757e-05
-2.865141355312500021e-05
-2.925375394296874838e-05
-3.071211196093749651e-05
-3.082960457656249770e-05
-2.921904021562499849e-05
-2.808683864687500025e-05
-2.727278266718749828e-05
-2.564581511640624922e-05
-2.368544319531249877e-05
-2.219198998046874798e-05
-2.117155898437500028e-05
-2.033995540625000039e-05
-1.998900343749999766e-05
-2.005537913593749913e-05
-1.956175756249999980e-05
-1.902350405390625012e-05
-1.960829684531250036e-05
-2.038992791484374863e-05
-2.044447805781249942e-05
-2.078093418437499914e-05
-2.243155284609374953e-05
-2.447279630781249769e-05
-2.472418472890624991e-05
-2.363356333906250031e-05
-2.406386097031249988e-05
-2.560957551093749848e-05
-2.658575604140624859e-05
-2.831724624375000007e-05
-3.111799554218749940e-05
-3.221777220078125072e-05
-2.958448802656249744e-05
-2.532461777109374786e-05
-2.359732373359374957e-05
-2.440680207890624898e-05
-2.379454348125000036e-05
-2.107771747968750043e-05
-2.004469798906249994e-05
-2.176169234921874842e-05
-2.332266567109374876e-05
-2.338598961328124852e-05
-2.203863922890624881e-05
-1.917876215312499952e-05
-1.688918202656250085e-05
-1.707648356640624780e-05
-1.793631588984374820e-05
-1.812132861249999896e-05
-1.858862878828124800e-05
-1.887816416249999779e-05
-1.728896209531250033e-05
-1.435012082656249848e-05
-1.364211337656249979e-05
-1.708067973124999760e-05
-2.085875396874999852e-05
-1.966666168359374820e-05
-1.383742577656249867e-05
-1.000441992656249928e-05
-1.166571973515624886e-05
-1.432875853281250011e-05
-1.441878534218749953e-05
-1.342391280468750000e-05
-1.296119026328125012e-05
-1.231993998124999888e-05
-1.081466121093749912e-05
-1.007842501562499992e-05
-1.153983478984374977e-05
-1.369361176328124888e-05
-1.405028577499999887e-05
-1.245955782968749886e-05
-1.167296765624999867e-05
-1.510504902890624879e-05
-2.283934377499999925e-05
-2.911032139921874965e-05
-2.818182456015624819e-05
-2.200697725781250062e-05
-1.691626636328124987e-05
-1.655615912578124881e-05
-1.940497358515624955e-05
-2.113760819609374913e-05
-2.039564995781249928e-05
-1.982764182578124825e-05
-2.138632633046874901e-05
-2.386168211875000055e-05
-2.585943805390624985e-05
-2.722395456718749814e-05
-2.719343700468749805e-05
-2.552031164062499780e-05
-2.331694362812499811e-05
-2.193068335156249870e-05
-2.204283539374999861e-05
-2.234381485390624970e-05
-2.212675869062499800e-05
-2.318762545703124964e-05
-2.511595393749999915e-05
-2.523001332734374927e-05
-2.424696634531250041e-05
-2.517317436718749890e-05
-2.780798441953124964e-05
-3.016889934843749831e-05
-3.235624564062500091e-05
-3.414304892499999853e-05
-3.414076010781249556e-05
-3.337820251484374608e-05
-3.362348742343750167e-05
-3.402479337031249861e-05
-3.290289147890625019e-05
-3.023756386406249936e-05
-2.813795556406249997e-05
-2.934149193515624821e-05
-3.347051814140624847e-05
-3.646505396171875090e-05
-3.593595572187499956e-05
-3.344267086562499732e-05
-3.198164256093750024e-05
-3.352735710156249884e-05
-3.718564990624999560e-05
-4.040944891484374638e-05
-4.108350557656250069e-05
-3.800962409375000141e-05
-3.436163096640625108e-05
-3.625982335390624648e-05
-4.246671409687499839e-05
-4.570615335625000027e-05
-4.438512436953125084e-05
-4.235532499375000061e-05
-4.100187109687500087e-05
-3.970678203828124898e-05
-3.888738548515624911e-05
-3.777845355781249946e-05
-3.551672070703124854e-05
-3.289526208828124932e-05
-3.000563038906249868e-05
-2.806356900546874827e-05
-3.084753364453125178e-05
-3.804090459531249684e-05
-4.287374208671874937e-05
-4.227559786171874762e-05
-4.112470428593749996e-05
-4.276273445312500095e-05
-4.463536838203124819e-05
-4.484593956328125050e-05
-4.547689016796874515e-05
-4.720113244921874513e-05
-4.713208646406249471e-05
-4.391629831562500095e-05
-3.990323884687499765e-05
-3.812559083124999836e-05
-3.896634967812499659e-05
-4.034421762499999640e-05
-4.085843855312499537e-05
-4.085233504062499874e-05
-4.139135148828124714e-05
-4.309690176250000109e-05
-4.493405902499999631e-05
-4.531133239140624933e-05
-4.383084914062500070e-05
-4.123418604140625092e-05
-3.918645759765624660e-05
-3.898542315468749876e-05
-4.047086550937499592e-05
-4.282911015156249903e-05
-4.465940096249999889e-05
-4.455907447578124627e-05
-4.280164434531249726e-05
-4.095456887499999819e-05
-4.018056719609374740e-05
-4.048040224765625040e-05
-4.092557719062499895e-05
-4.076764880468749722e-05
-4.050519776718749984e-05
-4.057004758750000045e-05
-3.999021389999999536e-05
-3.851774150937499697e-05
-3.712041861640624562e-05
-3.547132583281249947e-05
-3.305471635234374852e-05
-3.159139923046874846e-05
-3.238790761171874571e-05
-3.332823000624999784e-05
-3.235128653671874561e-05
-3.069494583203124795e-05
-3.008955368593749807e-05
-3.121221851640624862e-05
-3.420370258046874935e-05
-3.704946528359374838e-05
-3.738363259296874851e-05
-3.651121177499999870e-05
-3.646123926640625046e-05
-3.676755929999999946e-05
-3.674428965859374748e-05
-3.636205718828124594e-05
-3.621595435781250165e-05
-3.713567739765624736e-05
-3.848760541640624963e-05
-3.904455093203124534e-05
-3.868902132890624684e-05
-3.811948731874999495e-05
-3.851316387499999780e-05
-4.024312819921874504e-05
-4.184339288281249783e-05
-4.231183746718749836e-05
-4.202420944062499540e-05
-4.147565625468749929e-05
-4.170148621718749657e-05
-4.286496828750000041e-05
-4.356115018203124504e-05
-4.457738501328124971e-05
-4.720418420546874683e-05
-4.925763469218749841e-05
-4.913785325937500102e-05
-4.802625104531249903e-05
-4.694707374140624735e-05
-4.625508801171874574e-05
-4.573056740625000034e-05
-4.458119970859375015e-05
-4.280851079687499939e-05
-4.142072464218749575e-05
-4.090116314062499888e-05
-4.056394407499999704e-05
-3.995015959921875096e-05
-4.015882343281249967e-05
-4.196889635859374926e-05
-4.400289189921874930e-05
-4.539372981015624787e-05
-4.686086162734374837e-05
-4.812047401953124825e-05
-4.824063692187499500e-05
-4.782559807187500056e-05
-4.807317179765624557e-05
-4.880444888906249962e-05
-4.889066100312499860e-05
-4.812428871484374868e-05
-4.879224186406249959e-05
-5.261685538437499768e-05
-5.645443886874999454e-05
-5.735508843203124485e-05
-5.659024202187499917e-05
-5.510556260625000075e-05
-5.352894903359374930e-05
-5.354001164999999446e-05
-5.493695307343749644e-05
-5.570256242265624763e-05
-5.477978762656250021e-05
-5.315816064921874905e-05
-5.190655911718749941e-05
-5.121228457031249483e-05
-5.141331901328124944e-05
-5.184132782734374943e-05
-5.087430256562499426e-05
-4.940259311406249460e-05
-5.059811862499999938e-05
-5.454060623046874803e-05
-5.665509184218749979e-05
-5.411870092890624467e-05
-5.090405718906249901e-05
-5.100095045000000056e-05
-5.172879431562499677e-05
-5.057294163593750058e-05
-5.008733092265624470e-05
-5.208546832734375014e-05
-5.421216096406249516e-05
-5.391919236406249430e-05
-5.234410466953124709e-05
-5.156285506953124480e-05
-5.099332105937499969e-05
-4.968831379296875073e-05
-4.797475265859374655e-05
-4.594495328281249631e-05
-4.404103885234374687e-05
-4.306409538281249464e-05
-4.235341764609374700e-05
-4.091604045234375125e-05
-3.936956297265624714e-05
-3.876912993046874919e-05
-3.911283397812499702e-05
-3.954732777421874978e-05
-3.902509598593750057e-05
-3.756444915078124608e-05
-3.692358033828124759e-05
-3.864133763749999479e-05
-4.170186768671874593e-05
-4.417722347500000087e-05
-4.598844080937499856e-05
-4.704434847187499827e-05
-4.633519661328124809e-05
-4.495084368437499551e-05
-4.503285963359374470e-05
-4.618794937421874893e-05
-4.671361438828124920e-05
-4.664304252499999455e-05
-4.735906083515624686e-05
-4.919431074999999526e-05
-5.087277668749999680e-05
-5.138356438984374470e-05
-5.075070643749999644e-05
-4.910886157499999501e-05
-4.687116130468749480e-05
-4.494054400703124908e-05
-4.419286372578124520e-05
-4.474485013749999915e-05
-4.540479242656249981e-05
-4.554021411015624830e-05
-4.583585299687499472e-05
-4.577481787187499454e-05
-4.440686813281249858e-05
-4.374959613046875025e-05
-4.661748406640624638e-05
-5.143201102031249547e-05
-5.322720663437499947e-05
-5.039288801718749496e-05
-4.692075234375000045e-05
-4.568173930625000020e-05
-4.518392156796875107e-05
-4.443814863437500079e-05
-4.375531817343749751e-05
-4.267575939999999646e-05
-4.152066965937499900e-05
-4.101369665234374476e-05
-4.090459636640624995e-05
-4.114988127499999876e-05
-4.182431940624999566e-05
-4.227712373984374508e-05
-4.169805299140624550e-05
-4.077184496953124702e-05
-4.119870937499999891e-05
-4.231145599765624899e-05
-4.203794234374999967e-05
-4.050672364531249730e-05
-3.911435985625000126e-05
-3.823316523906249571e-05
-3.749006259218749777e-05
-3.741834632031249501e-05
-3.855436258437499708e-05
-3.982084142812499910e-05
-4.072072805234375068e-05
-4.163129582343749806e-05
-4.193456410078124535e-05
-4.089505962812499547e-05
-3.890760337031249938e-05
-3.716238026484375040e-05
-3.590009758593749818e-05
-3.452451845625000135e-05
-3.331411563359375097e-05
-3.268965001093749554e-05
-3.291395409531249535e-05
-3.458898680703124582e-05
-3.672903087734374574e-05
-3.706968316874999865e-05
-3.567998966640624817e-05
-3.512952913281249846e-05
-3.621824317499999785e-05
-3.645055811953124789e-05
-3.374860942968749695e-05
-2.945097369062499917e-05
-2.783201700000000034e-05
-3.051451074374999975e-05
-3.310087416562499632e-05
-3.169477747343749601e-05
-2.775381574609374821e-05
-2.544134744765625032e-05
-2.660826274374999845e-05
-2.842138742578124974e-05
-2.814100732031249829e-05
-2.727812324062499957e-05
-2.785643104999999703e-05
-2.813795556406249997e-05
-2.615202518437499796e-05
-2.509077694843750035e-05
-2.808645717734374749e-05
-3.167570399687500061e-05
-3.152693087968749721e-05
-2.977560426171874821e-05
-3.107832271093749759e-05
-3.508375278906250002e-05
-3.839452685078124851e-05
-3.926084415624999491e-05
-3.676450754374999775e-05
-3.168447779609374958e-05
-2.902105752890624896e-05
-3.274915925781249825e-05
-3.910711193515624976e-05
-4.204404585624999630e-05
-4.136541156015624961e-05
-3.858564308593749929e-05
-3.314703197890625090e-05
-2.807768337812499852e-05
-2.815626610156250003e-05
-3.183401385234375171e-05
-3.452375551718749584e-05
-3.487089279062500152e-05
-3.276670685624999619e-05
-2.870901545234374932e-05
-2.581556905781249824e-05
-2.658003399843749794e-05
-2.918890412265624776e-05
-3.040846221406249986e-05
-2.957380687968749826e-05
-2.789610388124999884e-05
-2.714804213046874897e-05
-2.964247139531249930e-05
-3.551023572499999577e-05
-4.122045313828124664e-05
-4.361913355078125029e-05
-4.290540405781250095e-05
-4.103925511093749971e-05
-3.946340447734374699e-05
-3.947599297187499639e-05
-4.223554356093749644e-05
-4.561612654687500085e-05
-4.585454500390624753e-05
-4.376523638124999458e-05
-4.241101954531249611e-05
-4.162671818906249889e-05
-4.054792235468749657e-05
-3.962972519296874833e-05
-3.920209784843749771e-05
-3.942716487187499625e-05
-3.983571873984375147e-05
-3.961675522890624956e-05
-3.811872437968749622e-05
-3.490255476171874631e-05
-3.170355127265625175e-05
-3.104589780078124728e-05
-3.275678864843749912e-05
-3.463552608984374977e-05
-3.467786920781249714e-05
-3.293417198046874562e-05
-3.144338905234375056e-05
-3.191793714921874772e-05
-3.363836473515624726e-05
-3.479192859765624726e-05
-3.644826930234374492e-05
-4.001539088906250094e-05
-4.252126423984374580e-05
-4.123609338906249774e-05
-3.825414606328125149e-05
-3.644788783281249555e-05
-3.540647601249999885e-05
-3.377874552265625106e-05
-3.307417129843750006e-05
-3.487012985156249601e-05
-3.704755793593750155e-05
-3.741605750312499882e-05
-3.615453776328124533e-05
-3.430631788437499816e-05
-3.381765541484374737e-05
-3.578565672656249869e-05
-3.830564444999999719e-05
-3.873861236796874571e-05
-3.744657506562499552e-05
-3.703611385000000024e-05
-3.728597639296874823e-05
-3.584135127812500097e-05
-3.440969612734374572e-05
-3.603857102578124838e-05
-3.780897112031249616e-05
-3.514783967031249513e-05
-2.934454369140624991e-05
-2.469328569687500045e-05
-2.281302237734374896e-05
-2.227896503359374909e-05
-2.227782062499999760e-05
-2.354353652968749750e-05
-2.530630723359374780e-05
-2.584532368124999960e-05
-2.502020508515624908e-05
-2.358359083046874868e-05
-2.153090328281249922e-05
-1.934889756406249790e-05
-1.857527735468749987e-05
-1.906165100703124769e-05
-2.003020214687500032e-05
-2.189177345937499901e-05
-2.341994040156249968e-05
-2.249449531874999993e-05
-2.035368830937499788e-05
-2.006873056953125065e-05
-2.138594486093749964e-05
-2.141875124062499932e-05
-2.027472411640625041e-05
-2.095259547343749837e-05
-2.347677936171875006e-05
-2.425039957109374809e-05
-2.162398184843750034e-05
-1.858061792812499776e-05
-1.791419065703124772e-05
-1.835211767890624815e-05
-1.827658671171874836e-05
-1.803893119375000041e-05
-1.878355971874999921e-05
-2.121008740703125061e-05
-2.365530710234374804e-05
-2.378691409062499949e-05
-2.204703155859374841e-05
-2.107695454062499831e-05
-2.197150059140624861e-05
-2.251356879531249872e-05
-2.119940626015624804e-05
-1.963004060859374809e-05
-1.856879237265625048e-05
-1.693610277890625077e-05
-1.462287154140624907e-05
-1.250380829531249984e-05
-1.092147267968749943e-05
-9.646220036718750138e-06
-9.132762047656249903e-06
-1.008529146718749867e-05
-1.145667443203124910e-05
-1.233596170156249935e-05
-1.415786018281249961e-05
-1.701277815468749867e-05
-1.818350814609375062e-05
-1.697959030546874963e-05
-1.598509923749999947e-05
-1.654357063124999941e-05
-1.799277338046874922e-05
-2.027014648203124785e-05
-2.261236940390625049e-05
-2.330168484687499976e-05
-2.286375782499999932e-05
-2.275351313046874963e-05
-2.228392413749999762e-05
-2.067564859374999798e-05
-1.907576537968749795e-05
-1.860541344765625059e-05
-1.878661147499999752e-05
-1.868628498828124829e-05
-1.824416180156249805e-05
-1.761778883124999918e-05
-1.676177120312499920e-05
-1.605033052734374945e-05
-1.575087694531249920e-05
-1.568297536875000027e-05
-1.553839841640625006e-05
-1.557845271718749785e-05
-1.641272658203125009e-05
-1.782797854296874873e-05
-1.931189501953124843e-05
-2.043684866718749855e-05
-2.097166895000000055e-05
-2.091826321562499785e-05
-2.002295422578124882e-05
-1.866797445078124823e-05
-1.848525054531250045e-05
-2.033690364999999868e-05
-2.284239553124999756e-05
-2.422102641718749949e-05
-2.366713265781249871e-05
-2.167929493046874987e-05
-1.983565268593749848e-05
-1.918372125703124805e-05
-1.959341953359374798e-05
-2.021025576562499916e-05
-2.038840203671874778e-05
-2.017706791640625012e-05
-1.966322845781250052e-05
-1.836508764296875031e-05
-1.648825754921874988e-05
-1.579283859375000060e-05
-1.655921088203125052e-05
-1.678656672265624864e-05
-1.607436310781250015e-05
-1.618308192421874899e-05
-1.761893323984375066e-05
-1.919783562968749831e-05
-2.032278927734374843e-05
-2.071188819921874872e-05
-1.933745347812499999e-05
-1.646269909062499833e-05
-1.468619548359374883e-05
-1.549986999374999974e-05
-1.747855245234375025e-05
-1.928709949999999899e-05
-2.048224354140624763e-05
-1.983641562500000060e-05
-1.789778746718749788e-05
-1.744879782890624889e-05
-1.860426903906249910e-05
-1.927527394453124832e-05
-1.953848792109374782e-05
-2.053526780624999757e-05
-2.156485407109375038e-05
-2.159041252968749855e-05
-2.080954439921874901e-05
-2.023390687656250050e-05
-2.125624522031249842e-05
-2.359961255078124915e-05
-2.583273518671875020e-05
-2.827032549140625015e-05
-3.157842926640624969e-05
-3.483350877656249590e-05
-3.706129083906249905e-05
-3.864553380234375137e-05
-4.020498124609374747e-05
-4.158590094921874898e-05
-4.259336198124999792e-05
-4.371526387265624634e-05
-4.536359371718750054e-05
-4.605863120312499707e-05
-4.420812250703124694e-05
-4.122083460781249601e-05
-3.947408562421874956e-05
-3.952176931562499483e-05
-3.998182157031249576e-05
-3.879049222421874756e-05
-3.596761769296875113e-05
-3.446005010546875010e-05
-3.572156984531249681e-05
-3.741453162500000136e-05
-3.767278649765624894e-05
-3.664129288515624930e-05
-3.472784171640624538e-05
-3.276136628281249829e-05
-3.125837632968749642e-05
-2.997740164374999817e-05
-2.957495128828124974e-05
-3.047979701640624985e-05
-3.119276357031249708e-05
-3.092687930703124863e-05
-3.045614590546874851e-05
-3.049352991953124735e-05
-3.167341517968749764e-05
-3.406980677499999832e-05
-3.706281671718749651e-05
-3.988721712656249718e-05
-4.164541019609374492e-05
-4.201658005000000131e-05
-4.164769901328124789e-05
-4.078519640312499515e-05
-3.937299619843749821e-05
-3.838994921640624935e-05
-3.847120222656249980e-05
-3.877103727812499602e-05
-3.873327179453124781e-05
-3.892858419453124839e-05
-3.956334949453125025e-05
-3.975828042500000146e-05
-3.898542315468749876e-05
-3.728483198437500013e-05
-3.516996490312499900e-05
-3.505247228749999781e-05
-3.830869620624999890e-05
-4.253957477734374924e-05
-4.520986149609374860e-05
-4.637448797500000054e-05
-4.664800162890624986e-05
-4.584882296093750027e-05
-4.436261766718749760e-05
-4.283368778593749820e-05
-4.137800005468749901e-05
-4.069021048984374720e-05
-4.157140510703124598e-05
-4.329908061406249702e-05
-4.435422533749999800e-05
-4.392583505390624865e-05
-4.213407266562499572e-05
-3.951757315078124503e-05
-3.684385320625000137e-05
-3.483007555078125161e-05
-3.357351491484374665e-05
-3.336752136796875028e-05
-3.441236641406249805e-05
-3.569372256953124567e-05
-3.601377550624999894e-05
-3.560522163828125049e-05
-3.639257475078124942e-05
-3.876340788749999515e-05
-4.058034726484374688e-05
-4.148748181015624996e-05
-4.251401631875000107e-05
-4.316785509531249833e-05
-4.364392907031249973e-05
-4.473569486875000081e-05
-4.554250292734374450e-05
-4.566533611640625036e-05
-4.593350919687499501e-05
-4.698102452968749512e-05
-4.918897017656249736e-05
-5.151631578671874763e-05
-5.197446069374999495e-05
-5.044858256874999725e-05
-4.850041767265624682e-05
-4.726445639140624828e-05
-4.697911718203124829e-05
-4.733273943749999996e-05
-4.811360756796874611e-05
-4.874646552031249437e-05
-4.802548810625000030e-05
-4.652707578749999760e-05
-4.639356145156249594e-05
-4.789235523984374800e-05
-4.949109404531249655e-05
-5.007512389765624467e-05
-4.943578096328125042e-05
-4.820859348125000084e-05
-4.710500212734374908e-05
-4.643590456953125008e-05
-4.595983059453124869e-05
-4.502103407812500080e-05
-4.427564261406249989e-05
-4.493939959843750099e-05
-4.683949933359375000e-05
-4.857098953593749470e-05
-4.889447569843749904e-05
-4.836499598906249833e-05
-4.830777555937499859e-05
-4.892232297421875018e-05
-4.958607995859374450e-05
-4.964902243124999829e-05
-4.891049741874999951e-05
-4.823453340937499837e-05
-4.876706487500000078e-05
-5.050656593749999572e-05
-5.264928029453124799e-05
-5.409123512265624967e-05
-5.433919031796874405e-05
-5.398480512343750042e-05
-5.283047832187499492e-05
-5.085828084531250057e-05
-4.922826153828124981e-05
-4.805905742499999871e-05
-4.779317316171875025e-05
-4.935948705703124850e-05
-5.092313066562499440e-05
-5.039670271249999540e-05
-4.859158889062499434e-05
-4.743039563750000025e-05
-4.794232774843749625e-05
-4.918515548124999693e-05
-4.946248383046874668e-05
-4.900357598437500063e-05
-4.956395472578124740e-05
-5.064122468203124548e-05
-4.973065691093749810e-05
-4.766766968593749883e-05
-4.699094273749999896e-05
-4.682881818671874743e-05
-4.581716098984374869e-05
-4.506566601328125115e-05
-4.546735342968749745e-05
-4.651105406718749713e-05
-4.705579255781249957e-05
-4.628484263515625049e-05
-4.530026977499999739e-05
-4.546239432578124892e-05
-4.602048424999999950e-05
-4.614675066484374966e-05
-4.604260948281249660e-05
-4.494931780624999805e-05
-4.230001191171874769e-05
-3.915403268749999629e-05
-3.670576123593750055e-05
-3.610418378515624772e-05
-3.742368689374999969e-05
-3.873212738593749972e-05
-3.862607885624999983e-05
-3.774946187343750022e-05
-3.721006395624999567e-05
-3.742444983281249842e-05
-3.815801574140624867e-05
-3.849904950234375094e-05
-3.787992445312500018e-05
-3.685300847499999971e-05
-3.628233005624999973e-05
-3.669050245468749881e-05
-3.819845151171874921e-05
-4.034498056406249513e-05
-4.194448230859374919e-05
-4.192273854531249468e-05
-4.078328905546874832e-05
-4.050062013281250067e-05
-4.148252270624999466e-05
-4.196622607187499692e-05
-4.181745295468750030e-05
-4.204061263046874523e-05
-4.231832244921875113e-05
-4.268491466874999480e-05
-4.309156118906249641e-05
-4.193952320468750066e-05
-3.878286283359374669e-05
-3.609426557734375066e-05
-3.602064195781250108e-05
-3.772161459765624908e-05
-3.941648372500000045e-05
-4.052999328671874927e-05
-4.103277012890624694e-05
-4.059903927187499969e-05
-4.007337425781249942e-05
-4.096677589999999823e-05
-4.280011846718749979e-05
-4.466359712734374870e-05
-4.680440413671874735e-05
-4.916264877890625046e-05
-5.116612675703124702e-05
-5.235707463359374586e-05
-5.254857233828124600e-05
-5.241391359374999624e-05
-5.287778054374999760e-05
-5.322148459140624543e-05
-5.245473083359374614e-05
-5.144345510624999678e-05
-5.031888292812499602e-05
-4.809110086562499965e-05
-4.670522205859374960e-05
-4.878842716874999915e-05
-5.223385997499999740e-05
-5.295483738906249825e-05
-5.061223299765624624e-05
-4.783551627968749763e-05
-4.665486808046874522e-05
-4.750516366562499793e-05
-4.863278760000000039e-05
-4.789960316093749951e-05
-4.598042994921874832e-05
-4.449308024687499756e-05
-4.370114949999999947e-05
-4.364965111328124699e-05
-4.448392497812499923e-05
-4.626157299374999851e-05
-4.812047401953124825e-05
-4.783437187109374953e-05
-4.528386658515624755e-05
-4.359014186640625105e-05
-4.432561512265624813e-05
-4.592740568437499838e-05
-4.706456635703124854e-05
-4.752652595937499630e-05
-4.689443094609374677e-05
-4.498288712499999646e-05
-4.292676635156249932e-05
-4.195211169921875006e-05
-4.186551811562499493e-05
-4.192426442343749892e-05
-4.172590026718749664e-05
-4.150159618281249683e-05
-4.202878707500000134e-05
-4.320829086562499887e-05
-4.392583505390624865e-05
-4.331090616953124769e-05
-4.127157005546874975e-05
-3.895948322656250123e-05
-3.799207649531249670e-05
-3.866269993124999994e-05
-4.001157619375000050e-05
-4.113347808515624893e-05
-4.155843514296874721e-05
-4.114187041484374853e-05
-3.985555515546874560e-05
-3.804891545546874708e-05
-3.676336313515624966e-05
-3.646886865703125133e-05
-3.663099320781249609e-05
-3.725545883046875152e-05
-3.875120086249999511e-05
-4.036481697968749604e-05
-4.117276944687500137e-05
-4.164464725703124619e-05
-4.292485900390624571e-05
-4.506528454374999500e-05
-4.594533475234374568e-05
-4.387738842343749787e-05
-4.110944550468749822e-05
-4.125058923125000075e-05
-4.416272763281249786e-05
-4.632070077109374509e-05
-4.526975221250000069e-05
-4.236371732343750021e-05
-4.105756564843749637e-05
-4.243314477812499999e-05
-4.419629695156249627e-05
-4.479978174999999592e-05
-4.535367550937499670e-05
-4.639775761640624574e-05
-4.665219779374999966e-05
-4.534375730156249963e-05
-4.307477652968749721e-05
-4.160115973046875072e-05
-4.205930463749999804e-05
-4.310681997031249815e-05
-4.265821180156249853e-05
-4.040983038437499574e-05
-3.864400792421874713e-05
-3.948819999687499643e-05
-4.179303890468750023e-05
-4.279859258906249555e-05
-4.097287941249999485e-05
-3.751523958124999657e-05
-3.511770357734374779e-05
-3.449285648515624977e-05
-3.467825067734374650e-05
-3.518713103203124757e-05
-3.599889819453124657e-05
-3.731954571171874663e-05
-3.871915742187500095e-05
-3.904683974921874831e-05
-3.837507190468749697e-05
-3.823125789140624888e-05
-3.884847559296874603e-05
-3.872373505625000011e-05
-3.836133900156249947e-05
-3.951413992500000074e-05
-4.149663707890624830e-05
-4.260060990234374942e-05
-4.286878298281250084e-05
-4.417569759687499663e-05
-4.680593001484374482e-05
-4.780232843046874859e-05
-4.596250088125000102e-05
-4.375913286874999795e-05
-4.305799187031249801e-05
-4.361074122109375069e-05
-4.482724755624999769e-05
-4.643704897812499818e-05
-4.789426258749999483e-05
-4.935872411796874977e-05
-5.134503596718749776e-05
-5.269734545546874940e-05
-5.229260628281249461e-05
-5.072514797890624827e-05
-4.904019705937500074e-05
-4.792172839374999661e-05
-4.800488875156250066e-05
-4.960477196562499731e-05
-5.190198148281250024e-05
-5.347973946406249979e-05
-5.379750358359375008e-05
-5.330578935781249758e-05
-5.265881703281249568e-05
-5.172650549843750057e-05
-4.991338081640624928e-05
-4.831120878515624966e-05
-4.855878251093749467e-05
-5.016324335937499726e-05
-5.143735159375000015e-05
-5.145222890546874574e-05
-5.019147210468749776e-05
-4.823262606171874477e-05
-4.639317998203124657e-05
-4.473607633828125018e-05
-4.292371459531249761e-05
-4.122503077265624581e-05
-4.043996647734374986e-05
-4.140699173906249825e-05
-4.350469269140625080e-05
-4.445874798906250042e-05
-4.357030545078125015e-05
-4.265516004531249683e-05
-4.263341628203124909e-05
-4.217107521015624519e-05
-4.058301755156249922e-05
-3.873975677656250058e-05
-3.711278922578125153e-05
-3.615034159843749553e-05
-3.617284830078124877e-05
-3.694379822343749786e-05
-3.873136444687500098e-05
-4.065206353671874963e-05
-4.102437779921874734e-05
-4.063680475546874789e-05
-4.088590435937499714e-05
-4.137189654218749560e-05
-4.215123879453125107e-05
-4.364354760078125036e-05
-4.433171863515624476e-05
-4.328916240624999996e-05
-4.199788804296874850e-05
-4.078862962890624622e-05
-3.874853057578124955e-05
-3.687932987265624661e-05
-3.651006736640625061e-05
-3.713644033671874609e-05
-3.780515642499999573e-05
-3.801000556328125077e-05
-3.779485674765624929e-05
-3.778150531406250116e-05
-3.845823226250000103e-05
-3.969343060468750084e-05
-4.077871142109374916e-05
-4.161832585937499929e-05
-4.307325065156249975e-05
-4.515264106640624886e-05
-4.677274216562499578e-05
-4.711377592656249805e-05
-4.630773080703124632e-05
-4.564931439609374989e-05
-4.580266514765624568e-05
-4.578053991484374858e-05
-4.560010482656250038e-05
-4.650571349374999923e-05
-4.855382340703124613e-05
-5.032651231874999689e-05
-5.037038131484374850e-05
-4.886205078828124873e-05
-4.672048083984374457e-05
-4.469678497656249773e-05
-4.451215372343749973e-05
-4.657781123515624457e-05
-4.814183631328124662e-05
-4.752423714218750010e-05
-4.686734660937500114e-05
-4.828832061328124705e-05
-5.064275056015624972e-05
-5.214039993984374692e-05
-5.261609244531249895e-05
-5.234753789531249816e-05
-5.152852281171874766e-05
-5.086629170546875080e-05
-5.135609858359374970e-05
-5.251004391562499906e-05
-5.312192104374999831e-05
-5.364415283203124752e-05
-5.422207917187499900e-05
-5.370328060937499409e-05
-5.218426893593749853e-05
-5.086705464453124953e-05
-5.033719346562499946e-05
-5.064351349921874845e-05
-5.183331696718749919e-05
-5.417172519374999462e-05
-5.687596270078124853e-05
-5.790135280078124476e-05
-5.690686173281249460e-05
-5.516125715781249625e-05
-5.325314656249999700e-05
-5.124089478515624470e-05
-4.952618924218749920e-05
-4.882695559140624609e-05
-4.839322473437499884e-05
-4.659574030312499865e-05
-4.375188494765624644e-05
-4.124639306640625095e-05
-3.982198583671874720e-05
-4.006345604999999557e-05
-4.183461908359374887e-05
-4.346959749453124816e-05
-4.392774240156249548e-05
-4.375455523437499878e-05
-4.332196878593749963e-05
-4.237592434843750024e-05
-4.095189858828124585e-05
-4.016874164062499673e-05
-4.140279557421874845e-05
-4.394071236562500102e-05
-4.525182314453124661e-05
-4.513280465078124795e-05
-4.612958453593750109e-05
-4.816663183281249606e-05
-4.861371412343749822e-05
-4.760434574374999568e-05
-4.733235796796875060e-05
-4.820554172499999914e-05
-4.854962724218749633e-05
-4.687688334765624884e-05
-4.391477243749999671e-05
-4.173276671874999878e-05
-4.172818908437499961e-05
-4.364583641796874656e-05
-4.539792597499999767e-05
-4.522397586874999547e-05
-4.355161344374999734e-05
-4.146802686406249843e-05
-3.927610293749999665e-05
-3.752058015468750124e-05
-3.746870029843749940e-05
-3.915822885234374610e-05
-4.066160027499999733e-05
-4.024236526015624631e-05
-3.907468702499999945e-05
-3.966863508515625140e-05
-4.155690926484374974e-05
-4.305074394921874650e-05
-4.431226368906249999e-05
-4.580571690390624739e-05
-4.718854395468749573e-05
-4.768788757109374910e-05
-4.711987943906249468e-05
-4.612538837109374451e-05
-4.485242454531249650e-05
-4.295842832265625089e-05
-4.085195357109374937e-05
-3.983381139218749787e-05
-4.029729687265624986e-05
-4.089467815859374611e-05
-4.070012869765625104e-05
-4.037244637031249690e-05
-4.022291031406249477e-05
-3.965528365156249649e-05
-3.858030251250000139e-05
-3.789670911249999938e-05
-3.873022003828124611e-05
-4.053495239062499781e-05
-4.122159754687499474e-05
-4.010541769843750036e-05
-3.912580394218749579e-05
-3.985479221640624687e-05
-4.137990740234374584e-05
-4.242131922265624932e-05
-4.283979129843749483e-05
-4.239957545937499481e-05
-4.073293507734375072e-05
-3.930623903046875076e-05
-3.970525616015624474e-05
-4.109418672343749648e-05
-4.246366234062499669e-05
-4.391133921171874564e-05
-4.478643031640624779e-05
-4.464681246796874949e-05
-4.485662071015624630e-05
-4.608380819218749587e-05
-4.716565578281249990e-05
-4.736173112187499920e-05
-4.686658367031249563e-05
-4.565274762187500096e-05
-4.380376480390624829e-05
-4.227712373984374508e-05
-4.161412969453124949e-05
-4.097059059531249866e-05
-3.989827974296874911e-05
-3.911817455156249492e-05
-3.895109089687499485e-05
-3.894842061015624929e-05
-3.856504373124999965e-05
-3.789823499062499685e-05
-3.741643897265624818e-05
-3.682134650390624813e-05
-3.594511099062499789e-05
-3.470075737968749975e-05
-3.276251069140624639e-05
-3.176954550156250046e-05
-3.358762928750000029e-05
-3.634107636406249694e-05
-3.719518664453125008e-05
-3.726995467265624775e-05
-3.895414265312499656e-05
-4.023626174765624968e-05
-3.792493785781249989e-05
-3.351629448515624691e-05
-3.028028845156249948e-05
-2.918470795781249796e-05
-2.873228509374999790e-05
-2.691763453359374914e-05
-2.433699315468749983e-05
-2.325133086874999876e-05
-2.410811143593749747e-05
-2.530935898984374951e-05
-2.520941397265624964e-05
-2.388495176015624914e-05
-2.321013215937499949e-05
-2.420119000156249859e-05
-2.567366239218750036e-05
-2.650526597031250026e-05
-2.699202109218749746e-05
-2.815741051015624812e-05
-3.050268518828124908e-05
-3.302000262499999524e-05
-3.407247706171875066e-05
-3.299329975781249897e-05
-3.112371758515624666e-05
-3.026502967031249774e-05
-2.981108092812500022e-05
-2.856024233515624931e-05
-2.770689499374999828e-05
-2.846640083046874945e-05
-3.016203289687499956e-05
-3.229826227187499566e-05
-3.366621201093749840e-05
-3.182409564453124787e-05
-2.775228986796874736e-05
-2.505034117812499981e-05
-2.423933695468749954e-05
-2.370299079375000009e-05
-2.353018509609374937e-05
-2.482641856328124936e-05
-2.679518281406249942e-05
-2.754477044296875014e-05
-2.747953915312500016e-05
-2.822950825156250024e-05
-3.003767382968749962e-05
-3.270643467031250152e-05
-3.564870916484374596e-05
-3.698461546328124776e-05
-3.606565536250000079e-05
-3.493688701953125023e-05
-3.480680590937499963e-05
-3.485601547890624914e-05
-3.471754203906249895e-05
-3.459623472812499732e-05
-3.419836200703125145e-05
-3.324354377031249632e-05
-3.298986653203124790e-05
-3.471944938671874578e-05
-3.666303664843749703e-05
-3.629148532499999806e-05
-3.448331974687499530e-05
-3.398931670390624660e-05
-3.558652963124999769e-05
-3.785779922031249630e-05
-3.866460727890624676e-05
-3.724401474453125022e-05
-3.610570966328124519e-05
-3.780897112031249616e-05
-4.029920422031249669e-05
-3.981588232421875057e-05
-3.621938758359374594e-05
-3.247869736015625064e-05
-3.082884163749999897e-05
-3.056906088671874715e-05
-3.022001626562499803e-05
-2.978018189609374738e-05
-2.965467842031249934e-05
-2.970350652031249948e-05
-2.952268996249999853e-05
-2.861784423437499842e-05
-2.606962776562499941e-05
-2.197455234765625031e-05
-1.956366491015625001e-05
-2.117613661874999945e-05
-2.394598688515624932e-05
-2.458227806328124865e-05
-2.357405409218749759e-05
-2.253645696718749794e-05
-2.161902274453124842e-05
-2.051085375624999750e-05
-2.028921995859375003e-05
-2.159384575546874962e-05
-2.292326707187499865e-05
-2.375754093671874750e-05
-2.489393867031249892e-05
-2.549170142578124793e-05
-2.542608866640624858e-05
-2.642439442968749918e-05
-2.822073445234374789e-05
-2.980535888515624957e-05
-3.157652191874999608e-05
-3.224676388515624996e-05
-3.008230576484374996e-05
-2.628592098984374898e-05
-2.318724398750000027e-05
-2.242544933359374952e-05
-2.396391595312500001e-05
-2.590750321484374787e-05
-2.691992335078124873e-05
-2.648809984140624831e-05
-2.438124362031249742e-05
-2.264174255781249909e-05
-2.385672301484374863e-05
-2.699049521406249999e-05
-2.888410996718749962e-05
-2.876966910781250013e-05
-2.837789989921874750e-05
-2.846754523906249755e-05
-2.830198746249999834e-05
-2.769087327343749781e-05
-2.719381847421874741e-05
-2.716253797265624859e-05
-2.710417313437499736e-05
-2.675779879999999719e-05
-2.651022507421874880e-05
-2.617033572187499801e-05
-2.667921607656249908e-05
-2.938879415703124750e-05
-3.100431762187499864e-05
-2.778090008281249723e-05
-2.378233645625000032e-05
-2.485464730859374987e-05
-2.943533343984374806e-05
-3.290441735703124765e-05
-3.455312867109375122e-05
-3.511655916874999970e-05
-3.481062060468750007e-05
-3.522909268046874558e-05
-3.675916697031249986e-05
-3.767126061953125147e-05
-3.708074578515625059e-05
-3.564527593906250167e-05
-3.440092232812499675e-05
-3.310201857421875120e-05
-3.102949461093749744e-05
-2.928770473124999953e-05
-2.896650738593749817e-05
-2.911070286874999901e-05
-2.899359172265624719e-05
-2.891386459062499759e-05
-2.818907248124999970e-05
-2.627104367812500000e-05
-2.533568038749999980e-05
-2.725218331249999864e-05
-3.018263225156249919e-05
-3.175657553750000170e-05
-3.157423310156249989e-05
-3.017805461718750003e-05
-2.820051656718749761e-05
-2.621229737031249940e-05
-2.445372283124999890e-05
-2.341917746249999756e-05
-2.437208835156249909e-05
-2.599638561562499919e-05
-2.553557042187499954e-05
-2.432783788593749811e-05
-2.475012465703124744e-05
-2.535399092499999985e-05
-2.471274064296874860e-05
-2.493017827578124967e-05
