-2.449949917499999734e-05
-2.758482474374999793e-05
-2.985227963749999950e-05
-3.006437669687499927e-05
-2.822721943437499727e-05
-2.574614160312499846e-05
-2.482603709375000000e-05
-2.649534776249999981e-05
-2.940061971249999817e-05
-3.130186385624999867e-05
-3.153532320937499681e-05
-3.060301167500000170e-05
-2.888182115000000004e-05
-2.789457800312499799e-05
-2.875669914374999798e-05
-2.898100322812499779e-05
-2.582701314374999954e-05
-2.085265045624999850e-05
-1.768645334687500022e-05
-1.719512059062500048e-05
-1.724089693437499892e-05
-1.672667600624999995e-05
-1.672972776249999826e-05
-1.769713449374999941e-05
-1.891631111562499875e-05
-1.934813462499999917e-05
-1.815337205312499990e-05
-1.715544775937499867e-05
-1.944426494687499860e-05
-2.366636971874999998e-05
-2.550505285937499945e-05
-2.491453802499999856e-05
-2.550352698124999860e-05
-2.807005398749999766e-05
-3.055570945312499902e-05
-3.218076965625000125e-05
-3.316343516875000074e-05
-3.335264405624999791e-05
-3.311918470312499976e-05
-3.277738800312499876e-05
-3.219297668125000128e-05
-3.153684908750000105e-05
-3.122099231562499758e-05
-3.237455617812499758e-05
-3.560026253437499519e-05
-3.839261950312499491e-05
-3.766324975937500124e-05
-3.429258498125000067e-05
-3.221433897499999965e-05
-3.366392319374999543e-05
-3.630216647187500063e-05
-3.638303801249999494e-05
-3.402097867499999817e-05
-3.266294714374999927e-05
-3.343961910937499562e-05
-3.332060061562499697e-05
-3.106993038124999799e-05
-2.957914745312499954e-05
-3.118284536250000001e-05
-3.527830224999999509e-05
-3.859708717187500059e-05
-3.783567398749999920e-05
-3.427732619999999893e-05
-3.218382141249999617e-05
-3.291624291249999832e-05
-3.520963773437500082e-05
-3.796232187187499873e-05
-3.983457433124999660e-05
-4.005430078124999724e-05
-3.831785147499999723e-05
-3.369749251250000061e-05
-2.795408724999999731e-05
-2.508238461874999736e-05
-2.557982088749999712e-05
-2.664640969687499941e-05
-2.656096052187499916e-05
-2.610167120625000035e-05
-2.714232008749999832e-05
-3.034056063749999754e-05
-3.378599344374999579e-05
-3.442075874374999765e-05
-3.171385094999999818e-05
-2.910307347812499814e-05
-2.946165483749999835e-05
-3.185117998125000028e-05
-3.430784376249999563e-05
-3.545988174687499816e-05
-3.474424490624999521e-05
-3.349912835624999834e-05
-3.319242685312499998e-05
-3.429716261562499983e-05
-3.720396044374999904e-05
-4.066770378750000074e-05
-4.238126492187499814e-05
-4.212644327499999485e-05
-4.133909016249999593e-05
-4.062803095624999893e-05
-3.934324157500000024e-05
-3.803251226562499724e-05
-3.816526366250000017e-05
-3.851316387499999780e-05
-3.741758338124999628e-05
-3.647764245625000030e-05
-3.718870166249999730e-05
-3.673093822499999935e-05
-3.204801825937499832e-05
-2.688139492812499840e-05
-2.682341155937499993e-05
-3.048094142499999795e-05
-3.280943144374999970e-05
-3.249510055000000047e-05
-3.135679546874999544e-05
-3.037412995624999933e-05
-3.035429354062499843e-05
-3.312833997187499810e-05
-3.784482925624999754e-05
-3.912046336874999789e-05
-3.326261724687499849e-05
-2.367552498749999831e-05
-1.651610482499999764e-05
-1.390380147500000014e-05
-1.405944104374999890e-05
-1.474303444374999921e-05
-1.456298082499999868e-05
-1.389312032812499926e-05
-1.418456304999999927e-05
-1.576232103125000051e-05
-1.719359471249999962e-05
-1.722258639687499886e-05
-1.688231557499999871e-05
-1.713561134374999776e-05
-1.712493019687499858e-05
-1.641234511250000072e-05
-1.528472117812499826e-05
-1.363219516874999934e-05
-1.184081424999999917e-05
-1.091918386249999985e-05
-1.058043891874999886e-05
-9.538264159375000033e-06
-7.843013562499999295e-06
-6.857296293749999791e-06
-7.041927546874999485e-06
-7.641597650000000398e-06
-8.193965531250000324e-06
-8.885188321874999811e-06
-1.007384738124999906e-05
-1.215819690000000010e-05
-1.501616662812499917e-05
-1.790923155312499918e-05
-2.055052658749999931e-05
-2.301939739374999808e-05
-2.453001673749999743e-05
-2.377318118749999860e-05
-2.207487883437499955e-05
-2.225035481874999921e-05
-2.362364513124999986e-05
-2.439573946250000043e-05
-2.495421085625000037e-05
-2.561949371874999894e-05
-2.580412497187500032e-05
-2.530821458124999802e-05
-2.501372010312499970e-05
-2.545012124687499929e-05
-2.572020167499999754e-05
-2.560728669374999890e-05
-2.574003809062499844e-05
-2.559050203437499970e-05
-2.454222376249999747e-05
-2.342680685312499843e-05
-2.296751753749999962e-05
-2.318724398750000027e-05
-2.422178935624999822e-05
-2.551268225000000032e-05
-2.586363421874999965e-05
-2.482298533749999829e-05
-2.348479022187500030e-05
-2.419890118437499900e-05
-2.701719808124999965e-05
-2.813108911249999783e-05
-2.548826820000000024e-05
-2.158507195625000065e-05
-1.941527326249999937e-05
-2.010344429687500054e-05
-2.256468571249999844e-05
-2.413634018124999797e-05
-2.384642333749999882e-05
-2.315672642500000018e-05
-2.304381144374999815e-05
-2.294462936562500040e-05
-2.220915610937499994e-05
-2.101439353750000067e-05
-2.035521418749999874e-05
-2.076720128124999825e-05
-2.164763295937499829e-05
-2.339934104687500004e-05
-2.611998174375000040e-05
-2.808531276874999939e-05
-2.909086645312499811e-05
-3.020170572812499798e-05
-3.162077238437499706e-05
-3.327177251562499682e-05
-3.495939372187499669e-05
-3.602903428750000068e-05
-3.536069966875000041e-05
-3.303373552812499951e-05
-3.106840450312500052e-05
-2.999876393749999993e-05
-2.828978043749999830e-05
-2.600096324999999836e-05
-2.407072742187499863e-05
-2.241514965624999970e-05
-2.120360242499999784e-05
-2.068175210624999800e-05
-2.063597576249999956e-05
-2.095946192500000051e-05
-2.148588987812499951e-05
-2.273253230624999724e-05
-2.501524598124999716e-05
-2.660521098750000013e-05
-2.615660281874999712e-05
-2.453612024999999745e-05
-2.342375509687500012e-05
-2.327574491874999884e-05
-2.355192885937500049e-05
-2.476195021249999811e-05
-2.662962503750000021e-05
-2.743834044374999750e-05
-2.686461026874999920e-05
-2.572783106562499841e-05
-2.470549272187500049e-05
-2.368925789062499920e-05
-2.218626793749999733e-05
-2.141112184999999845e-05
-2.272337703749999891e-05
-2.461394003437500022e-05
-2.530821458124999802e-05
-2.536619794999999989e-05
-2.539976726874999829e-05
-2.485350289999999838e-05
-2.397154534374999749e-05
-2.438353243750000039e-05
-2.644041614999999965e-05
-2.825621111874999990e-05
-2.878874258437499892e-05
-2.831114273125000006e-05
-2.650602890937499900e-05
-2.364958505937499739e-05
-2.116087783749999771e-05
-2.020262637499999829e-05
-2.117308486249999775e-05
-2.315672642500000018e-05
-2.472227738124999969e-05
-2.539518963437499912e-05
-2.539671551249999998e-05
-2.497252139375000043e-05
-2.378691409062499949e-05
-2.204893890624999862e-05
-2.194212743750000000e-05
-2.422789286874999824e-05
-2.567747708749999741e-05
-2.432249731250000021e-05
-2.227324299062499843e-05
-2.101286765937499982e-05
-1.987608845624999902e-05
-1.878966323124999923e-05
-1.868285176250000061e-05
-1.986388143124999899e-05
-2.126768930624999972e-05
-2.192686865624999827e-05
-2.170866808437499847e-05
-2.050627612187499833e-05
-1.962737032187499914e-05
-2.048643970624999743e-05
-2.148588987812499951e-05
-2.126616342812499887e-05
-2.110289446874999924e-05
-2.187804055624999812e-05
-2.247008126874999986e-05
-2.201384370937499937e-05
-2.203673188124999859e-05
-2.360533459374999980e-05
-2.485960641249999840e-05
-2.475432082187499724e-05
-2.514341974374999754e-05
-2.681120453437499989e-05
-2.839048839375000029e-05
-2.979734802499999933e-05
-3.102415403749999955e-05
-3.028868078124999908e-05
-2.718809643125000015e-05
-2.367247323125000000e-05
-2.191313575312499738e-05
-2.219694908437499990e-05
-2.281798148124999749e-05
-2.295073287812500042e-05
-2.316130405937499935e-05
-2.368162849999999833e-05
-2.487181343749999844e-05
-2.743223693124999748e-05
-3.127439804999999689e-05
-3.472898612500000025e-05
-3.543394181875000063e-05
-3.290556176562499575e-05
-2.855986086562499994e-05
-2.442167939062499796e-05
-2.300108685624999803e-05
-2.455290490937500004e-05
-2.608030891249999859e-05
-2.580717672812499864e-05
-2.421568584374999820e-05
-2.142638063125000019e-05
-1.799315484999999858e-05
-1.581572676562499982e-05
-1.640318984374999900e-05
-1.927184071875000064e-05
-2.253721990625000006e-05
-2.486418404687499757e-05
-2.606505013125000024e-05
-2.664030618437499939e-05
-2.684782560937500000e-05
-2.607115364375000026e-05
-2.429197975000000012e-05
-2.294615524374999787e-05
-2.322844269687499954e-05
-2.442625702500000052e-05
-2.498472841875000046e-05
-2.511595393749999915e-05
-2.616118045312499968e-05
-2.778013714374999850e-05
-2.867887935937499859e-05
-2.903746071874999880e-05
-2.953489698749999856e-05
-3.028410314687499992e-05
-3.121031116875000179e-05
-3.197782786562499980e-05
-3.241880664374999856e-05
-3.270261997500000108e-05
-3.332670412812500037e-05
-3.430631788437499816e-05
-3.462064877812499739e-05
-3.401029752812499560e-05
-3.325346197812500016e-05
-3.296354513437500100e-05
-3.302000262499999524e-05
-3.233488334687499577e-05
-3.086546271249999908e-05
-2.997892752187499902e-05
-3.032682773437500004e-05
-3.136289898124999885e-05
-3.194120679062499970e-05
-3.190611159374999705e-05
-3.226164119687499555e-05
-3.325651373437499508e-05
-3.346555903749999993e-05
-3.157194428437499692e-05
-2.791136266249999719e-05
-2.354429946874999962e-05
-2.049559497499999915e-05
-2.020110049687499744e-05
-2.129973274687500066e-05
-2.207945646874999871e-05
-2.178801374687499871e-05
-2.015379827499999815e-05
-1.804198294999999873e-05
-1.704711041249999919e-05
-1.806334524375000048e-05
-2.005919383124999956e-05
-2.122649059687500045e-05
-2.168272815624999755e-05
-2.270506649999999885e-05
-2.372130133125000014e-05
-2.334593531249999735e-05
-2.229613116249999765e-05
-2.247465890312499903e-05
-2.406157215312500029e-05
-2.516630791562500015e-05
-2.487028755937499758e-05
-2.402189932187499848e-05
-2.276915338124999735e-05
-2.136687138437499747e-05
-2.099760887812499808e-05
-2.147063109687499777e-05
-2.150725217187499788e-05
-2.058867354062500027e-05
-1.888426767499999781e-05
-1.714324073437499863e-05
-1.620177393124999841e-05
-1.532591988750000092e-05
-1.323851861249999988e-05
-1.066588809374999911e-05
-9.315485953124999380e-06
-9.671015556249999576e-06
-1.132506744374999935e-05
-1.381835229999999989e-05
-1.594542640624999766e-05
-1.635283586562499800e-05
-1.567534597812499941e-05
-1.587523601249999914e-05
-1.725920747187499897e-05
-1.789092101562499913e-05
-1.691283313749999880e-05
-1.546630067499999794e-05
-1.400908706562499960e-05
-1.230468119999999883e-05
-1.083678644374999961e-05
-9.564204087499999263e-06
-6.852718659374999777e-06
-2.203368012499999688e-06
1.589965006250000006e-06
2.003477978124999949e-06
1.739501062499999810e-07
-1.553343931249999899e-06
-2.354429946874999708e-06
-2.540587078124999831e-06
-3.109739618749999807e-06
-4.351804412500000063e-06
-5.007932006249999447e-06
-5.067441253124999621e-06
-5.789181606250000045e-06
-7.476802812499999914e-06
-9.785456415624999065e-06
-1.128539461249999923e-05
-1.094207203437499907e-05
-1.065368106874999907e-05
-1.156768206562499921e-05
-1.168822643749999872e-05
-1.063384465312499986e-05
-1.057128364999999883e-05
-1.222838729374999861e-05
-1.381835229999999989e-05
-1.364287631562499852e-05
-1.235045754374999897e-05
-1.148070701249999980e-05
-1.194762571874999948e-05
-1.386260276562499917e-05
-1.530913522812499833e-05
-1.429900390937499876e-05
-1.244963962187500011e-05
-1.170958873124999878e-05
-1.066588809374999911e-05
-8.724971118750000188e-06
-8.163447968750000235e-06
-1.030272909999999974e-05
-1.347197796562499972e-05
-1.485289766874999953e-05
-1.365813509687499857e-05
-1.154784565000000000e-05
-1.021422816874999948e-05
-9.718317778124998868e-06
-9.088130112499999560e-06
-8.207698434374999518e-06
-8.093257575000000029e-06
-8.677668896874999203e-06
-8.654780724999999982e-06
-8.287044096874999750e-06
-8.883662443749998960e-06
-1.010131318749999914e-05
-1.133117095624999936e-05
-1.250762299062499858e-05
-1.244506198749999924e-05
-1.051024852500000034e-05
-8.065791768749999948e-06
-6.480404396874999532e-06
-6.399532856249999295e-06
-7.856746465625000182e-06
-1.003112279374999894e-05
-1.199035030624999960e-05
-1.289367015624999887e-05
-1.252440764999999948e-05
-1.173247690312499970e-05
-1.088714042187499891e-05
-1.001738989062499975e-05
-9.436030324999998886e-06
-9.001155059375000152e-06
-9.194941581249999873e-06
-1.100768479375000011e-05
-1.351470255312499984e-05
-1.447447989375000012e-05
-1.316527646249999966e-05
-1.036681598124999992e-05
-7.568355499999999336e-06
-6.413265759374999335e-06
-7.163997796874999844e-06
-8.795161512500000394e-06
-9.799189318749999952e-06
-9.329218856250000267e-06
-8.261104168749998827e-06
-8.242793631249998774e-06
-9.573359356249999289e-06
-1.042174759375000008e-05
-9.483332546874999872e-06
-8.267207681249998845e-06
-8.679194775000000054e-06
-9.973139424999998768e-06
-9.954828887499998715e-06
-8.213801946874999536e-06
-6.813045828124999661e-06
-7.279964534374999337e-06
-8.489985887499999499e-06
-8.566279793749999723e-06
-7.501216862499999986e-06
-7.202144749999999955e-06
-8.511348181249999562e-06
-9.704584874999999674e-06
-9.558100574999999245e-06
-8.990473912499999273e-06
-8.663935993750000009e-06
-8.888240078124999820e-06
-1.048278271875000026e-05
-1.243132908437500005e-05
-1.250609711249999942e-05
-1.085509698124999966e-05
-9.622187456249999433e-06
-9.945673618749998688e-06
-1.091155447187499898e-05
-1.141662013124999962e-05
-1.135558500624999944e-05
-1.097564135312499917e-05
-1.063231877499999901e-05
-1.009063204062499996e-05
-9.014887962499999345e-06
-8.422847249999999302e-06
-8.804316781250000421e-06
-9.126277065624998825e-06
-9.301753050000000187e-06
-9.587092259375000177e-06
-8.876033053124999785e-06
-6.439205687499999411e-06
-3.961179612499999764e-06
-4.112241546875000207e-06
-6.640621600000000002e-06
-8.824153196874999632e-06
-9.526057134374999998e-06
-9.565729965625000114e-06
-9.326167100000000258e-06
-9.161372262499999775e-06
-1.029662558749999972e-05
-1.246489840312500015e-05
-1.422881351562499855e-05
-1.575926927499999880e-05
-1.778868718124999968e-05
-1.964568085937499920e-05
-2.013548773749999809e-05
-2.009428902812499882e-05
-2.153014034375000049e-05
-2.380064699375000038e-05
-2.448118863749999729e-05
-2.300413861249999973e-05
-2.063292400624999786e-05
-1.841887484687499898e-05
-1.684264274375000029e-05
-1.575469164062499964e-05
-1.452178211562499941e-05
-1.325377739374999992e-05
-1.248168306249999935e-05
-1.268615073124999995e-05
-1.412352792499999909e-05
-1.590880533125000094e-05
-1.663359744062499883e-05
-1.589354654999999920e-05
-1.486663057187499873e-05
-1.517638383124999879e-05
-1.695098009062499976e-05
-1.883543957499999767e-05
-1.998289992499999764e-05
-2.122801647499999791e-05
-2.320708040312499779e-05
-2.460020713124999933e-05
-2.394713129374999742e-05
-2.186278177499999977e-05
-1.994017533749999752e-05
-1.828154581562500028e-05
-1.589354654999999920e-05
-1.342620162187499958e-05
-1.295165352499999904e-05
-1.462249007187499970e-05
-1.676177120312499920e-05
-1.865843771250000053e-05
-2.051695726874999752e-05
-2.158354607812499980e-05
-2.031706723437499778e-05
-1.798705133749999856e-05
-1.830443398749999950e-05
-2.128142220937500061e-05
-2.376250004062499942e-05
-2.521818777187499861e-05
-2.648314073749999978e-05
-2.634428582812500021e-05
-2.447355924687499981e-05
-2.304533732187499901e-05
-2.338865989999999747e-05
-2.477263135937499730e-05
-2.598875622499999832e-05
-2.655790876562499745e-05
-2.606199837499999854e-05
-2.380675050625000039e-05
-2.003630565937500034e-05
-1.574706224999999877e-05
-1.280211746874999860e-05
-1.323851861249999988e-05
-1.636962052500000060e-05
-1.946257548437499866e-05
-2.105101461249999739e-05
-2.143095826562499935e-05
-2.155913202812499973e-05
-2.172850449999999938e-05
-2.108763568749999750e-05
-2.017363469062499905e-05
-2.065733805624999793e-05
-2.154539912499999884e-05
-2.043913748437499814e-05
-1.744841635937499953e-05
-1.483458713124999948e-05
-1.432494383749999968e-05
-1.567992361249999857e-05
-1.761168531874999916e-05
-1.933745347812499999e-05
-2.011717719999999804e-05
-1.942595440937499855e-05
-1.809233692812499972e-05
-1.687926381875000040e-05
-1.524352246874999899e-05
-1.292266184062499980e-05
-1.139678371562499871e-05
-1.185607303124999921e-05
-1.328276907812499916e-05
-1.491088103749999970e-05
-1.666716675937500062e-05
-1.741026940624999857e-05
-1.681212518125000020e-05
-1.535643744999999762e-05
-1.310118958124999948e-05
-1.149443991562499900e-05
-1.209411001874999991e-05
-1.372222197812499876e-05
-1.419982183124999931e-05
-1.364135043749999937e-05
-1.373748075937499880e-05
-1.477812964062499847e-05
-1.548918884687500055e-05
-1.506652060624999847e-05
-1.418151129374999926e-05
-1.375579129687499886e-05
-1.367034212187499860e-05
-1.387633566875000006e-05
-1.445311760000000005e-05
-1.467436992812499986e-05
-1.460723129062499966e-05
-1.479186254374999935e-05
-1.495055386874999982e-05
-1.451873035937499940e-05
-1.304015445624999930e-05
-1.128997224687500009e-05
-1.032561727187499896e-05
-9.527583012499999155e-06
-8.161922090624999383e-06
-6.517025471874999639e-06
-5.264279531249999352e-06
-5.111691718749999751e-06
-5.978390493749999753e-06
-6.555172424999999751e-06
-5.287167703124999419e-06
-2.189635109375000072e-06
1.138305081249999952e-06
2.975462343749999836e-06
2.011107368749999971e-06
-1.060485296874999935e-06
-3.399656462499999810e-06
-3.625486424999999626e-06
-2.517698906249999764e-06
-6.118771281249999953e-07
1.803587943749999998e-06
3.480528003124999624e-06
2.766417040625000070e-06
-5.615231499999999535e-07
-4.684445843750000192e-06
-7.574459012499999354e-06
-8.035274206249999859e-06
-5.624386768749999561e-06
-1.885985362499999816e-06
4.974362687499999772e-07
-1.846312531249999858e-07
-3.387449437499999774e-06
-6.369015293750000052e-06
-7.940669762499999581e-06
-9.284968390624999290e-06
-1.056212838124999880e-05
-1.045226515625000017e-05
-8.438106031249999347e-06
-6.269833215624999761e-06
-6.341549487499999972e-06
-8.682246531250000063e-06
-1.122130773124999904e-05
-1.275023761250000014e-05
-1.300658513749999920e-05
-1.181334844374999909e-05
-1.044921340000000017e-05
-1.055449899062499963e-05
-1.176604622187499979e-05
-1.287383374062499966e-05
-1.365813509687499857e-05
-1.409453624062499985e-05
-1.324462212499999990e-05
-1.088714042187499891e-05
-8.619685528124999032e-06
-7.786556071874999976e-06
-8.335872196874999894e-06
-9.199519215624999040e-06
-8.709712337500000144e-06
-6.591793499999999859e-06
-4.727170431249999470e-06
-4.179380184374999557e-06
-3.883359828124999535e-06
-3.436277537499999918e-06
-3.620908790625000036e-06
-4.617307206249999995e-06
-5.870053146874999435e-06
-6.468197371874999496e-06
-6.597897012499999877e-06
-7.449337006249999834e-06
-8.630366674999999911e-06
-9.182734556249999837e-06
-9.191889824999999864e-06
-8.567805671874998880e-06
-7.926936859375000388e-06
-8.625789040624999050e-06
-1.053771433124999873e-05
-1.232299173749999889e-05
-1.311034484999999950e-05
-1.352538369999999903e-05
-1.439666010937499904e-05
-1.536711859687500019e-05
-1.566161307499999852e-05
-1.460265365624999880e-05
-1.293181710937499983e-05
-1.257933926249999964e-05
-1.329802785937499921e-05
-1.341094284062499954e-05
-1.301574040624999923e-05
-1.236113869062499985e-05
-1.038512651874999998e-05
-7.173153065624999870e-06
-4.707334015624999412e-06
-4.644773012500000075e-06
-5.685421893749999741e-06
-4.855344193749999846e-06
-2.395628656249999829e-06
-8.209224312499999734e-07
-8.331294562500000092e-07
-1.725768159374999981e-06
-2.281187796874999917e-06
-1.333617481249999889e-06
1.000976049999999972e-06
3.445432806249999945e-06
5.101010571874999720e-06
6.547543034374999729e-06
8.892817712499998987e-06
1.150054342812499901e-05
1.246184664687500014e-05
1.195525510937499865e-05
1.106566816250000028e-05
9.492487815624999899e-06
7.209774140624999978e-06
4.766843262499999587e-06
2.288817187499999939e-06
1.922606437499999818e-07
-1.205443718749999937e-06
-3.195188793750000057e-06
-6.164547624999999452e-06
-7.678218724999998811e-06
-5.838009706249999341e-06
-2.224730306249999751e-06
2.548216468750000065e-07
1.428221924999999955e-06
2.783201699999999696e-06
3.350828362499999667e-06
9.597773406249998514e-07
-3.005979906249999926e-06
-5.245968993750000145e-06
-6.108090134374999287e-06
-7.907100443749999483e-06
-9.725947168749999737e-06
-9.463496131249998967e-06
-8.172603237500000262e-06
-8.135982162500000154e-06
-9.843439784374999235e-06
-1.183165898124999914e-05
-1.145171532812499887e-05
-8.283992340624999742e-06
-5.577084546874999423e-06
-5.308529996874999482e-06
-6.039425618749999932e-06
-6.321713071874999913e-06
-6.245419165624999690e-06
-6.616207549999999930e-06
-7.815547756249999214e-06
-8.789058000000000376e-06
-8.750911046874999417e-06
-8.660884237500000000e-06
-8.686824165624999229e-06
-8.027644815624998989e-06
-7.731624459374999815e-06
-8.674617140624999194e-06
-9.428400934374999711e-06
-9.695429606249999648e-06
-1.074218199999999933e-05
-1.186217654374999923e-05
-1.212920521562499917e-05
-1.248168306249999935e-05
-1.288604076562499969e-05
-1.303710269999999929e-05
-1.394347430624999856e-05
-1.551055114062499892e-05
-1.648406138437500008e-05
-1.658629521874999954e-05
-1.661833865937500048e-05
-1.715239600312500035e-05
-1.763152173437500006e-05
-1.734007901250000005e-05
-1.688994496562499958e-05
-1.702727399687499829e-05
-1.755827958437499985e-05
-1.831358925624999783e-05
-1.878508559687500006e-05
-1.748961506874999880e-05
-1.403350111562499967e-05
-1.071624207187500010e-05
-9.312434196874999371e-06
-8.300776999999998944e-06
-6.549068912499999733e-06
-5.528256446875000126e-06
-6.243893287499999685e-06
-8.251948899999998800e-06
-1.107940106562499947e-05
-1.443022942812499914e-05
-1.715239600312500035e-05
-1.781920474374999977e-05
-1.708983499999999932e-05
-1.668700317499999814e-05
-1.672057249374999993e-05
-1.714781836874999780e-05
-1.888426767499999781e-05
-2.160948600624999733e-05
-2.411497788749999960e-05
-2.554777744687499957e-05
-2.498625429687499792e-05
-2.279356743124999742e-05
-2.110136859062499838e-05
-2.144469116875000024e-05
-2.326811552812499797e-05
-2.526091235937499873e-05
-2.691649012499999766e-05
-2.748106503124999762e-05
-2.582701314374999954e-05
-2.294310348749999955e-05
-2.147368285312499948e-05
-2.229613116249999765e-05
-2.418822003749999982e-05
-2.582396138749999784e-05
-2.652586532499999990e-05
-2.610319708437499781e-05
-2.460020713124999933e-05
-2.286986133749999934e-05
-2.236479567812499870e-05
-2.292784470624999781e-05
-2.321165803750000034e-05
-2.333678004374999901e-05
-2.371977545312499929e-05
-2.323607208750000041e-05
-2.131193977187499731e-05
-1.892699226249999793e-05
-1.673583127499999828e-05
-1.417235602499999923e-05
-1.187743532499999927e-05
-1.235503517812499983e-05
-1.501769250625000002e-05
-1.631621479062499790e-05
-1.534728218124999929e-05
-1.363524692499999935e-05
-1.260833094687499888e-05
-1.345061567187499965e-05
-1.629027486250000036e-05
-1.963805146874999833e-05
-2.185515238437499890e-05
-2.291411180312500032e-05
-2.400358878437499843e-05
-2.514341974374999754e-05
-2.487791694999999845e-05
-2.347716083124999943e-05
-2.296446578124999792e-05
-2.349547136874999948e-05
-2.455595666562499836e-05
-2.685850675624999918e-05
-2.965391548124999722e-05
-3.073728894999999532e-05
-2.943266315312499911e-05
-2.766111864999999984e-05
-2.734068424374999721e-05
-2.776945599687499931e-05
-2.809446803749999773e-05
-2.914579806562499827e-05
-3.087309210312499995e-05
-3.203581123437499828e-05
-3.255918743124999558e-05
-3.287199244687499734e-05
-3.269346470624999597e-05
-3.222959775625000139e-05
-3.203886299062499998e-05
-3.156889252812499522e-05
-2.981260680624999769e-05
-2.766111864999999984e-05
-2.708738847499999816e-05
-2.786863807499999706e-05
-2.828367692499999828e-05
-2.737577944062499985e-05
-2.466429401249999783e-05
-2.102049705000000069e-05
-1.943663555624999774e-05
-2.095030665624999879e-05
-2.268675596249999880e-05
-2.302092327187499893e-05
-2.359617932499999808e-05
-2.497862490625000044e-05
-2.583311665624999956e-05
-2.590025529374999976e-05
-2.571409816249999752e-05
-2.485045114375000007e-05
-2.265623839999999871e-05
-1.985777791874999897e-05
-1.853331570624999847e-05
-1.964262910312499749e-05
-2.178801374687499871e-05
-2.369078376875000005e-05
-2.500303895624999713e-05
-2.529905931249999969e-05
-2.502897888437499805e-05
-2.481840770312499913e-05
-2.461851766874999939e-05
-2.450407680937499990e-05
-2.434233372812499773e-05
-2.435301487500000030e-05
-2.462156942499999770e-05
-2.468260454999999788e-05
-2.521818777187499861e-05
-2.642515736874999791e-05
-2.634733758437499853e-05
-2.393339839062499992e-05
-2.098540185312499804e-05
-1.990965777499999743e-05
-2.093657375312499790e-05
-2.159727898124999730e-05
-2.037962823749999881e-05
-1.884306896562499853e-05
-1.791686094375000005e-05
-1.714629249062500033e-05
-1.721190524999999968e-05
-1.906126953749999833e-05
-2.145384643749999857e-05
-2.214354335000000060e-05
-2.156370966249999889e-05
-2.133330206562499907e-05
-2.073973547499999986e-05
-1.887053477187500031e-05
-1.617735988124999834e-05
-1.289214427812499971e-05
-1.019286587499999941e-05
-1.009368379687499997e-05
-1.147460349999999979e-05
-1.111449626249999873e-05
-8.544917499999999660e-06
-5.979916371874999758e-06
-4.780576165624999627e-06
-4.444882978124999489e-06
-4.313657459374999951e-06
-4.302976312499999920e-06
-4.585263765624999901e-06
-5.673214868749999705e-06
-7.626338868749999506e-06
-9.204096849999999900e-06
-9.396357493749998770e-06
-8.688350043750000081e-06
-8.174129115624999419e-06
-8.816523806249998763e-06
-1.059417182187499974e-05
-1.213530872812499918e-05
-1.246947603749999932e-05
-1.187896120312500012e-05
-1.144866357187499886e-05
-1.174010629374999887e-05
-1.172637339062499968e-05
-1.111449626249999873e-05
-1.112365153124999876e-05
-1.169432994999999874e-05
-1.140441310624999958e-05
-9.841913906250000077e-06
-7.887264028125000272e-06
-6.414791637499999339e-06
-5.584713937499999445e-06
-5.862423756249999413e-06
-8.413691981249999275e-06
-1.248778657499999937e-05
-1.488341523124999962e-05
-1.381530054374999988e-05
-1.148070701249999980e-05
-1.110076335937499954e-05
-1.272124592812499921e-05
-1.418456304999999927e-05
-1.510771931562499943e-05
-1.637877579374999893e-05
-1.684111686562499944e-05
-1.559142268125000001e-05
-1.381224878749999987e-05
-1.187590944687500012e-05
-9.606928674999999388e-06
-7.594295428124999412e-06
-6.701656724999999334e-06
-7.545467328124999269e-06
-9.153742871874998905e-06
-9.965510034374999593e-06
-9.701533118749999665e-06
-9.069819574999999506e-06
-9.179682799999999828e-06
-1.000213110937499970e-05
-1.051482615937499951e-05
-1.086425224999999969e-05
-1.129454988124999926e-05
-1.117247963124999890e-05
-1.062011174999999897e-05
-9.854120931250000113e-06
-8.306880512499998962e-06
-6.529232496874999675e-06
-5.926510637499999601e-06
-6.593319378124999863e-06
-7.781978437499999116e-06
-8.969111618749999211e-06
-9.721369534374998877e-06
-9.176631043749999819e-06
-6.207272212499999578e-06
-1.846312531249999911e-06
7.308956218749999210e-07
1.541136906250000022e-07
-1.725768159374999981e-06
-2.630613887499999671e-06
-2.500914246874999714e-06
-1.774596259374999913e-06
4.425046562499999748e-07
3.422544634374999877e-06
4.837033656249999792e-06
4.473874662499999574e-06
3.836057606249999397e-06
3.819272946875000194e-06
4.101560400000000176e-06
4.779050287499999622e-06
6.393429343749999277e-06
7.939143884375000424e-06
9.028620865625000232e-06
1.054076608749999874e-05
1.149596579374999985e-05
1.099547776875000007e-05
9.910578421874999432e-06
8.438106031249999347e-06
6.512447837499999626e-06
5.075070643749999644e-06
4.605100181249999959e-06
3.625486424999999626e-06
7.720943312499999360e-07
-2.172850450000000022e-06
-2.397154534374999834e-06
-7.385250124999999434e-07
-2.410887437499999662e-07
-1.432799559374999969e-06
-3.463743343749999998e-06
-5.688473649999999749e-06
-6.509396081249999617e-06
-5.599972718749999490e-06
-5.105588206249999733e-06
-5.775448703125000005e-06
-5.764767556249999973e-06
-4.196164843749999606e-06
-2.482603709375000084e-06
-1.676940059374999838e-06
-1.138305081249999952e-06
-5.249020749999999519e-07
-9.368891687499999960e-07
-3.124998399999999851e-06
-5.456540174999999916e-06
-4.905698171874999994e-06
-1.106261640624999858e-06
2.993772881249999890e-06
4.988095590624999389e-06
4.342649143750000036e-06
2.017210881249999989e-06
6.713863749999999846e-08
-8.392329687499999212e-07
-1.234435403125000022e-06
-6.179806406250000132e-07
5.187985624999999340e-07
3.356931874999999923e-08
-2.694700768749999860e-06
-6.344601243749999981e-06
-9.095759503124998735e-06
-1.008910616249999911e-05
-1.019744350937500027e-05
-9.832758637500000050e-06
-9.042353768749999425e-06
-8.663935993750000009e-06
-8.493037643749999508e-06
-8.558650403124998853e-06
-1.000976049999999888e-05
-1.248168306249999935e-05
-1.432189208124999967e-05
-1.450957509062499937e-05
-1.329192434687499919e-05
-1.198119503749999958e-05
-1.176452034374999894e-05
-1.296386054999999907e-05
-1.458129136249999874e-05
-1.454161853124999862e-05
-1.275328936875000015e-05
-1.099242601250000006e-05
-9.423823299999998851e-06
-7.479854568749999923e-06
-5.601498596874999494e-06
-4.205320112499999633e-06
-3.282163846874999889e-06
-2.896116681250000027e-06
-2.661131449999999761e-06
-1.713561134374999945e-06
-4.501340468749999972e-07
-1.693724718749999940e-07
-6.759640093749999716e-07
-7.827754781249999673e-07
8.697505312499999049e-08
2.041624931250000061e-06
4.263303481249999803e-06
4.690549356249999363e-06
2.221678549999999742e-06
-1.208495474999999946e-06
-3.115843131249999825e-06
-4.171750793749999535e-06
-6.011959812499999852e-06
-7.495113349999999968e-06
-6.976314787499999293e-06
-5.848690853124999373e-06
-6.195065187499999542e-06
-7.456966396874999856e-06
-7.751460874999999026e-06
-6.668087406250000083e-06
-6.106564256250000129e-06
-7.550044962499999282e-06
-8.874507174999998933e-06
-7.327266756249999476e-06
-3.845212874999999424e-06
-7.690425749999999271e-07
1.246642428124999846e-06
2.331541775000000065e-06
3.321836678125000005e-06
4.867551218749999882e-06
5.331418168749999549e-06
3.440855171874999931e-06
8.865351906249999541e-07
-4.028318249999999643e-07
-3.509519687499999709e-07
6.622311062499999313e-07
2.407835681249999865e-06
3.897092731249999576e-06
4.034421762499999979e-06
3.092954959374999757e-06
2.125548228124999884e-06
1.513671099999999994e-06
1.200866084374999923e-06
1.300048162500000003e-06
2.198790378125000099e-06
4.537961543749999762e-06
8.108516356250000074e-06
1.110534099374999870e-05
1.152037984374999992e-05
9.706110753124998832e-06
8.210750190624999527e-06
8.219905459374999554e-06
9.146113481249999730e-06
9.599299284375000213e-06
7.771297290624999931e-06
4.428098318749999440e-06
1.892088874999999834e-06
1.068114687499999991e-08
-2.105711812499999825e-06
-3.590391228124999946e-06
-3.604124131249999987e-06
-2.261351381249999859e-06
-5.294797093749999653e-07
-5.584713937499999445e-07
-2.938841268749999729e-06
-4.843137168749999810e-06
-3.965757246874999777e-06
-1.383971459375000037e-06
1.275634112499999931e-06
3.692625062499999823e-06
5.114743474999999760e-06
4.423520684374999426e-06
2.461241415625000022e-06
1.310729309375000034e-06
1.486205293749999914e-06
1.744078696874999823e-06
1.455687731250000036e-06
1.495360562499999941e-06
1.576232103124999966e-06
1.785277406249999944e-07
-1.713561134374999945e-06
-2.319334750000000029e-06
-2.883909656249999991e-06
-4.483029931249999601e-06
-5.838009706249999341e-06
-6.163021746874999448e-06
-5.384823903124999706e-06
-3.585813593749999933e-06
-2.163695181249999996e-06
-2.046202565625000074e-06
-1.573180346874999957e-06
9.796137562499999096e-07
5.122372865624999783e-06
9.431452690624999720e-06
1.276549639375000018e-05
1.438903071874999987e-05
1.423644290624999942e-05
1.335601122812499938e-05
1.315001768124999962e-05
1.358794470312500006e-05
1.384581810624999997e-05
1.385802513125000000e-05
1.383208520312499908e-05
1.358031531249999919e-05
1.293639474374999899e-05
1.189879761874999934e-05
1.017760709374999937e-05
8.134456284374999303e-06
6.930538443750000006e-06
7.264705753124999292e-06
9.178156921874998977e-06
1.146087059687499890e-05
1.189269410624999932e-05
1.006926974687499990e-05
7.963557934374998801e-06
7.296749193749999386e-06
8.880610687499998951e-06
1.190642700937500021e-05
1.372069609999999960e-05
1.309813782499999947e-05
1.184081424999999917e-05
1.177062385624999896e-05
1.163329482500000025e-05
9.765619999999999854e-06
7.775874924999999098e-06
8.250423021874999643e-06
1.045379103437499933e-05
1.156157855312499919e-05
1.138610256874999953e-05
1.126555819687500002e-05
1.090697683749999981e-05
9.970087668749998759e-06
9.333796490624999434e-06
9.403986884374999640e-06
9.420771543749998842e-06
9.684748459374998769e-06
1.185149539687500004e-05
1.522521193124999893e-05
1.638945694062499811e-05
1.375121366249999969e-05
8.749385168750000260e-06
3.576658324999999906e-06
7.553096718749999926e-07
1.376342068750000015e-06
2.972410587499999827e-06
2.923582487499999684e-06
1.747130453124999832e-06
9.872431468749999320e-07
9.887690249999999365e-07
1.193236693749999901e-06
1.104735762499999853e-06
5.844113218750000206e-07
-9.155268750000000392e-09
-1.953123999999999907e-07
-7.247921093750000090e-07
-2.551268224999999862e-06
-5.220029065625000069e-06
-8.227534850000000423e-06
-1.149596579374999985e-05
-1.404875989687499971e-05
-1.489562225624999966e-05
-1.478575903124999934e-05
-1.487731171874999960e-05
-1.499633021249999995e-05
-1.484526827812499866e-05
-1.517028031874999877e-05
-1.663512331874999968e-05
-1.824492474062500017e-05
-1.788634338124999996e-05
-1.488494110937499878e-05
-1.114196206874999881e-05
-8.778376853124999498e-06
-7.707210409374999743e-06
-6.695553212499999316e-06
-5.166623331249999912e-06
-3.704832087499999859e-06
-3.398130584374999806e-06
-4.061887568750000059e-06
-3.977964271874999813e-06
-2.241514965624999800e-06
-2.746580625000000118e-07
7.263179875000000135e-07
1.602172031249999830e-06
2.630613887499999671e-06
2.352904068749999704e-06
5.310055874999999698e-07
-1.344298628124999921e-06
-2.822874531249999812e-06
-4.078672228125000108e-06
-4.554746203124999811e-06
-3.982541906249999826e-06
-3.028868078124999993e-06
-2.565001128124999902e-06
-2.804563993749999758e-06
-3.582761837499999924e-06
-4.641721256250000066e-06
-5.310055874999999486e-06
-5.152890428124999872e-06
-4.531858031249999744e-06
-4.072568715625000091e-06
-4.183957818749999570e-06
-4.483029931249999601e-06
-4.162595524999999508e-06
-3.323362556250000010e-06
-2.807615749999999767e-06
-3.439329293749999927e-06
-4.873654731249999900e-06
-5.227658456250000092e-06
-4.089353375000000140e-06
-3.411863487499999846e-06
-4.100034521875000171e-06
-5.429074368749999835e-06
-7.069393353124999566e-06
-8.976741009375000080e-06
-1.068725038749999917e-05
-1.159972550625000015e-05
-1.109923748124999868e-05
-9.367365809374999532e-06
-7.739253849999998990e-06
-7.051082815624999512e-06
-7.106014428124999673e-06
-7.807918365625000039e-06
-8.740229900000000233e-06
-8.952326959375000008e-06
-8.023067181249999823e-06
-5.703732431249999794e-06
-2.632139765624999676e-06
-4.806516093749999279e-07
5.187985625000000002e-08
-1.602172031249999830e-06
-4.916379318750000025e-06
-7.063289840624999548e-06
-7.525630912500000058e-06
-8.483882374999999481e-06
-1.064757755624999905e-05
-1.318206112187499887e-05
-1.513671099999999867e-05
-1.612090239062500071e-05
-1.626433493437499944e-05
-1.569518239375000031e-05
-1.518859085624999882e-05
-1.548613709062499885e-05
-1.580809737499999895e-05
-1.538695501249999771e-05
-1.470946512499999911e-05
-1.479186254374999935e-05
-1.608580719374999807e-05
-1.737670008750000016e-05
-1.737059657500000014e-05
-1.665038209999999803e-05
-1.612700590312500073e-05
-1.592101235624999758e-05
-1.600493565312500037e-05
-1.639098281874999896e-05
-1.743163170000000032e-05
-1.931761706249999908e-05
-2.129515511249999811e-05
-2.231901933437500026e-05
-2.218321618124999902e-05
-2.157591668749999893e-05
-2.089232328750000031e-05
-2.001799512187500029e-05
-1.940154035937499848e-05
-1.960295627187499907e-05
-1.984251913750000062e-05
-1.914366695625000026e-05
-1.780089420624999971e-05
-1.623534325000000020e-05
-1.441954828124999996e-05
-1.300963689374999921e-05
-1.308440492187499858e-05
-1.415862312187500004e-05
-1.481475071562499857e-05
-1.489867401249999967e-05
-1.513518512187499951e-05
-1.570128590625000033e-05
-1.595763343124999769e-05
-1.549376648124999972e-05
-1.475829322499999926e-05
-1.402129409062499963e-05
-1.311950011874999953e-05
-1.313170714374999957e-05
-1.525878124999999903e-05
-1.761778883124999918e-05
-1.777800603437500049e-05
-1.642760389374999907e-05
-1.523741895624999897e-05
-1.522216017499999892e-05
-1.622771385937499933e-05
-1.642912977187499992e-05
-1.496581264999999986e-05
-1.279143632187499941e-05
-1.096343432812499913e-05
-1.031341024687499892e-05
-1.083373468749999960e-05
-1.165313124062499946e-05
-1.234282815312499979e-05
-1.265410729062499901e-05
-1.251525238124999945e-05
-1.265563316874999986e-05
-1.315612119374999964e-05
-1.251525238124999945e-05
-9.931940715624999494e-06
-7.650752918750000425e-06
-7.839961806249999286e-06
-8.671565384374999185e-06
-8.116145746874999249e-06
-7.440181737499999807e-06
-7.778926681249999107e-06
-8.561702159374998862e-06
-9.011836206249999336e-06
-8.609004381249999848e-06
-8.218379581250000396e-06
-8.956904593749999175e-06
-1.001738989062499975e-05
-1.097716723125000002e-05
-1.202697138124999971e-05
-1.163482070312499941e-05
-9.190363946874999013e-06
-6.214901603124999600e-06
-3.785703628124999672e-06
-2.670286718749999788e-06
-3.491209149999999655e-06
-5.477902468749999979e-06
-6.683346187499999280e-06
-5.696103040624999772e-06
-3.497312662499999673e-06
-2.308653603124999997e-06
-2.838133312499999857e-06
-4.165647281249999517e-06
-5.218503187500000065e-06
-5.522152934375000109e-06
-4.818723118749999739e-06
-3.070066787499999690e-06
-1.571654468749999953e-06
-1.815794968749999822e-06
-2.861021484374999924e-06
-3.494260906249999664e-06
-4.775998531249999613e-06
-7.264705753124999292e-06
-9.045405524999999434e-06
-8.184810262500000298e-06
-6.121823037499999327e-06
-6.108090134374999287e-06
-8.415217859375000127e-06
-1.057433540624999884e-05
-1.089782156874999979e-05
-9.226985021874999120e-06
-6.202694578124999564e-06
-3.355405996874999680e-06
-2.133177618749999906e-06
-2.566527006249999907e-06
-3.669736890624999756e-06
-4.135129718749999427e-06
-3.050230371875000056e-06
-1.184081424999999874e-06
-1.458739487499999833e-06
-4.954526271875000137e-06
-8.106990478124999222e-06
-8.363338003124999974e-06
-7.263179874999999288e-06
-6.544491278124999720e-06
-6.341549487499999972e-06
-6.353756512500000007e-06
-6.303402534374999860e-06
-5.874630781249999449e-06
-5.490109493750000015e-06
-5.487057737500000006e-06
-5.181882112499999957e-06
-5.003354371874999433e-06
-5.963131712499999708e-06
-7.588191915624999394e-06
-9.580988746875000159e-06
-1.217192980312499929e-05
-1.406249279999999891e-05
-1.324919975937499906e-05
-9.953303009374999557e-06
-6.150814721874999412e-06
-3.511045565624999714e-06
-2.938841268749999729e-06
-3.271482699999999858e-06
-2.636717399999999689e-06
-1.704405865624999919e-06
-1.574706224999999962e-06
-1.669310668749999816e-06
-1.580809737499999979e-06
-1.788329162499999953e-06
-2.897642559375000031e-06
-4.602048424999999950e-06
-5.960079956249999699e-06
-6.546017156249999724e-06
-6.391903465625000119e-06
-5.873104903124999444e-06
-5.744931140624999915e-06
-6.550594790624999738e-06
-7.780452559374999958e-06
-8.378596784375000019e-06
-7.855220587499999331e-06
-6.752010703124999482e-06
-6.286617874999999810e-06
-6.816097584374999670e-06
-7.231136434375000041e-06
-6.657406259375000051e-06
-6.204220456249999569e-06
-7.333370268749999493e-06
-9.374995200000000401e-06
-1.095580493749999996e-05
-1.092528737499999987e-05
-8.610530259374999006e-06
-5.767819312499999982e-06
-4.444882978124999489e-06
-4.295346921874999897e-06
-4.757687993749999560e-06
-5.986019884374999775e-06
-7.162471918749999839e-06
-6.854244537499999782e-06
-4.563901471874999838e-06
-1.541136906249999863e-06
3.158567718749999738e-07
5.538937593749999311e-07
-4.150388500000000001e-07
-2.523802418749999782e-06
-5.415341465624999795e-06
-8.129878650000000136e-06
-9.587092259375000177e-06
-9.402461006249998788e-06
-8.868403662499998915e-06
-9.268183731250000088e-06
-9.252924950000000043e-06
-7.302852706249999404e-06
-5.044553081249999554e-06
-5.117795231249999769e-06
-7.388301881249999655e-06
-9.036250256249999408e-06
-8.320613415624999849e-06
-6.701656724999999334e-06
-6.503292568749999599e-06
-8.151240943750000199e-06
-1.007995089374999908e-05
-1.085967461562499883e-05
-1.094970142499999994e-05
-1.126708407499999918e-05
-1.166228650937499949e-05
-1.175689095312499977e-05
-1.117095375312499974e-05
-9.570307599999999280e-06
-7.698055140624999716e-06
-6.797787046874999616e-06
-6.596371134374999872e-06
-5.760189921874999960e-06
-4.795834946874999672e-06
-5.104062328124999729e-06
-5.850216731249999377e-06
-5.192563259374999989e-06
-3.143308937499999905e-06
-1.275634112499999931e-06
-3.295896749999999612e-07
2.899168437500000036e-07
1.155089740625000001e-06
1.939391096874999761e-06
1.860045434374999952e-06
7.705684531249999315e-07
-2.075194250000000001e-07
1.617430812499999981e-07
1.136779203124999947e-06
1.312255187500000039e-06
1.263427087499999895e-06
2.342222921875000096e-06
4.064939325000000068e-06
4.804990215624999698e-06
3.721616746874999908e-06
1.249694184374999855e-06
-1.028441856250000053e-06
-2.526854174999999791e-06
-3.636167571874999657e-06
-3.411863487499999846e-06
-1.577757981249999971e-06
1.251220062499999965e-07
7.934566249999999457e-08
-1.850890165624999925e-06
-4.348752656250000054e-06
-5.828854437499999314e-06
-5.305478240624999473e-06
-3.533933737499999781e-06
-2.708433671874999900e-06
-3.103636106249999789e-06
-3.588865349999999942e-06
-4.910275806250000007e-06
-7.635494137500000380e-06
-9.910578421874999432e-06
-1.026305626874999962e-05
-9.732050681249999755e-06
-1.042785110625000010e-05
-1.268309897499999994e-05
-1.488341523124999962e-05
-1.623534325000000020e-05
-1.732176847500000000e-05
-1.772765205624999950e-05
-1.645659557812499831e-05
-1.470488749062499995e-05
-1.448363516250000014e-05
-1.542205020937500036e-05
-1.553954282499999816e-05
-1.444396233125000003e-05
-1.327819144375000000e-05
-1.205138543124999978e-05
-1.022338343749999950e-05
-8.621211406249999884e-06
-8.097835209374999195e-06
-7.733150337499998972e-06
-6.526180740624999666e-06
-5.424496734374999822e-06
-5.470273078124999956e-06
-5.895993074999999511e-06
-5.941769418749999646e-06
-6.156918234374999430e-06
-6.254574434374999716e-06
-4.728696309374999475e-06
-2.053831956250000097e-06
-6.057736156249999774e-07
-6.500240812500000014e-07
-1.846312531249999858e-07
1.226806012500000000e-06
1.843260774999999902e-06
7.812495999999999629e-07
-7.644649406249999136e-07
-2.157591668749999978e-06
-4.054258178125000037e-06
-5.725094724999999857e-06
-6.146237087499999399e-06
-6.384274075000000097e-06
-7.507320375000000004e-06
-8.578486818749999759e-06
-8.488460009375000341e-06
-7.388301881249999655e-06
-5.526730568750000122e-06
-3.463743343749999998e-06
-2.523802418749999782e-06
-2.722166574999999940e-06
-3.028868078124999993e-06
-3.576658324999999906e-06
-4.385373731250000161e-06
-4.409787781249999386e-06
-3.591917106249999951e-06
-3.445432806249999945e-06
-5.168149209374999917e-06
-8.168025603124999401e-06
-1.083068293124999959e-05
-1.237181983749999903e-05
-1.318511287812499887e-05
-1.354216835937499992e-05
-1.302489567499999925e-05
-1.159362199375000013e-05
-1.051024852500000034e-05
-1.090392508124999981e-05
-1.203307489374999973e-05
-1.268767660937499911e-05
-1.281737624999999864e-05
-1.297759345312499996e-05
-1.300811101562500005e-05
-1.192168579062500025e-05
-9.677119068749999594e-06
-7.447811128124999829e-06
-6.724544896874999401e-06
-8.369441515624999992e-06
-1.097716723125000002e-05
-1.242064793749999917e-05
-1.303099918749999927e-05
-1.464080060937499976e-05
-1.705016216874999751e-05
-1.824950237499999933e-05
-1.809996631875000059e-05
-1.794737850625000014e-05
-1.751097736250000056e-05
-1.565550956249999850e-05
-1.294860176874999903e-05
-1.160125138437499931e-05
-1.191405639999999938e-05
-1.217650743750000015e-05
-1.254271818749999953e-05
-1.341857223124999871e-05
-1.347045208749999887e-05
-1.203460077187499889e-05
-9.834284515624999208e-06
-8.006282521874998927e-06
-7.099910915624999656e-06
-7.124324965624999727e-06
-8.694453556250000099e-06
-1.151122457499999989e-05
-1.347960735624999889e-05
-1.358336706874999920e-05
-1.235961281249999899e-05
-1.024474573124999957e-05
-7.763667899999999062e-06
-5.540463471874999315e-06
-4.174802549999999544e-06
-3.756711943750000011e-06
-2.906797828125000058e-06
-6.729122531249999626e-07
1.463317121874999846e-06
2.136229374999999915e-06
2.508543637499999737e-06
3.616331156250000023e-06
4.360959681250000090e-06
3.863523412499999477e-06
2.871702631249999955e-06
2.667234962499999779e-06
3.952024343749999737e-06
5.888363684374999489e-06
6.677242674999999262e-06
5.757138165624999951e-06
4.330442118750000000e-06
3.857419899999999459e-06
4.309079824999999937e-06
4.061887568750000059e-06
2.493284856249999692e-06
8.316035781250000047e-07
-1.678465937499999962e-08
2.288817187499999767e-08
1.007079562499999990e-06
2.877806143749999973e-06
5.134579890624999818e-06
6.887813856249999880e-06
7.040401668749999481e-06
5.406186196874999768e-06
3.387449437499999774e-06
2.587889299999999970e-06
3.594968862499999960e-06
5.712887699999999821e-06
7.814021878125000057e-06
9.638972115625000329e-06
1.114501382499999882e-05
1.181182256562499993e-05
1.184234012812500002e-05
1.211699819062499913e-05
1.239013037499999908e-05
1.137542142187499865e-05
9.034724378125000250e-06
6.721493140624999392e-06
5.018613153124999478e-06
3.996274809374999867e-06
3.713987356249999886e-06
3.643796962499999680e-06
4.013059468749999916e-06
4.959103906250000151e-06
5.218503187500000065e-06
4.594419034374999928e-06
4.420468928124999417e-06
5.393979171874999732e-06
7.031246399999999454e-06
8.508296424999999553e-06
9.358210540624999505e-06
9.223933265624999111e-06
7.891841662499999438e-06
6.088253718750000075e-06
4.855344193749999846e-06
4.760739749999999569e-06
5.856320243749999395e-06
6.892391490624999894e-06
6.452938590624999451e-06
5.574032790624999414e-06
5.921933003124999587e-06
6.268307337499999757e-06
5.371090999999999665e-06
4.399106634375000202e-06
3.604124131249999987e-06
2.606199837500000023e-06
2.638243278124999694e-06
4.196164843749999606e-06
5.538937593750000158e-06
5.668637234374999691e-06
5.560299887499999373e-06
5.540463471874999315e-06
5.403134440624999759e-06
5.990597518749999789e-06
7.336422024999999502e-06
7.900996931249999465e-06
6.594845256249999868e-06
3.854368143749999450e-06
1.397704362499999866e-06
9.338374124999999871e-07
2.520750662499999773e-06
4.705808137499999407e-06
6.248470921874999698e-06
7.052608693749999517e-06
7.391353637499999664e-06
7.034298156249999463e-06
5.833432071874999328e-06
4.919431075000000034e-06
5.915829490624999570e-06
8.268733559374999697e-06
9.844965662500000086e-06
1.062621526249999899e-05
1.175994270937499978e-05
1.256560635937499875e-05
1.261443445937499889e-05
1.278228105312499939e-05
1.287841137499999882e-05
1.165465711874999862e-05
9.036250256249999408e-06
7.312007974999999431e-06
8.177180871874999428e-06
9.715266021874998859e-06
1.011352021249999918e-05
1.059112006562499973e-05
1.188811647187500015e-05
1.296386054999999907e-05
1.338805466874999862e-05
1.393431903749999853e-05
1.540526554999999777e-05
1.756438309687499987e-05
1.938017806562500011e-05
2.023924744999999840e-05
2.016600529999999818e-05
1.956175756249999980e-05
1.972350064374999858e-05
2.149657102499999870e-05
2.354735122499999794e-05
2.444609344062499803e-05
2.407377917812500033e-05
2.257994449375000018e-05
2.016753117812499903e-05
1.749114094687499965e-05
1.580199386249999893e-05
1.668700317499999814e-05
2.080229647812499751e-05
2.593077285624999985e-05
2.864988767499999936e-05
2.846067878749999880e-05
2.695921471249999778e-05
2.451475795624999908e-05
2.161558951874999735e-05
1.978758752500000046e-05
1.887511240624999948e-05
1.815337205312499990e-05
1.860198022187499952e-05
2.055663009999999933e-05
2.256163395625000013e-05
2.378081057812499947e-05
2.445677458749999722e-05
2.406309803124999776e-05
2.245024485312499895e-05
2.160948600624999733e-05
2.294615524374999787e-05
2.487333931562499929e-05
2.487181343749999844e-05
2.255095280937499756e-05
1.989592487187499993e-05
1.921690910625000048e-05
2.099760887812499808e-05
2.355498061562499881e-05
2.522276540624999777e-05
2.589110002499999804e-05
2.557066561874999879e-05
2.381437989687499787e-05
2.141112184999999845e-05
1.972502652187499943e-05
1.885375011249999772e-05
1.788786925937500081e-05
1.633605120624999880e-05
1.528166942187499994e-05
1.583251142499999902e-05
1.655882941249999776e-05
1.580809737499999895e-05
1.495055386874999982e-05
1.590575357499999923e-05
1.851805692500000012e-05
2.138213016562499921e-05
2.247008126874999986e-05
2.063444988437499871e-05
1.706084331562500008e-05
1.434325437499999973e-05
1.422423588124999938e-05
1.532439400937500007e-05
1.534728218124999929e-05
1.465605939062499980e-05
1.416320075624999920e-05
1.361541050937500014e-05
1.308440492187499858e-05
1.293029123124999897e-05
1.311034484999999950e-05
1.319121639062499889e-05
1.318663875624999973e-05
1.393737079374999854e-05
1.528014354374999909e-05
1.541747257499999780e-05
1.396025896562499946e-05
1.283263503124999869e-05
1.287688549687499966e-05
1.306456850624999937e-05
1.324157036874999989e-05
1.421508061249999936e-05
1.555937924062499906e-05
1.640929335624999902e-05
1.690367786875000047e-05
1.678771113125000013e-05
1.575316576249999879e-05
1.471556863749999913e-05
1.364287631562499852e-05
1.206664421249999983e-05
1.165160536249999861e-05
1.305846499374999935e-05
1.448973867499999847e-05
1.544646425937500043e-05
1.617735988124999834e-05
1.612853178124999819e-05
1.570891529687499781e-05
1.551970640937500064e-05
1.531371286250000089e-05
1.496886440624999987e-05
1.473082741874999917e-05
1.515044390312499956e-05
1.596068518749999940e-05
1.502684777500000004e-05
1.143493066874999967e-05
7.614131843749999470e-06
6.002804543749999825e-06
6.524654862499999662e-06
7.907100443749999483e-06
8.938594056249999121e-06
8.836360221874999668e-06
8.253474778124999652e-06
8.555598646874998844e-06
9.143061724999999721e-06
8.813472049999998754e-06
8.264155924999998836e-06
8.174129115624999419e-06
8.357234490624999956e-06
8.906550615624999874e-06
9.733576559374998912e-06
1.059722357812499975e-05
1.144713769374999970e-05
1.186217654374999923e-05
1.180114141874999905e-05
1.171264048749999879e-05
1.138915432499999953e-05
1.060943060312499979e-05
9.408564518749998806e-06
7.402034784374999695e-06
5.047604837499999563e-06
3.942869074999999710e-06
4.879758243749999918e-06
7.138057868749999767e-06
8.798213268750000403e-06
8.746333412500000251e-06
8.708186459374999292e-06
1.008605440624999910e-05
1.157836321250000009e-05
1.256713223749999960e-05
1.360167760624999925e-05
1.354979774999999910e-05
1.161498428750000020e-05
1.030272909999999974e-05
1.201323847812499882e-05
1.507262411874999848e-05
1.638793106250000065e-05
1.570738941875000035e-05
1.483763888749999949e-05
1.445769523437499922e-05
1.418608892812500012e-05
1.459044663124999876e-05
1.594847816249999936e-05
1.719054295624999792e-05
1.745451987187499954e-05
1.634368059687499967e-05
1.530760935000000087e-05
1.677397822812499924e-05
1.956023168437499895e-05
2.059172529687499858e-05
1.989592487187499993e-05
1.872557635000000073e-05
1.682433220625000024e-05
