-2.434786503632812370e-05
-2.567309018789062293e-05
-2.658365795898437369e-05
-2.655333113124999829e-05
-2.536457670449218500e-05
-2.357414945957031163e-05
-2.273768214492187384e-05
-2.349394549062499863e-05
-2.549179679316406196e-05
-2.801388259902343536e-05
-2.964809807089843592e-05
-2.914532122871093487e-05
-2.685946043007812260e-05
-2.440613450722656089e-05
-2.273081569335937509e-05
-2.156657068398437253e-05
-2.022007860605468558e-05
-1.849793440722656050e-05
-1.733550137812499750e-05
-1.739367548164062405e-05
-1.755684907363281303e-05
-1.676510906152343624e-05
-1.568335683828124964e-05
-1.519440826660156182e-05
-1.593255180957031292e-05
-1.803187400742187359e-05
-1.999310423496093682e-05
-2.125166758593749925e-05
-2.339619392324218769e-05
-2.602423289140625033e-05
-2.666376656054687266e-05
-2.555597904179687449e-05
-2.527683871230468517e-05
-2.630537593593749714e-05
-2.688435131699218607e-05
-2.652720046835937268e-05
-2.632683359707031293e-05
-2.650221421406249856e-05
-2.651375366738281051e-05
-2.635677895527343558e-05
-2.593067748886718581e-05
-2.485636392148437540e-05
-2.403544149023437469e-05
-2.529209749355468690e-05
-2.862833464648437292e-05
-3.172252938183593311e-05
-3.272121661464843308e-05
-3.233545555117187321e-05
-3.248241668808593704e-05
-3.365276520996093624e-05
-3.479154712812499789e-05
-3.533313849511718460e-05
-3.564766012363281190e-05
-3.616989191191406110e-05
-3.626888325527343756e-05
-3.426731262480468783e-05
-3.108127909980468526e-05
-2.999132528164062374e-05
-3.123558352519530785e-05
-3.236244452050781158e-05
-3.269088978691405767e-05
-3.334053239863281191e-05
-3.485372666171874617e-05
-3.668563871816405753e-05
-3.739564888320312048e-05
-3.633401917773437350e-05
-3.505094640937500035e-05
-3.456314224628906232e-05
-3.439167169199218438e-05
-3.422287142441405878e-05
-3.316982478339843270e-05
-3.094194735351562229e-05
-2.954729474726562328e-05
-3.019235972460937496e-05
-3.089035359941406255e-05
-2.947452943417968647e-05
-2.724808251503906288e-05
-2.752445719042968583e-05
-3.076361034765624899e-05
-3.353994559609374825e-05
-3.341234403789062192e-05
-3.184564867304687431e-05
-3.152464206250000101e-05
-3.315742702363281137e-05
-3.515661346953125087e-05
-3.625972798652343245e-05
-3.709524162734374682e-05
-3.796680413886718386e-05
-3.827836937851562349e-05
-3.803079565273437170e-05
-3.782527894277343874e-05
-3.908183957871093692e-05
-4.190261602753905844e-05
-4.364020974238281333e-05
-4.311082540039061988e-05
-4.210584392031249521e-05
-4.202211135820312050e-05
-4.235379911562499637e-05
-4.232375839003906307e-05
-4.193752048964843301e-05
-4.119594372089843253e-05
-4.009025428457031265e-05
-3.899143129980468813e-05
-3.826053567792968345e-05
-3.771865820878906141e-05
-3.660314593203124495e-05
-3.507993809374999959e-05
-3.497331735976562226e-05
-3.710535056992187195e-05
-3.959062456601562395e-05
-4.059865780234375032e-05
-4.012496801191405916e-05
-3.821113537363281265e-05
-3.523176296718749792e-05
-3.296726446230468740e-05
-3.241728076562500109e-05
-3.239925633027343298e-05
-3.128975219863281267e-05
-2.899616664199218549e-05
-2.651566101503906073e-05
-2.448929486503906156e-05
-2.355793700449218647e-05
-2.411822037851562260e-05
-2.528389589863281199e-05
-2.629698360624999754e-05
-2.745340849023437455e-05
-2.883814288867187311e-05
-2.951305785683593679e-05
-2.936209128984374785e-05
-3.045872082480468682e-05
-3.298977116464843387e-05
-3.396671463417968610e-05
-3.231762185058593317e-05
-2.974766161855468642e-05
-2.736280947656249770e-05
-2.578972449707031135e-05
-2.582453359179687528e-05
-2.684658583339843787e-05
-2.748859905449218784e-05
-2.745922590058593585e-05
-2.716587583105468563e-05
-2.661360331718749973e-05
-2.620524018398437258e-05
-2.659004757363281243e-05
-2.751368067617187261e-05
-2.892797896328124784e-05
-3.106888134003906392e-05
-3.323467460371093331e-05
-3.432558209570312163e-05
-3.429887922851562537e-05
-3.436487345742187408e-05
-3.573682862656249855e-05
-3.782632798398437280e-05
-3.910243893339843655e-05
-3.943860895781249755e-05
-3.887222207128906141e-05
-3.737752908046874511e-05
-3.636158035136718254e-05
-3.649509468730468420e-05
-3.653896368339843581e-05
-3.580196454902343449e-05
-3.496320841718749713e-05
-3.440073159335937545e-05
-3.365972702890624563e-05
-3.287199244687499734e-05
-3.246258027246093613e-05
-3.165787029628906057e-05
-3.009994873066406193e-05
-2.884682132050781143e-05
-2.834251860019530953e-05
-2.805727475820312357e-05
-2.783363824550781184e-05
-2.780588633710937474e-05
-2.737940340117187222e-05
-2.586773501621093542e-05
-2.388628690351562531e-05
-2.311247595937499920e-05
-2.391766277246093478e-05
-2.413700775292968606e-05
-2.255104817675781159e-05
-2.048405552167968720e-05
-1.883896816816406277e-05
-1.788691558554687401e-05
-1.838692677363281208e-05
-2.031392011074218543e-05
-2.269657880292968522e-05
-2.453545267832031275e-05
-2.518747947460937383e-05
-2.504318862441406234e-05
-2.478741330371093564e-05
-2.448471723066406239e-05
-2.452696498124999912e-05
-2.547844535957031044e-05
-2.755030175117187272e-05
-3.113373116035155776e-05
-3.559778298242187092e-05
-3.916480920175781290e-05
-4.132936268945312016e-05
-4.263398848632811975e-05
-4.320504837460937587e-05
-4.329126048867187486e-05
-4.380681656015624999e-05
-4.512956215976562496e-05
-4.591062102499999918e-05
-4.490411366679687027e-05
-4.315221484453124723e-05
-4.184863808886718847e-05
-4.048135592148437042e-05
-3.904817489257812448e-05
-3.792436565351562245e-05
-3.678653740917968759e-05
-3.601558748652343851e-05
-3.601892534492187554e-05
-3.637636229570312087e-05
-3.654859578906249754e-05
-3.631923723339843517e-05
-3.652675665839843577e-05
-3.765352228632812547e-05
-3.850973064921874673e-05
-3.814046814296875073e-05
-3.684518834960937077e-05
-3.594072409101562002e-05
-3.607175887499999742e-05
-3.621690803164062168e-05
-3.622644476992187615e-05
-3.628795673183593296e-05
-3.551805585039062471e-05
-3.442562248027343893e-05
-3.462942257734374636e-05
-3.579385832148437022e-05
-3.552311032167968728e-05
-3.262832878378906003e-05
-2.924841336953124709e-05
-2.809170238339843474e-05
-2.868650874999999946e-05
-2.876537757558593630e-05
-2.810963145136718543e-05
-2.812193384374999950e-05
-2.893007704570312274e-05
-2.931869913066405964e-05
-2.871941049707030978e-05
-2.780416972421874920e-05
-2.710484070605468545e-05
-2.659920284238281076e-05
-2.633904062207030958e-05
-2.593287093867187475e-05
-2.462576558984374750e-05
-2.269190580117187540e-05
-2.164753759199218765e-05
-2.236031341113281018e-05
-2.374676442246093766e-05
-2.416065886386718740e-05
-2.320355180996093607e-05
-2.170294604140624782e-05
-2.039879708144531163e-05
-1.930741275253905991e-05
-1.844223985566406161e-05
-1.876572601816406256e-05
-2.081011660351562306e-05
-2.260845934121093602e-05
-2.255009450292968479e-05
-2.192181418496093570e-05
-2.225159459472656135e-05
-2.342756979218750055e-05
-2.470406221113281028e-05
-2.590588196933593638e-05
-2.694519570722656157e-05
-2.752274057753906030e-05
-2.772072326425780982e-05
-2.712858718437499743e-05
-2.550228720527343646e-05
-2.467125583144531061e-05
-2.590521439765624829e-05
-2.740448502285156037e-05
-2.741554763925781231e-05
-2.647045687558593634e-05
-2.556809069941406049e-05
-2.489222205742187339e-05
-2.423886011777343614e-05
-2.360151989843749937e-05
-2.324951888847656258e-05
-2.323206665742187530e-05
-2.376803134882812539e-05
-2.549437171250000026e-05
-2.748440288964843465e-05
-2.769945633789062210e-05
-2.673061909589843752e-05
-2.623566237910156203e-05
-2.552927617460937484e-05
-2.386730879433593717e-05
-2.181938961582031156e-05
-2.006462977207031150e-05
-1.920136422285156002e-05
-1.919707269062499957e-05
-1.985339101914062449e-05
-2.153138011972656262e-05
-2.398165428632812262e-05
-2.601650813339843543e-05
-2.688740307324218777e-05
-2.718924083984374825e-05
-2.774904737695312436e-05
-2.821157918359374955e-05
-2.810514918437500030e-05
-2.767170442949218499e-05
-2.670601431113281277e-05
-2.519091270039062490e-05
-2.379664156367187526e-05
-2.246559900175781134e-05
-2.084711914804687253e-05
-1.931952441015624930e-05
-1.829155939082031138e-05
-1.772402809570312375e-05
-1.779736561308593800e-05
-1.896494848085937421e-05
-2.098282693378906313e-05
-2.281788611386718684e-05
-2.448433576113281303e-05
-2.685268934589843788e-05
-2.913912234882812420e-05
-3.004959475253906093e-05
-2.998073950214843520e-05
-2.990015406367187284e-05
-2.971065907402343695e-05
-2.890976379316406182e-05
-2.790535451738281121e-05
-2.743032958359374726e-05
-2.781427866679687434e-05
-2.908638418613280959e-05
-3.092449512246093839e-05
-3.304956651367187191e-05
-3.517854796757812668e-05
-3.646219294023437049e-05
-3.667772322539062133e-05
-3.661439928320312496e-05
-3.693988816074218339e-05
-3.742034903535156265e-05
-3.713834768437499970e-05
-3.676574731972655989e-05
-3.783166855742187070e-05
-4.005182122929687298e-05
-4.243571969746093829e-05
-4.428336737207030802e-05
-4.513986183710937139e-05
-4.511249139824218365e-05
-4.435603731777343757e-05
-4.336965247734374490e-05
-4.270856577968749614e-05
-4.252498356777343220e-05
-4.251783101406249473e-05
-4.157274025039062214e-05
-3.966329451171874673e-05
-3.817012739902343467e-05
-3.736751550527343401e-05
-3.672597912109375082e-05
-3.642833751933593676e-05
-3.593280859824218382e-05
-3.395622422207031160e-05
-3.167217540371093551e-05
-3.123787234238281082e-05
-3.174789710566405999e-05
-3.104704220937499538e-05
-2.907484473281249764e-05
-2.743986632187499835e-05
-2.716568509628906094e-05
-2.799747940917968552e-05
-2.929027965058593445e-05
-3.013647443828124800e-05
-2.988098521972656002e-05
-2.914713320898437444e-05
-2.918766434667968563e-05
-3.018177394511718643e-05
-3.085964530214843778e-05
-3.052776680996093384e-05
-3.058460577011718422e-05
-3.205021170917968725e-05
-3.310964796484374529e-05
-3.211906695957030959e-05
-3.044775357578124891e-05
-2.949379364550780994e-05
-2.904022637285156178e-05
-2.931259561816405962e-05
-3.064506869082031374e-05
-3.198803217558593897e-05
-3.161905577148437153e-05
-2.941492481992187311e-05
-2.765301242246093557e-05
-2.808884136191406111e-05
-2.895267911542968663e-05
-2.747772717285156059e-05
-2.447622953359374876e-05
-2.272204189414062274e-05
-2.295979277949218472e-05
-2.435864155058593692e-05
-2.605227090195312277e-05
-2.706745669199218661e-05
-2.678421556503906152e-05
-2.632807337304687506e-05
-2.759312170605468688e-05
-3.000095738730468547e-05
-3.139065088964843595e-05
-3.123310397324218358e-05
-2.994573967265624998e-05
-2.829750519550780982e-05
-2.752407572089843646e-05
-2.762192265566406143e-05
-2.748220943984374911e-05
-2.677925646113280960e-05
-2.591560944238281215e-05
-2.484005609902343621e-05
-2.325648070742187537e-05
-2.159994926796874964e-05
-2.122629986210937237e-05
-2.231234361757812281e-05
-2.314242131757812524e-05
-2.317494159511718620e-05
-2.359122022109374955e-05
-2.487591423496093759e-05
-2.662228174902343467e-05
-2.861336196738280990e-05
-3.063286166582031370e-05
-3.172233864707031182e-05
-3.133505170546874771e-05
-3.093336428906250140e-05
-3.208835866230468482e-05
-3.402851269824218501e-05
-3.498104211777343717e-05
-3.469350945859374824e-05
-3.418071904121093270e-05
-3.424614106582031075e-05
-3.453663011386718735e-05
-3.392627886386718556e-05
-3.234794867832030857e-05
-3.080156656601562527e-05
-2.994087593613281210e-05
-3.008373627558593678e-05
-3.092325534648437626e-05
-3.129661865019530803e-05
-3.111389474472656363e-05
-3.101557097304687187e-05
-3.019131068339843751e-05
-2.811811914843749907e-05
-2.655113768144531274e-05
-2.686165387988281153e-05
-2.769163621249999993e-05
-2.763184086347656189e-05
-2.730425390351562517e-05
-2.715767423613281071e-05
-2.657030652539062217e-05
-2.567890759824218762e-05
-2.547262794921874914e-05
-2.622612564082031094e-05
-2.735718280097656108e-05
-2.796152590585937350e-05
-2.722099817832031047e-05
-2.586220370800781284e-05
-2.585075962207031153e-05
-2.743023421621093661e-05
-2.888134431308593664e-05
-2.885034991367187314e-05
-2.700966405800781281e-05
-2.419613553027343602e-05
-2.193631002714843532e-05
-2.067574396113281202e-05
-2.012680930566406316e-05
-2.033738048691406208e-05
-2.112435212988281164e-05
-2.195595570800781154e-05
-2.243794246074218488e-05
-2.272232799628906146e-05
-2.260559831972656239e-05
-2.123917445878906049e-05
-1.958149861074218667e-05
-1.937245330761718521e-05
-2.019471088222656209e-05
-2.144249771894531130e-05
-2.349232424511718713e-05
-2.588490114511718737e-05
-2.756861228867187277e-05
-2.811296930976562246e-05
-2.789629461601562352e-05
-2.788647177558593710e-05
-2.864912473593749724e-05
-2.968090445058593559e-05
-3.038357132714843638e-05
-3.033893939199218604e-05
-2.959478770390624726e-05
-2.949312607382812524e-05
-3.139522852402343512e-05
-3.499086495820312020e-05
-3.792198146894531222e-05
-3.777492496464843435e-05
-3.561657035683593776e-05
-3.456218857246093552e-05
-3.456857818710937425e-05
-3.323944297285156055e-05
-3.053634987441406152e-05
-2.855566470078125014e-05
-2.827146989999999825e-05
-2.849796743417968699e-05
-2.750290416191406278e-05
-2.555941226757812217e-05
-2.465046574199218629e-05
-2.519072196562500022e-05
-2.557028414921874943e-05
-2.509306576562499993e-05
-2.473496124316405974e-05
-2.506455091816406071e-05
-2.614353748730468771e-05
-2.772644530722656047e-05
-2.848680945039062441e-05
-2.820976720332030998e-05
-2.842291330390624721e-05
-2.981365584746093514e-05
-3.156717591523437646e-05
-3.251941923261718651e-05
-3.279932250117187457e-05
-3.361767001308593359e-05
-3.487089279062500152e-05
-3.530910591464843390e-05
-3.488491179589843434e-05
-3.443954611816405772e-05
-3.408039255449218685e-05
-3.344934658242187139e-05
-3.219536086582031151e-05
-3.036440248320312356e-05
-2.905834617558593715e-05
-2.884567691191405994e-05
-2.845819923554687454e-05
-2.731998952167968692e-05
-2.688187176503906180e-05
-2.800348755429687490e-05
-2.978657151074218612e-05
-3.098772369726562073e-05
-3.129099197460937480e-05
-3.122261356113280908e-05
-3.080614420039062444e-05
-3.007400880253906101e-05
-2.954815305371093605e-05
-2.899750178535156166e-05
-2.856396166308593570e-05
-2.960632715722656260e-05
-3.215788148437499864e-05
-3.431041868183593393e-05
-3.498256799589843463e-05
-3.474205145644531305e-05
-3.443821097480468833e-05
-3.449705264999999957e-05
-3.488643767402343858e-05
-3.510854830859374946e-05
-3.455732483593750102e-05
-3.357952305996093602e-05
-3.276985397988281193e-05
-3.201196938867187564e-05
-3.145321189277343359e-05
-3.146942434785156214e-05
-3.223703641210937419e-05
-3.370464506621093808e-05
-3.582332684277343286e-05
-3.851755077460937567e-05
-4.068286720136718844e-05
-4.133756428437499847e-05
-4.153421182773437521e-05
-4.278514578808593338e-05
-4.439551941425781131e-05
-4.480874628398437296e-05
-4.455545051523437391e-05
-4.479940028046874655e-05
-4.490840519902343411e-05
-4.378497742949218822e-05
-4.170882950566406211e-05
-3.969447964589843490e-05
-3.826063104531249748e-05
-3.725355148281249792e-05
-3.631523180332031344e-05
-3.546417327910156200e-05
-3.473899970019531135e-05
-3.365696137480468604e-05
-3.199308664687500154e-05
-3.113392189511718583e-05
-3.215873979082031140e-05
-3.294532996425781160e-05
-3.198040278496093810e-05
-3.103760083847656172e-05
-3.070228912050781348e-05
-2.982529066816406112e-05
-2.898577159726562502e-05
-2.919271881796874820e-05
-2.974308398417968726e-05
-2.964962394902343677e-05
-2.868154964609374754e-05
-2.701557683574218476e-05
-2.519577643691406279e-05
-2.407349307597656161e-05
-2.431067175703124954e-05
-2.545994408730468570e-05
-2.591398819687499726e-05
-2.427166649746093582e-05
-2.070759666699218489e-05
-1.782292407167968617e-05
-1.829155939082031138e-05
-2.124375209316406305e-05
-2.387274473515624910e-05
-2.505043654550781045e-05
-2.535933149843749775e-05
-2.544611581679687417e-05
-2.526482242207030981e-05
-2.470081972011718729e-05
-2.471541092968749755e-05
-2.556093814570312302e-05
-2.538841855019531102e-05
-2.359331830351562445e-05
-2.195214101269531110e-05
-2.209557355644530983e-05
-2.422388743867187312e-05
-2.629002178730468475e-05
-2.592810256953124751e-05
-2.441519440859374858e-05
-2.447327314472656109e-05
-2.561939835136718490e-05
-2.642344075585937238e-05
-2.713202041015624850e-05
-2.686852033144531028e-05
-2.396858895488280982e-05
-2.032488735976562333e-05
-1.955708456074218659e-05
-2.141894197539062400e-05
-2.343872777597655975e-05
-2.473210022167968611e-05
-2.494343434199218715e-05
-2.405232151699218793e-05
-2.257422245078124953e-05
-2.054547211621093674e-05
-1.882637967363280998e-05
-1.910637830957031207e-05
-2.086047058164062405e-05
-2.148102614160156163e-05
-2.050122165058593576e-05
-2.008122369667968601e-05
-2.135838368730468722e-05
-2.334707972109374883e-05
-2.463711430839843477e-05
-2.476710005117187472e-05
-2.420519543164062370e-05
-2.373675084726562318e-05
-2.404831608691406281e-05
-2.504976897382812237e-05
-2.577637306347655983e-05
-2.619255632207031253e-05
-2.726763282851562507e-05
-2.874964195742187454e-05
-2.943571490937499743e-05
-2.911356389023437265e-05
-2.846230003300781030e-05
-2.789391043144530990e-05
-2.788551810175781030e-05
-2.832535247128906096e-05
-2.779692180312499770e-05
-2.600630382343749965e-05
-2.401665411582031123e-05
-2.230414202265624789e-05
-2.093123317968750000e-05
-1.989830905644531016e-05
-1.900748233359374965e-05
-1.797417674082031044e-05
-1.713732795664062329e-05
-1.740674081308593685e-05
-1.823033353105468651e-05
-1.807145147128906137e-05
-1.755427415429687473e-05
-1.774958655429687530e-05
-1.748560963867187368e-05
-1.634892580292968692e-05
-1.560334360410156132e-05
-1.535033393749999760e-05
-1.461953368300781204e-05
-1.334475787695312445e-05
-1.256341290957031151e-05
-1.282910643808593697e-05
-1.346473004453124991e-05
-1.378478298124999979e-05
-1.398371934179687442e-05
-1.512717426171874928e-05
-1.765402843671874992e-05
-1.988896305292968714e-05
-2.091940762421874933e-05
-2.200430697109374828e-05
-2.375153279160156151e-05
-2.549561148847656240e-05
-2.650106980546874708e-05
-2.679804383554687305e-05
-2.719563045449218698e-05
-2.841051554414062249e-05
-3.030098317363280977e-05
-3.188236511542968845e-05
-3.220203658261718558e-05
-3.114918067636718757e-05
-2.987774272871093702e-05
-3.015049344355468761e-05
-3.204448966621093321e-05
-3.363292879433593533e-05
-3.354576300644530955e-05
-3.180158894218750140e-05
-2.939766332363281050e-05
-2.785166268085937318e-05
-2.705954119921875041e-05
-2.526548999374999790e-05
-2.240647122441406138e-05
-2.017430226230468714e-05
-1.882981289941406105e-05
-1.754702623320312323e-05
-1.696471299375000065e-05
-1.773175285371093526e-05
-1.859406472910155993e-05
-1.911686872167968657e-05
-2.018288532675781142e-05
-2.193440267949218510e-05
-2.411421494843749748e-05
-2.558773638027343671e-05
-2.544602044941406013e-05
-2.512529994101562217e-05
-2.594822508730468714e-05
-2.788122656953124985e-05
-3.049114573496093712e-05
-3.198021205019531003e-05
-3.141115487695312155e-05
-3.070629455058593521e-05
-3.162277509941405793e-05
-3.380726037011718690e-05
-3.605278076582030928e-05
-3.793371165703124886e-05
-3.869102404394530770e-05
-3.708971031914062085e-05
-3.422077334199218388e-05
-3.225353496933593806e-05
-3.162830640761718390e-05
-3.121689151816406182e-05
-2.950113693398437209e-05
-2.689178997285156226e-05
-2.524088520898437314e-05
-2.408369738593749739e-05
-2.163218344335937526e-05
-1.818522475898437277e-05
-1.499118037382812504e-05
-1.290768916152343678e-05
-1.227864590449218726e-05
-1.226367322539062424e-05
-1.223286956074218713e-05
-1.211127614765625017e-05
-1.148385413613281215e-05
-1.112870600253906132e-05
-1.235331856523437429e-05
-1.393212558769531129e-05
-1.342067031367187361e-05
-1.101827057324218695e-05
-8.798404003515625086e-06
-7.325073306445312234e-06
-6.140705779296875123e-06
-5.602356903320312262e-06
-6.002709176367187483e-06
-6.373402193359374536e-06
-5.912491632226562536e-06
-5.727478909570312629e-06
-7.367607159179686829e-06
-1.050099788886718628e-05
-1.356057426425781232e-05
-1.560982858613281071e-05
-1.678933237675781163e-05
-1.843251238261718584e-05
-2.164162481425781231e-05
-2.488049186933593676e-05
-2.598618130566406002e-05
-2.581947912050781271e-05
-2.616575808749999884e-05
-2.615116687792968519e-05
-2.465428043730468673e-05
-2.352036225566406295e-05
-2.495049152832031058e-05
-2.784842018984375018e-05
-2.959001933476562341e-05
-2.991436380371093713e-05
-3.009928115898437384e-05
-3.020981195566406225e-05
-2.974470522968749876e-05
-2.888878296894530943e-05
-2.804382795722656140e-05
-2.751587412597656155e-05
-2.741516616972655956e-05
-2.712276977402343613e-05
-2.581108679082030972e-05
-2.375439381308593515e-05
-2.227495960351562397e-05
-2.233103562460937562e-05
-2.314366109355468738e-05
-2.364338617949218673e-05
-2.446144758925781042e-05
-2.583321202363281021e-05
-2.672470631816406219e-05
-2.710464997128906076e-05
-2.781094080839843731e-05
-2.855986086562499994e-05
-2.800825592343749874e-05
-2.643326359628906218e-05
-2.552612905097656248e-05
-2.559298158632812396e-05
-2.654989790546874722e-05
-2.873590905429687366e-05
-3.122089694824218355e-05
-3.249443297832030900e-05
-3.223007459316405801e-05
-3.122165988730468906e-05
-3.089168874277343872e-05
-3.241050968144531299e-05
-3.539684390683593712e-05
-3.815668059804687250e-05
-3.918626686289062531e-05
-3.835885944960937521e-05
-3.697555556191406347e-05
-3.647811929316406370e-05
-3.755977614902343288e-05
-3.974149576562499548e-05
-4.108798784355468582e-05
-4.058702298164062095e-05
-3.937595258730468588e-05
-3.833826009492187557e-05
-3.714063650156249589e-05
-3.556173411171874825e-05
-3.453024049921874861e-05
-3.459699766718749605e-05
-3.458727019414062028e-05
-3.378523050468749706e-05
-3.277796020742187620e-05
-3.263929603281249793e-05
-3.440769341230468485e-05
-3.762910823632812540e-05
-4.129760535097656133e-05
-4.449422465546874566e-05
-4.557263902031249861e-05
-4.463889697519531329e-05
-4.372851993886718721e-05
-4.338672323886718621e-05
-4.276635841367187332e-05
-4.189098120683593584e-05
-4.144189620117187282e-05
-4.121501719746093471e-05
-4.061134166425781376e-05
-4.009635779707030928e-05
-4.047611071542968656e-05
-4.132583409628906183e-05
-4.189136267636718521e-05
-4.254586902460937394e-05
-4.388396877285155790e-05
-4.560687591074218849e-05
-4.636819372773437584e-05
-4.518001150527343660e-05
-4.339254064921874751e-05
-4.300973597460937530e-05
-4.417722347500000087e-05
-4.550797993476562607e-05
-4.533145490917968556e-05
-4.354236280761718497e-05
-4.169709931757812547e-05
-4.048765016874999513e-05
-3.941219219277343662e-05
-3.831756537285156190e-05
-3.722227098124999571e-05
-3.617427881152343897e-05
-3.598239963730468269e-05
-3.665197403203124509e-05
-3.687541980996093891e-05
-3.647831002792968500e-05
-3.581226422636718770e-05
-3.453853746152343418e-05
-3.272217028847655988e-05
-3.163784314589843837e-05
-3.278902282382812136e-05
-3.507030598808593785e-05
-3.619010979707031137e-05
-3.624027304042968769e-05
-3.588111947675781004e-05
-3.510025134628906389e-05
-3.511474718847656013e-05
-3.683851263281249670e-05
-3.877609174941405859e-05
-3.942230113535156175e-05
-3.910844707851562593e-05
-3.881252208964843740e-05
-3.908393766113281182e-05
-3.971298091816405964e-05
-4.055078337617187020e-05
-4.191663503281249805e-05
-4.324739149257812325e-05
-4.348333039765624566e-05
-4.264743528730468870e-05
-4.151447077949218834e-05
-4.066407982695312160e-05
-3.995654921386718292e-05
-3.935926329531250071e-05
-3.961856720917968235e-05
-4.051378083164062073e-05
-4.084527785429687530e-05
-4.102199361464843710e-05
-4.248235434765624950e-05
-4.488294210781249997e-05
-4.689576608945312294e-05
-4.791333606406249701e-05
-4.772040784863281344e-05
-4.722602333613280860e-05
-4.767749252636718186e-05
-4.816377081132812242e-05
-4.743955090624999858e-05
-4.654405118164062487e-05
-4.639337071679687464e-05
-4.617564698183593486e-05
-4.532048766015624766e-05
-4.391133921171874564e-05
-4.153249521484374967e-05
-3.837078037246093314e-05
-3.683593771347655840e-05
-3.831375067753906146e-05
-4.100082205566406003e-05
-4.331557917128906089e-05
-4.513757301992187519e-05
-4.634749900566406217e-05
-4.677131165488281235e-05
-4.630544198984375012e-05
-4.506099301152343794e-05
-4.355333005664062287e-05
-4.197166201269530886e-05
-4.035976250839843347e-05
-3.974311701113281375e-05
-4.134032993847655806e-05
-4.441592803417968287e-05
-4.679114807050781326e-05
-4.715726345312500029e-05
-4.564082669902343626e-05
-4.340932530859374671e-05
-4.203689330253905884e-05
-4.250066488515624616e-05
-4.421718240839843801e-05
-4.570987268417968667e-05
-4.655911922812499854e-05
-4.664590354648437496e-05
-4.534413877109374900e-05
-4.330127406386718596e-05
-4.203727477207030820e-05
-4.179342037421874959e-05
-4.181525950488281136e-05
-4.186723472851562047e-05
-4.246814460761718859e-05
-4.370381978671874503e-05
-4.428708670000000119e-05
-4.346606890136718305e-05
-4.218166098964843373e-05
-4.112775604218749489e-05
-4.081867035449218630e-05
-4.219129309531249547e-05
-4.509208277832031208e-05
-4.760873264335937355e-05
-4.759414143378906328e-05
-4.553210788261718403e-05
-4.387881893417968808e-05
-4.284589481093749823e-05
-4.122903620273437431e-05
-3.935592543691406367e-05
-3.765533426660155826e-05
-3.600948397402343510e-05
-3.492859005722655788e-05
-3.475244650117187352e-05
-3.448074482753906377e-05
-3.322618690664062645e-05
-3.204496650312499661e-05
-3.187654770507812038e-05
-3.124006579218749976e-05
-2.915581164082031276e-05
-2.759235876699218476e-05
-2.835577466640624701e-05
-3.066881516914062234e-05
-3.259828805820312673e-05
-3.329294407460937390e-05
-3.392513445527343746e-05
-3.550956815332031107e-05
-3.699453367109375161e-05
-3.728635786249999759e-05
-3.706071863476562161e-05
-3.710334785488281109e-05
-3.683021567050781113e-05
-3.578565672656249869e-05
-3.528516870156249723e-05
-3.651140250976562000e-05
-3.798988304550780776e-05
-3.803184469394531254e-05
-3.715122228105468443e-05
-3.626106312988280862e-05
-3.540571307343750012e-05
-3.420427478476562001e-05
-3.273504488515625139e-05
-3.168056773339843511e-05
-3.105047543515624645e-05
-3.083561272167968708e-05
-3.219650527441405961e-05
-3.490036131191406415e-05
-3.635976837109374974e-05
-3.532617667617187520e-05
-3.370235624902343511e-05
-3.372600735996093645e-05
-3.498008844394531037e-05
-3.564727865410156253e-05
-3.552358715859375068e-05
-3.542459581523437422e-05
-3.538940525097655754e-05
-3.534086325312499951e-05
-3.495128749433593920e-05
-3.370969953750000065e-05
-3.224991100878905892e-05
-3.139580072832031255e-05
-3.147714910585937026e-05
-3.252037290644531331e-05
-3.350675774687499921e-05
-3.366344635683593881e-05
-3.357723424277343305e-05
-3.319853036562499661e-05
-3.208854939707031289e-05
-3.105953533652343752e-05
-3.099602065957031308e-05
-3.187912262441405868e-05
-3.292034370996093409e-05
-3.331964694179687016e-05
-3.315389843046874627e-05
-3.265331503808593754e-05
-3.166015911347656354e-05
-3.059233052812499913e-05
-3.047827113828124900e-05
-3.139980615839843428e-05
-3.211754108144531213e-05
-3.201902657499999908e-05
-3.185032167480468751e-05
-3.136175457265625075e-05
-2.952488341230468746e-05
-2.761229054999999970e-05
-2.765444293320312239e-05
-2.887257051386718767e-05
-2.922752791269531212e-05
-2.875059563124999796e-05
-2.853258579414062285e-05
-2.815350044746093704e-05
-2.663725442812499769e-05
-2.486761727265624864e-05
-2.431849188242187509e-05
-2.434176152382812368e-05
-2.346876850156249982e-05
-2.208145918378906297e-05
-2.160395469804687475e-05
-2.168186984980468478e-05
-2.085198288457031042e-05
-1.920231789667968682e-05
-1.790513075566406003e-05
-1.776198431406250002e-05
-1.877068512207031109e-05
-1.998747755937500020e-05
-2.085884933613281256e-05
-2.181996182011718561e-05
-2.268198759335937495e-05
-2.238701627832030984e-05
-2.091120602929687441e-05
-2.044247534277343517e-05
-2.253330984355468559e-05
-2.540768276152343788e-05
-2.674482883593749843e-05
-2.702768849335937415e-05
-2.766388430410156283e-05
-2.802065368320312346e-05
-2.783163553046874759e-05
-2.818687903144531076e-05
-2.834938505175781166e-05
-2.722538507792968495e-05
-2.607029533730468749e-05
-2.633875451992187425e-05
-2.744081999570312515e-05
-2.793844699921874960e-05
-2.787741187421874942e-05
-2.798679826230468634e-05
-2.782963281542968673e-05
-2.721022166406249725e-05
-2.737587480800781050e-05
-2.907331885468750018e-05
-3.074663495351562172e-05
-3.045976986601562427e-05
-2.865370237031249979e-05
-2.682102737480468631e-05
-2.579096427304687349e-05
-2.688158566289062309e-05
-3.039997451699218622e-05
-3.353002738828125118e-05
-3.422516024160156175e-05
-3.411997001835937463e-05
-3.488624693925781051e-05
-3.591087410019530801e-05
-3.657186543046874952e-05
-3.725212097207030771e-05
-3.788230863769531041e-05
-3.794095957812500036e-05
-3.755147918671874731e-05
-3.696678176269530772e-05
-3.599584643828125164e-05
-3.521345242968750125e-05
-3.507726780703124725e-05
-3.442581321503906022e-05
-3.316591472070312501e-05
-3.263033149882812089e-05
-3.260544061191406420e-05
-3.190439498085937152e-05
-3.073185300917968338e-05
-3.060043675566406340e-05
-3.240173588222656402e-05
-3.524234874667968645e-05
-3.766735055683593700e-05
-3.912780665722656343e-05
-3.912818812675781280e-05
-3.740518562148437495e-05
-3.506754033398437148e-05
-3.338373382304687205e-05
-3.241928348066406196e-05
-3.113201454746093900e-05
-2.881477787988281049e-05
-2.639454443886718717e-05
-2.540711055722656044e-05
-2.539633404296874722e-05
-2.462757757011718707e-05
-2.371166922558593502e-05
-2.404488286113281174e-05
-2.446697889746093639e-05
-2.341393225644531031e-05
-2.130650383105468537e-05
-1.913994762832031048e-05
-1.738394800859374828e-05
-1.691998569121093627e-05
-1.914042446523437388e-05
-2.342051260585937373e-05
-2.669046942773437231e-05
-2.749804042539062489e-05
-2.716015378808593497e-05
-2.689817958749999760e-05
-2.706202075117187467e-05
-2.824772342167968626e-05
-3.069189407578124624e-05
-3.313492032128905813e-05
-3.376901804960937529e-05
-3.222635526523437161e-05
-3.065117220332031037e-05
-3.139971079101562025e-05
-3.318784921875000081e-05
-3.301885821640624714e-05
-3.083256096542968537e-05
-2.824448093066405987e-05
-2.584837543749999791e-05
-2.407730777128906205e-05
-2.295464294082031150e-05
-2.167672001113281157e-05
-2.094897151289062262e-05
-2.200173205175780998e-05
-2.394131388339843612e-05
-2.531231537871093718e-05
-2.560623765253906145e-05
-2.494839344589843568e-05
-2.385004729804687457e-05
-2.326077223964843581e-05
-2.404202183964843472e-05
-2.546661980410155977e-05
-2.573383921074218778e-05
-2.424372385429687403e-05
-2.227896503359374909e-05
-2.133091788105468545e-05
-2.116993773886718540e-05
-2.083691483808593675e-05
-2.043579962597656110e-05
-2.000674177070312367e-05
-1.902445772773437354e-05
-1.811188724160156191e-05
-1.819848082519531026e-05
-1.846264847558593656e-05
-1.737164561621093759e-05
-1.577061799355468607e-05
-1.593646187226562401e-05
-1.735695903925781329e-05
-1.859301568789062248e-05
-2.006291315917968596e-05
-2.198265857519531119e-05
-2.379902574824218549e-05
-2.483271281054687406e-05
-2.455319101152343537e-05
-2.374991154609375001e-05
-2.434738819941406030e-05
-2.680128632656249944e-05
-2.888554047792968644e-05
-2.886045885624999828e-05
-2.769268525371093738e-05
-2.621506302441406239e-05
-2.408131320136718716e-05
-2.201718156777343640e-05
-2.129153115195312235e-05
-2.170513949121093676e-05
-2.189854454355468711e-05
-2.124413356269531242e-05
-2.042111304902343680e-05
-1.987265523046874796e-05
-1.904257753046874891e-05
-1.802615196445312294e-05
-1.845320710468749951e-05
-2.093819499863281279e-05
-2.356556639511718734e-05
-2.479933422656250034e-05
-2.506931928730468794e-05
-2.517212532597656145e-05
-2.531880036074218656e-05
-2.498730333808593537e-05
-2.404783924999999941e-05
-2.363051158281249861e-05
-2.388161390175781211e-05
-2.331589458691406066e-05
-2.154644816621093629e-05
-1.949023202539062512e-05
-1.791705167851562474e-05
-1.704968533183593750e-05
-1.621083383261718609e-05
-1.501988595605468726e-05
-1.387786154687499921e-05
-1.258858989863281201e-05
-1.118297004335937509e-05
-1.062383107792968707e-05
-1.075210020781249978e-05
-1.015080885917968737e-05
-9.249396356835936633e-06
-9.963793421484374059e-06
-1.217851015253906271e-05
-1.451539250097656237e-05
-1.656102286230468670e-05
-1.814049745644531178e-05
-1.865357397597656265e-05
-1.742571892226562499e-05
-1.485451891425781103e-05
-1.323174752832031178e-05
-1.395978212871093605e-05
-1.563672218808593843e-05
-1.688822835273437405e-05
-1.735219067011718605e-05
-1.680125329960937294e-05
-1.601924076054687531e-05
-1.606768739101562270e-05
-1.662358386542968773e-05
-1.696709717832031088e-05
-1.733082837636718769e-05
-1.788510360527343783e-05
-1.807383565585937498e-05
-1.765336086503906183e-05
-1.704100689999999918e-05
-1.652688133925781086e-05
-1.597832815332031136e-05
-1.550425689335937422e-05
-1.572484164980468763e-05
-1.708821375449218782e-05
-1.918028803125000037e-05
-2.110852114433593585e-05
-2.255114354414062224e-05
-2.339905494472656133e-05
-2.292507905214843483e-05
-2.105654592070312336e-05
-1.934317552109375064e-05
-1.924752203613281122e-05
-2.081192858378906263e-05
-2.300165906054687547e-05
-2.423990915898437359e-05
-2.385596007578124990e-05
-2.327641249042968692e-05
-2.370079734394531115e-05
-2.405556400800781092e-05
-2.346810092988281174e-05
-2.281464362285156046e-05
-2.282313131992187410e-05
-2.291058320996093521e-05
-2.209843457792968685e-05
-2.038945107792968523e-05
-1.927975621152343684e-05
-2.006138728105468511e-05
-2.177771406953124889e-05
-2.307108651523437525e-05
-2.414025024394531244e-05
-2.569292660351562383e-05
-2.819450842207031163e-05
-3.180330555507812016e-05
-3.565872274003906384e-05
-3.743370046894531079e-05
-3.593395300683593869e-05
-3.353679847246093928e-05
-3.332422457617187611e-05
-3.536222554687499787e-05
-3.685100575996093884e-05
-3.567331394960937411e-05
-3.312242719414062276e-05
-3.152006442812500185e-05
-3.127992935820312286e-05
-3.116100623183593824e-05
-2.981089019335937215e-05
-2.757586020976562428e-05
-2.662046976874999848e-05
-2.805326932812499845e-05
-2.992552178749999971e-05
-2.981327437792968577e-05
-2.781179911484375007e-05
-2.544039377382812352e-05
-2.381657334667968681e-05
-2.322930100332031231e-05
-2.312306173886718774e-05
-2.279089714453124847e-05
-2.192086051113281228e-05
-2.100943443359374875e-05
-2.092875362773437235e-05
-2.164210165117187232e-05
-2.257469928769531293e-05
-2.366236428867187486e-05
-2.537315976894531267e-05
-2.794168949023437260e-05
-3.063352923749999840e-05
-3.276479950859374936e-05
-3.411834877285156313e-05
-3.407524271582031025e-05
-3.263738868515625110e-05
-3.103798230800781108e-05
-3.031452534199218597e-05
-3.048132289453124732e-05
-3.049543726718749757e-05
-2.969005971933593731e-05
-2.895344205449218536e-05
-2.854059665429687308e-05
-2.793692112109374875e-05
-2.741039780058593571e-05
-2.631653391972655972e-05
-2.403887471601562237e-05
-2.263983521015624888e-05
-2.362211925312499900e-05
-2.545107492070312270e-05
-2.645996646347656184e-05
-2.652138305800781138e-05
-2.594097716621093563e-05
-2.497519168046874937e-05
-2.417324735839843680e-05
-2.372168280078124951e-05
-2.324618103007812555e-05
-2.278870369472656292e-05
-2.262409959199218712e-05
-2.266796858808593535e-05
-2.297228590664062347e-05
-2.335947748085937355e-05
-2.283762716210937371e-05
-2.113293519433593592e-05
-1.932629549433593740e-05
-1.827610987480468495e-05
-1.844376573378906246e-05
-2.060192960683593775e-05
-2.448748288476562538e-05
-2.802179809179687495e-05
-2.973268893945312340e-05
-3.054922447109374625e-05
-3.230274453886718757e-05
-3.485448960078125168e-05
-3.622005515527343742e-05
-3.576658324999999652e-05
-3.472231040820312619e-05
-3.434513240917968721e-05
-3.550365537558593574e-05
-3.807685809863281225e-05
-4.037797767851562287e-05
-4.125983986738281312e-05
-4.147708676542968272e-05
-4.202382797109374603e-05
-4.289043137871093454e-05
-4.337995215468749811e-05
-4.306733787382812441e-05
-4.236562467109374704e-05
-4.210870494179687562e-05
-4.258153642578124725e-05
-4.302480402109374897e-05
-4.311769185195312202e-05
-4.334857628574218864e-05
-4.326932599062499905e-05
-4.226110201953124461e-05
-4.132440358554687163e-05
-4.194123981757812619e-05
-4.380099914980468869e-05
-4.502036650644530933e-05
-4.403970370898437070e-05
-4.095371056855468542e-05
-3.765523889921875100e-05
-3.583877635878906267e-05
-3.554838267812500012e-05
-3.609340727089843789e-05
-3.679702782128906210e-05
-3.705604563300780841e-05
-3.683851263281249670e-05
-3.704383860800780837e-05
-3.831613486210937169e-05
-3.967025633066406290e-05
-3.983638631152343617e-05
-3.927314654863280899e-05
-3.916957757089843336e-05
-3.940198788281249745e-05
-3.889825736679687298e-05
-3.749111163339843860e-05
-3.606975615996093655e-05
-3.544481370039062449e-05
-3.621604972519530891e-05
-3.833625737988280793e-05
-4.012592168574218596e-05
-4.034517129882812320e-05
-3.995187621210936972e-05
-3.979795325624999649e-05
-3.967512006718749740e-05
-3.912990473964843833e-05
-3.813999130605468733e-05
-3.757474882812499928e-05
-3.786657301953124527e-05
-3.862922597988280879e-05
-3.949745063300780880e-05
-3.969362133945312214e-05
-3.901145845019531033e-05
-3.881853023476561999e-05
-3.948209648437499980e-05
-3.978469719003906239e-05
-3.995349745761718799e-05
-4.132993489374999760e-05
-4.283569050097655906e-05
-4.193132160976562235e-05
-3.916223428242187460e-05
-3.724182129472656128e-05
-3.695686355488281066e-05
-3.742387762851562098e-05
-3.810241655722656042e-05
-3.895852955273437443e-05
-3.985727176835937113e-05
-4.019830552929687341e-05
-3.950937155585937350e-05
-3.860958029902343596e-05
-3.810489610917968469e-05
-3.722141267480468294e-05
-3.707216272070312292e-05
-3.940303692402343828e-05
-4.166429293789062580e-05
-4.084193999589843827e-05
-3.754871353261718771e-05
-3.352554512128905927e-05
-3.082788796367187217e-05
-3.087347357265624932e-05
-3.272083514511718371e-05
-3.407591028750000172e-05
-3.365181153613280943e-05
-3.265293356855468817e-05
-3.279646147968750093e-05
-3.382881339863281334e-05
-3.448408268593750080e-05
-3.385818655253906194e-05
-3.163612653300781284e-05
-2.873371560449218472e-05
-2.668865744746093613e-05
-2.634266458261718533e-05
-2.785957817363281277e-05
-3.016403561191406042e-05
-3.149421986738281157e-05
-3.194883618125000057e-05
-3.288772806503906248e-05
-3.402870343300781308e-05
-3.444336081347655816e-05
-3.508852115820312048e-05
-3.690403002480468879e-05
-3.899667650585937200e-05
-4.020183412246093851e-05
-3.967874402773436976e-05
-3.745162953691405809e-05
-3.493822216289062640e-05
-3.377731501191406086e-05
-3.454406876972656014e-05
-3.603094163515624751e-05
-3.677814507949218799e-05
-3.656585728535156015e-05
-3.559825981933593432e-05
-3.477733738808593699e-05
-3.615530070234375084e-05
-3.975360742324218825e-05
-4.262664519785156099e-05
-4.362628610449218776e-05
-4.412295943417968202e-05
-4.452273950292968827e-05
-4.426334022167968582e-05
-4.358318004746093488e-05
-4.314477618867187443e-05
-4.298017208593749863e-05
-4.315850909179687193e-05
-4.378459595996093208e-05
-4.434821719238280863e-05
-4.477374645449218435e-05
-4.518563818085936983e-05
-4.530808990039061955e-05
-4.659154413828124885e-05
-5.082442542441406005e-05
-5.540644669902343780e-05
-5.599619859433593318e-05
-5.330340517324218735e-05
-5.122592210605468507e-05
-5.090758578222655733e-05
-5.129449125429687208e-05
-5.102507839785155853e-05
-4.926478724589843588e-05
-4.747493220527343656e-05
-4.717643229707030973e-05
-4.748923731269531149e-05
-4.729325734101561945e-05
-4.697482564980468445e-05
-4.756343313652343851e-05
-4.901549690722655856e-05
-4.953105297871093369e-05
-4.793889452265624518e-05
-4.619023819140624513e-05
-4.633986961503906130e-05
-4.757506795722656111e-05
-4.832713513808593609e-05
-4.772279203320312367e-05
-4.571387811425780840e-05
-4.358899745781249618e-05
-4.290549942519530821e-05
-4.351766265546874957e-05
-4.412934904882812075e-05
-4.413669233730468629e-05
-4.331853556015624856e-05
-4.191501378730468655e-05
-4.125869545878905825e-05
-4.195449588378906029e-05
-4.305656135957030780e-05
-4.307840049023436957e-05
-4.100044058613281066e-05
-3.786552397832031121e-05
-3.577087478222656036e-05
-3.497722742246093673e-05
-3.471630226308593681e-05
-3.546522232031249606e-05
-3.745458592578124576e-05
-3.898837954355468643e-05
-3.837373676132812081e-05
-3.624628118554687028e-05
-3.488109710058593391e-05
-3.541267489238280952e-05
-3.703849803457031048e-05
-3.865964817499999823e-05
-3.982093679550781313e-05
-4.070804419042968724e-05
-4.186303856367187067e-05
-4.305951774843749547e-05
-4.373052265390624808e-05
-4.431245442382812129e-05
-4.453055962832031043e-05
-4.292237945195312145e-05
-4.031818232949218483e-05
-3.965165969101562413e-05
-4.102590367734374480e-05
-4.126346382792968548e-05
-3.922870534824218671e-05
-3.699300779296874737e-05
-3.589361260390624541e-05
-3.569839557128905887e-05
-3.560407722968749562e-05
-3.489750029042968375e-05
-3.403461621074218841e-05
-3.363340563124999873e-05
-3.351848793496093584e-05
-3.331869326796875014e-05
-3.283012616582031337e-05
-3.226936595488281046e-05
-3.174951835117187149e-05
-3.108537989726562102e-05
-3.014381772675781015e-05
-2.884758425957031016e-05
-2.813461770566405955e-05
-2.910049855878905984e-05
-3.103531202128905874e-05
-3.211239124277343553e-05
-3.115089728925781311e-05
-2.920807296660156058e-05
-2.831467132441406177e-05
-2.865808926992187427e-05
-2.927092007187499694e-05
-2.951334395898437213e-05
-2.949770370820312441e-05
-3.026665091582031263e-05
-3.205602911953124855e-05
-3.328121388652343726e-05
-3.298729161269530960e-05
-3.245189912558593356e-05
-3.241422900937499939e-05
-3.172405525996093735e-05
-3.035438890800781246e-05
-2.969196706699218753e-05
-3.041733138066405947e-05
-3.190983092167968345e-05
-3.288629755429687228e-05
-3.345239833867187309e-05
-3.454368730019531078e-05
-3.544710251757812069e-05
-3.500888939355468831e-05
-3.381241020878906350e-05
-3.349655343691406004e-05
-3.455150742558593294e-05
-3.600967470878906317e-05
-3.735244745878906034e-05
-3.844707427871093506e-05
-3.860347678652343255e-05
-3.750455843437500077e-05
-3.604372086445312498e-05
-3.553150265136718688e-05
-3.610418378515624772e-05
-3.672073391503906018e-05
-3.706596384082031225e-05
-3.796298944355468342e-05
-3.929593935312499756e-05
-4.009664389921875139e-05
-4.065473382343749519e-05
-4.152009745507812157e-05
-4.211623896503906246e-05
-4.211118449374999989e-05
-4.162261739160156313e-05
-4.100759313984374813e-05
-4.103153035292968480e-05
-4.131791860351562563e-05
-4.073798954863281328e-05
-3.928916826894530946e-05
-3.792942012480468502e-05
-3.728559492343749886e-05
-3.675525690761718539e-05
-3.561084831386718372e-05
-3.446729802656250160e-05
-3.398140121113281040e-05
-3.337782104531249671e-05
-3.224085110742187462e-05
-3.163383771582030986e-05
-3.197191508789062447e-05
-3.263204811171874643e-05
-3.317602366328125014e-05
-3.290251000937500082e-05
-3.109377222695312062e-05
-2.871988733398437319e-05
-2.801846023339843453e-05
-2.911995350488281138e-05
-2.935608314472656186e-05
-2.772511016386718769e-05
-2.632797800566406103e-05
-2.662676401601562319e-05
-2.810810557324218458e-05
-2.948950211328124949e-05
-3.034275408730468648e-05
-3.176878256250000173e-05
-3.370998563964843598e-05
-3.442743446054687172e-05
-3.383005317460937547e-05
-3.328846180761718877e-05
-3.323810782949218438e-05
-3.350332452109374814e-05
-3.349693490644530940e-05
-3.220108290878905878e-05
-3.028143286015624758e-05
-2.959040080429687277e-05
-2.983082197636718709e-05
-2.963245782011718482e-05
-2.916601595078124854e-05
-2.873848397363281196e-05
-2.820900426425781125e-05
-2.816742408535156261e-05
-2.912386356757812246e-05
-3.035715456210937206e-05
-3.088320104570312509e-05
-3.133037870371093450e-05
-3.287428126406250032e-05
-3.511188616699218649e-05
-3.681800864550781110e-05
-3.729341504882812102e-05
-3.671634701542968908e-05
-3.586996149296875085e-05
-3.536546803789062087e-05
-3.536909199843750001e-05
-3.581226422636718770e-05
-3.639810605898437538e-05
-3.726938246835937032e-05
-3.865964817499999823e-05
-3.939235577714843571e-05
-3.822706172656249908e-05
-3.592651435097655912e-05
-3.438137201464843795e-05
-3.425071870019530992e-05
-3.465908183339843707e-05
-3.501155968027343387e-05
-3.536851979414062258e-05
-3.589084694980468581e-05
-3.652980841464843748e-05
-3.728883741445312186e-05
-3.909509564492187102e-05
-4.245517464355468305e-05
-4.549882466601562096e-05
-4.579541722656250096e-05
-4.350793518242187380e-05
-4.099242972597656043e-05
-3.963725921621093516e-05
-3.896320255449218763e-05
-3.880422512734374506e-05
-3.973377100761718735e-05
-4.106290622187500105e-05
-4.101827428671875071e-05
-3.943736918183593542e-05
-3.822200725527343651e-05
-3.835142079374999563e-05
-3.889491950839843595e-05
-3.963001129511718366e-05
-4.076383410937499678e-05
-4.099061774570312086e-05
-3.986680850664062561e-05
-3.888767158730468444e-05
-3.869502947402343621e-05
-3.882215419531249913e-05
-3.863494802285156283e-05
-3.752592072812499914e-05
-3.565757833144530896e-05
-3.352602195820312268e-05
-3.159759811035155912e-05
-3.026483893554687306e-05
-2.938660070722656195e-05
-2.909382284199218578e-05
-2.970846562421874802e-05
-3.022640588027343677e-05
-2.966288001523437426e-05
-2.881868794257812496e-05
-2.815683830585937407e-05
-2.656048368496093576e-05
-2.387942045195312317e-05
-2.229145816074218784e-05
-2.313479192695312437e-05
-2.446564375410156022e-05
-2.417134001074218658e-05
-2.317847018828124791e-05
-2.351845490800781274e-05
-2.524565357812500038e-05
-2.736137896582031088e-05
-2.950647750742187338e-05
-3.131559675937499617e-05
-3.217657349140625145e-05
-3.184078493652343304e-05
-3.045776715097656001e-05
-2.825077517792968457e-05
-2.643307286152343750e-05
-2.690609508027343719e-05
-2.920416290390624950e-05
-3.062466007089843540e-05
-2.964437874296874952e-05
-2.702511357402343585e-05
-2.430609412265625038e-05
-2.240189359003906221e-05
-2.180775479511718557e-05
-2.270258694804687459e-05
-2.413243011855468689e-05
-2.485731759531249882e-05
-2.491854345507812368e-05
-2.508505490546874970e-05
-2.558487535878905969e-05
-2.656801770820312259e-05
-2.825249179082031011e-05
-2.953232206816406026e-05
-2.933643746386718564e-05
-2.866781674296875004e-05
-2.846106025703124817e-05
-2.824514850234374796e-05
-2.755278130312500037e-05
-2.632120692148437292e-05
-2.465733219355468504e-05
-2.287300846113281169e-05
-2.125700815937500054e-05
-1.975726069726562505e-05
-1.869038578574218744e-05
-1.863202094746093621e-05
-1.901205996796874882e-05
-1.895894033574218823e-05
-1.907195068437499751e-05
-2.023095048769531283e-05
-2.161387290585937521e-05
-2.209852994531249750e-05
-2.191351722265625013e-05
-2.131966452988281221e-05
-2.039698510117187545e-05
-1.991652422656249957e-05
-1.994580201308593752e-05
-2.018221775507812333e-05
-2.101000663789062280e-05
-2.173565705371093685e-05
-2.129000527382812489e-05
-2.044342901660156197e-05
-2.066353693613281198e-05
-2.158068505664062278e-05
-2.149323316660156166e-05
-2.081669695292968648e-05
-2.154663890097656097e-05
-2.345618000703125042e-05
-2.499321611582031071e-05
-2.610682104492187357e-05
-2.785957817363281277e-05
-3.071020461328124968e-05
-3.350790215546874730e-05
-3.443163062539062152e-05
-3.354490469999999678e-05
-3.282497632714843677e-05
-3.292854530488281239e-05
-3.273657076328124885e-05
-3.194063458632812226e-05
-3.128221817539062583e-05
-3.108051616074218652e-05
-3.106640178808593288e-05
-3.107403117871093375e-05
-3.113458946679687053e-05
-3.123234103417968485e-05
-3.104074796210937068e-05
-3.022068383730468612e-05
-2.930258204296874852e-05
-2.846992942363281117e-05
-2.715090315195312261e-05
-2.616671176132812226e-05
-2.686546857519531197e-05
-2.824324115468749774e-05
-2.779100902539062237e-05
-2.546414025214843550e-05
-2.437437716874999867e-05
-2.545488961601562313e-05
-2.553814534121093784e-05
-2.328461408535156184e-05
-2.071141136230468532e-05
-1.889447198496093698e-05
-1.726216386074218664e-05
-1.572341113906250082e-05
-1.482361988222656158e-05
-1.428088410664062508e-05
-1.350573801914062450e-05
-1.283292113339843741e-05
-1.257933926249999964e-05
-1.239022574238281143e-05
-1.243943531191406263e-05
-1.343039778671874938e-05
-1.480073171035156236e-05
-1.558779872070312425e-05
-1.638526077578124831e-05
-1.783923189414062535e-05
-1.950196221347656175e-05
-2.096537470273437246e-05
-2.146929595351562499e-05
-1.967648452402343800e-05
-1.614140637792968631e-05
-1.338452607558593691e-05
-1.226214734726562508e-05
-1.188220369414062482e-05
-1.273822132226562479e-05
-1.514891802499999871e-05
-1.700781905078125014e-05
-1.685713858593749991e-05
-1.558112300390625019e-05
-1.427411302246093698e-05
-1.313819212578124895e-05
-1.234692895058593725e-05
-1.244172412910156221e-05
-1.290005977089843760e-05
-1.270236318632812511e-05
-1.281251251347656245e-05
-1.395606280078124965e-05
-1.452950687363281262e-05
-1.441764093359374974e-05
-1.541670963593749907e-05
-1.727274964023437517e-05
-1.841334353867187302e-05
-1.829604165781249989e-05
-1.694802370175781209e-05
-1.511677921699218712e-05
-1.428107484140624976e-05
-1.488780213085937411e-05
-1.571625858535156335e-05
-1.552848020859374961e-05
-1.483964160253906205e-05
-1.501139825898437362e-05
-1.624125602773437554e-05
-1.821345350429687328e-05
-2.091816784824218720e-05
-2.313889272441406014e-05
-2.328213453339843757e-05
-2.236145781972656167e-05
-2.240160748789062349e-05
-2.318543200722656070e-05
-2.323855163945312468e-05
-2.193516561855468722e-05
-2.014416616933593641e-05
-1.943129498281249984e-05
-2.025278961835937460e-05
-2.170657000195312357e-05
-2.226027302656249967e-05
-2.075222860214843523e-05
-1.861647606406249914e-05
-1.828259485683593773e-05
-1.956194829726562448e-05
-2.116669524785156240e-05
-2.216185388749999726e-05
-2.152766079179687284e-05
-1.952189399648437330e-05
-1.759156280097656292e-05
-1.675805187519531281e-05
-1.698845947207031263e-05
-1.712750511621093688e-05
-1.631726383183593535e-05
-1.537198233339843808e-05
-1.521166976289062442e-05
-1.522063429687499977e-05
-1.434640149863281208e-05
-1.241740544648437448e-05
-1.018390134101562407e-05
-8.980078867773437113e-06
-9.609026757421874288e-06
-1.140584361699218640e-05
-1.319827357695312402e-05
-1.472453317148437447e-05
-1.593627113749999932e-05
-1.607646119023437505e-05
-1.566476019863281087e-05
-1.656998739628906035e-05
-1.889075265703125058e-05
-2.115286697734374748e-05
-2.215775309003906150e-05
-2.170895418652343719e-05
-2.083634263378906270e-05
-1.964491792031250046e-05
-1.763752987949218604e-05
-1.661671741386718559e-05
-1.768063593652343554e-05
-1.859568597460937482e-05
-1.778973622246093713e-05
-1.599034444355468672e-05
-1.404942746855468611e-05
-1.294106774550781219e-05
-1.374577772167968606e-05
-1.584767483886718672e-05
-1.719435765156249836e-05
-1.669472793300781304e-05
-1.498469539179687397e-05
-1.310452743964843651e-05
-1.190194474238281169e-05
-1.192435607734374920e-05
-1.290416056835937506e-05
-1.418160666113281160e-05
-1.496333309804687390e-05
-1.463402952519531166e-05
-1.361274022265624949e-05
-1.268338507714843697e-05
-1.205500939179687384e-05
-1.157378557812499923e-05
-1.066893984999999912e-05
-9.213919690429686317e-06
-8.718390769335936769e-06
-1.023902368828124891e-05
-1.276387514824218699e-05
-1.522893125917968702e-05
-1.738690439746093594e-05
-1.838654530410156271e-05
-1.796912226953124788e-05
-1.778906865078124904e-05
-1.839102757109374784e-05
-1.855172161113281256e-05
-1.777352376738281197e-05
-1.656722174218750075e-05
-1.561803018105468563e-05
-1.464995587812499978e-05
-1.308392808496093687e-05
-1.168317196621093615e-05
-1.102408798359374995e-05
-1.039542619609374980e-05
-9.991354595117186481e-06
-1.104916960527343641e-05
-1.249913529355468664e-05
-1.218079896972656229e-05
-1.073026107714843632e-05
-9.638209176562499903e-06
-9.141917316406249929e-06
-9.463686866015625344e-06
-1.047791898222656238e-05
-1.111602214062499958e-05
-1.060189657988281126e-05
-9.299559600195311251e-06
-7.864661958398436382e-06
-6.861683193359374274e-06
-7.441993717773436836e-06
-9.459395333789061508e-06
-1.073760436562500016e-05
-1.087235847753906227e-05
-1.155433063203124938e-05
-1.289214427812499971e-05
-1.382273919960937437e-05
-1.452874393457031219e-05
