1.012343842031249963e-05
1.060943060312499979e-05
1.129531282031249968e-05
1.183623661562500000e-05
1.264037438749999982e-05
1.356581947031249957e-05
1.402358290781249922e-05
1.366042391406249985e-05
1.242675144999999919e-05
1.097716723125000002e-05
1.046523512031249894e-05
1.141433131406250003e-05
1.297530463593749868e-05
1.427458985937499868e-05
1.563414726875000013e-05
1.676177120312499920e-05
1.669615844374999986e-05
1.580809737499999895e-05
1.477431494531249973e-05
1.414412727968749872e-05
1.541594669687500034e-05
1.883543957499999767e-05
2.205351654062499779e-05
2.310713538593749792e-05
2.222594076874999914e-05
2.070006264374999805e-05
1.967848723906249887e-05
1.904524781718749786e-05
1.774214789843749912e-05
1.624068382343749810e-05
1.650694955624999930e-05
1.855544093906249896e-05
1.923216788749999883e-05
1.647643199374999921e-05
1.302108097968749882e-05
1.241912205937500002e-05
1.413878670624999913e-05
1.545104189374999959e-05
1.499633021249999995e-05
1.354064248124999907e-05
1.288146313124999883e-05
1.379393824999999981e-05
1.542357608749999782e-05
1.670073607812499903e-05
1.748808919062499795e-05
1.821059248281249964e-05
1.841658602968749940e-05
1.742171349218749987e-05
1.588515422031249960e-05
1.454238147031249905e-05
1.338195115624999861e-05
1.243743259687500007e-05
1.162948012968749982e-05
1.100005540312499924e-05
1.166686414374999866e-05
1.461257186406249925e-05
1.754454668124999896e-05
1.684340568281249902e-05
1.344680097656249922e-05
1.100692185468749968e-05
1.056975777187499967e-05
1.166381238749999865e-05
1.374816190624999968e-05
1.512450397499999864e-05
1.492232512343749931e-05
1.434096555781250015e-05
1.367568269531249989e-05
1.219329209687499935e-05
1.027907798906250009e-05
9.200282154687499465e-06
1.007003268593750032e-05
1.218871446250000019e-05
1.369857086718749911e-05
1.397094011249999864e-05
1.366271273124999943e-05
1.356963416562500000e-05
1.329955373750000006e-05
1.206511833437499898e-05
1.083449762656250003e-05
1.134795561562500026e-05
1.385421043593749957e-05
1.735533779374999841e-05
1.993330888593749877e-05
1.991576128749999745e-05
1.823882122812500015e-05
1.672820188437500080e-05
1.588210246406249789e-05
1.544646425937500043e-05
1.459731308281249921e-05
1.331023488437499924e-05
1.249389008749999939e-05
1.154174213749999998e-05
9.907526665624999423e-06
8.921046457812499493e-06
9.352869967187499913e-06
1.079406185624999948e-05
1.261596033749999975e-05
1.426543459062499866e-05
1.566313895312499937e-05
1.674727536093749959e-05
1.714934424687499865e-05
1.656035529062499861e-05
1.562728081718749799e-05
1.580809737499999895e-05
1.730574675468749953e-05
1.868361470156249934e-05
1.886824595468750073e-05
1.813429857656249773e-05
1.718291356562500044e-05
1.651000131249999762e-05
1.628722310624999866e-05
1.625746848281250069e-05
1.649092783593749883e-05
1.684722037812499946e-05
1.590956827031249967e-05
1.332625660468749971e-05
1.171950693906249923e-05
1.345824506249999883e-05
1.728819915624999821e-05
2.041853812968749850e-05
2.187651467812499727e-05
2.232817460312499860e-05
2.262724671562499947e-05
2.323607208750000041e-05
2.378157351718749820e-05
2.316969638906249895e-05
2.124327525624999965e-05
2.050017260937499831e-05
2.321852448906249909e-05
2.698210288437500039e-05
2.828596574218749787e-05
2.759092825624999794e-05
2.669676367500000040e-05
2.624205199374999737e-05
2.624357787187499823e-05
2.577437034843749897e-05
2.442320526874999881e-05
2.342070334062499841e-05
2.324293853906249916e-05
2.298506513593749756e-05
2.218092736406249943e-05
2.144621704687499770e-05
2.135237554218749785e-05
2.172850449999999938e-05
2.226561359999999757e-05
2.248305123281249863e-05
2.238997266718749751e-05
2.218016442499999731e-05
2.070998085156249851e-05
1.821440717812500008e-05
1.729353972968749949e-05
1.801604302187499780e-05
1.833037391562500042e-05
1.826933879062500024e-05
1.862715721093749832e-05
1.909941649062499929e-05
1.867369649374999889e-05
1.656188116874999947e-05
1.381530054374999988e-05
1.257094693281250004e-05
1.309050843437499860e-05
1.373976957656250008e-05
1.381835229999999989e-05
1.352996133437499989e-05
1.249846772187500025e-05
1.132354156562500019e-05
1.172103281718750009e-05
1.354216835937499992e-05
1.502837365312499920e-05
1.556700863124999993e-05
1.546172304062499878e-05
1.479338842187499851e-05
1.412734262031249952e-05
1.397246599062499949e-05
1.382674462968749949e-05
1.352233194374999902e-05
1.328200613906249874e-05
1.322478570937499899e-05
1.425933107812499864e-05
1.638945694062499811e-05
1.782607119531249852e-05
1.760329298906249956e-05
1.623839500624999852e-05
1.500853723749999999e-05
1.490325164687499883e-05
1.499633021249999995e-05
1.468581401406249947e-05
1.508101644843749978e-05
1.612090239062500071e-05
1.666716675937500062e-05
1.611937651249999986e-05
1.446227286875000008e-05
1.247710542812500019e-05
1.083144587031250002e-05
9.468073765624999828e-06
8.697505312500000108e-06
8.961482228125000035e-06
9.754938853124998975e-06
1.051940379374999868e-05
1.122588536562499990e-05
1.160506607968749974e-05
1.108397869999999864e-05
9.930414837500000337e-06
9.558100574999999245e-06
1.044463576562499930e-05
1.147078880468749935e-05
1.182250371249999911e-05
1.180266729687499990e-05
1.204451897968749934e-05
1.279830277343749986e-05
1.368254914687499864e-05
1.446074699062499923e-05
1.551512877499999809e-05
1.657256231562499865e-05
1.676406002031249879e-05
1.610106597499999981e-05
1.513899981718749995e-05
1.452407093281249899e-05
1.487197114531250001e-05
1.576155809218749839e-05
1.647109142031249793e-05
1.654662238749999773e-05
1.563414726875000013e-05
1.456603258124999869e-05
1.400832412656249917e-05
1.331786427500000011e-05
1.258620571406250008e-05
1.305388735937500018e-05
1.495207974687499898e-05
1.678313349687499757e-05
1.770781564062499859e-05
1.857146265937499943e-05
1.944731670312500031e-05
1.886061656406249986e-05
1.643904797968750038e-05
1.380995997031249859e-05
1.250457123437499857e-05
1.209334707968749948e-05
1.136245145781249988e-05
1.079482479531249991e-05
1.097182665781249873e-05
1.047667920625000025e-05
8.616633771874999023e-06
7.003780593749999373e-06
7.243343459375000076e-06
9.260554340624999219e-06
1.171569224374999880e-05
1.367491975624999947e-05
1.463927473124999891e-05
1.389312032812499926e-05
1.221923202499999858e-05
1.115950966718750013e-05
1.098174486562499919e-05
1.180114141874999905e-05
1.318434993906250014e-05
1.382521875156249864e-05
1.382445581249999990e-05
1.380156764062499899e-05
1.343917158593750004e-05
1.301192571093749879e-05
1.296614936718749866e-05
1.346511151406249927e-05
1.473006447968749875e-05
1.582183027812499983e-05
1.566466483125000022e-05
1.451873035937499940e-05
1.305388735937500018e-05
1.184234012812500002e-05
1.141662013124999962e-05
1.203154901562499888e-05
1.344985273281249923e-05
1.455687731249999866e-05
1.439055659687499902e-05
1.299895574687500002e-05
1.083983819999999962e-05
9.262080218750000070e-06
9.312434196874999371e-06
9.928126020312499060e-06
1.020812465624999946e-05
1.047515332812499939e-05
1.032561727187499896e-05
9.411616274999998815e-06
8.309169329687500239e-06
7.499690984374999981e-06
7.346340232812499955e-06
7.666774639062499201e-06
8.113093990624999240e-06
9.255976706250000052e-06
1.102523239218749974e-05
1.220244736562499938e-05
1.212157582499999999e-05
1.104277999062499937e-05
9.913630178124999441e-06
9.764094121874999002e-06
1.080779475937499868e-05
1.227416363749999874e-05
1.305312442031249976e-05
1.264571496093749941e-05
1.132277862656249976e-05
9.584803442187498899e-06
7.657619370312499174e-06
5.969235224999999726e-06
5.877682537499999458e-06
8.309932268749998971e-06
1.183852543281249958e-05
1.371077789218749915e-05
1.309279725156249987e-05
1.149749167187499901e-05
1.007232150312499991e-05
9.367365809374999532e-06
1.011504609062500003e-05
1.174468392812499973e-05
1.274565997812499928e-05
1.265029259531249858e-05
1.161345840937499935e-05
9.696192545312500073e-06
7.458492274999999861e-06
6.144711209374999394e-06
6.537624826562499276e-06
8.197017287500000333e-06
1.047286451093749981e-05
1.240081152187499996e-05
1.254958463906249997e-05
1.078566952656249988e-05
8.303828756249998953e-06
6.349178878124999994e-06
5.825802681249999305e-06
6.607052281249999904e-06
7.756801448437500312e-06
8.749385168750000260e-06
9.530634768749999164e-06
1.008834322343749868e-05
1.005401096562499985e-05
9.215540935937499510e-06
8.465571837499999427e-06
8.769221584374999471e-06
9.999842292187500117e-06
1.107787518750000032e-05
1.104430586875000022e-05
1.020430996093749902e-05
9.648890323437499088e-06
1.006926974687499990e-05
1.116027260624999886e-05
1.242369969374999918e-05
1.403655287187499968e-05
1.600035801874999782e-05
1.790770567499999833e-05
1.924513785156249760e-05
1.926878896249999894e-05
1.778563542499999797e-05
1.555937924062499906e-05
1.330870900625000008e-05
1.143035303437499881e-05
1.083144587031250002e-05
1.232146585937499973e-05
1.549910705468749762e-05
1.848296172812499748e-05
1.910399412499999845e-05
1.774825141093749913e-05
1.636962052500000060e-05
1.536406684062499849e-05
1.455077379999999865e-05
1.479949193437499853e-05
1.720885349374999798e-05
2.074278723124999818e-05
2.211302578750000051e-05
2.021025576562499916e-05
1.767958689531249809e-05
1.660918339062499876e-05
1.678008174062499926e-05
1.762389234374999919e-05
1.820448897031249963e-05
1.733702725624999835e-05
1.523589307812499981e-05
1.290206248593750016e-05
1.104277999062499937e-05
1.039428178750000000e-05
1.098632250000000005e-05
1.189879761874999934e-05
1.264190026562499898e-05
1.343383101249999876e-05
1.433257322812499885e-05
1.513060748749999865e-05
1.522216017499999892e-05
1.392821552499999851e-05
1.201171259999999967e-05
1.088103690937499889e-05
1.099242601250000006e-05
1.231612528593750014e-05
1.423491702812499857e-05
1.564025078125000015e-05
1.598738805468749905e-05
1.545256777187500045e-05
1.497039028437499903e-05
1.568907888125000029e-05
1.738661829531250061e-05
1.843642244531250031e-05
1.811903979531249938e-05
1.761626295312499832e-05
1.767424632187500019e-05
1.779326481562499884e-05
1.818236373749999914e-05
1.934508286874999747e-05
2.077177891562499742e-05
2.181700543124999794e-05
2.230376055312499852e-05
2.198942965937499930e-05
2.085265045624999850e-05
2.015074651874999983e-05
2.114714493437500021e-05
2.273939875781249938e-05
2.360762341093749939e-05
2.457274132499999756e-05
2.577513328749999770e-05
2.584532368124999960e-05
2.445219695312499805e-05
2.222670370781249787e-05
2.028273497656250064e-05
2.003783153749999781e-05
2.096938013281249757e-05
2.148054930468749823e-05
2.175444442812500030e-05
2.243956370624999977e-05
2.262877259375000032e-05
2.113646378749999764e-05
1.866988179843749845e-05
1.722182345781250013e-05
1.758498245156249950e-05
1.887740122343749906e-05
2.004393504999999782e-05
2.063139812812500039e-05
2.048491382812499996e-05
1.958083103906249858e-05
1.858901025781250075e-05
1.843871126249999989e-05
1.862563133281249747e-05
1.855772975624999854e-05
1.906279541562499918e-05
2.049559497499999915e-05
2.208174528593749830e-05
2.248762886718749779e-05
2.077330479374999827e-05
1.832198158593750082e-05
1.735686367187499926e-05
1.783370058593749939e-05
1.855696681718749981e-05
1.868666645781249765e-05
1.761702589218750044e-05
1.600417271406249825e-05
1.509932698593749983e-05
1.490630340312499884e-05
1.456832139843749997e-05
1.372374785624999961e-05
1.308669373906249986e-05
1.295241646406249946e-05
1.266784019374999990e-05
1.224822370937499951e-05
1.174010629374999887e-05
1.059646063906249933e-05
9.268183731250000088e-06
9.142298785937499295e-06
1.087874809218749931e-05
1.369323029374999952e-05
1.581877852187499813e-05
1.591338296562500010e-05
1.399611710156249914e-05
1.123504063437499993e-05
9.307093623437499779e-06
9.223933265624999111e-06
1.094207203437499907e-05
1.369933380624999954e-05
1.543578311249999786e-05
1.494597623437499896e-05
1.424025760156249985e-05
1.495742032031249857e-05
1.600188389687499867e-05
1.633681414531249753e-05
1.647414317656249963e-05
1.726073334999999982e-05
1.862410545468750001e-05
1.970366422812499767e-05
2.032774838125000035e-05
2.097319482812499801e-05
2.126387461093749928e-05
2.070464027812500061e-05
1.992949419062499833e-05
2.000731397499999772e-05
2.085112457812499765e-05
2.092894436250000042e-05
1.979445397656249921e-05
1.868819233593749850e-05
1.817549728593750039e-05
1.809767750156249762e-05
1.847914703281250043e-05
1.953429175624999802e-05
2.142485475312499933e-05
2.288512011874999769e-05
2.246397775624999984e-05
2.151793331875000045e-05
2.158583489531249938e-05
2.154539912499999884e-05
2.050627612187499833e-05
1.958311985624999817e-05
1.969145720312499764e-05
1.984862265000000064e-05
1.910552000312499930e-05
1.864775656562499796e-05
1.944884258124999777e-05
2.076262364687499908e-05
2.192076514374999825e-05
2.280501151718749872e-05
2.345427265937500021e-05
2.344969502499999765e-05
2.258681094531249893e-05
2.221525962187499996e-05
2.272337703749999891e-05
2.261809144687499775e-05
2.171706041406249807e-05
2.102049705000000069e-05
2.084502106562499763e-05
2.111891618906249971e-05
2.101134178124999897e-05
1.979826867187499964e-05
1.884154308749999768e-05
1.918181390937499783e-05
1.977995813437499959e-05
1.994475297187500007e-05
2.014464300624999981e-05
2.119139539999999780e-05
2.300413861249999973e-05
2.358092054374999973e-05
2.145842407187499774e-05
1.822508832499999926e-05
1.643218152812499824e-05
1.649474253124999927e-05
1.692961779687499800e-05
1.656874762031249821e-05
1.595458167499999938e-05
1.623076561562499765e-05
1.665038209999999803e-05
1.535414863281249804e-05
1.276854815000000019e-05
1.138305081249999952e-05
1.166915296093749993e-05
1.192550048593749899e-05
1.194457396249999947e-05
1.271361653750000003e-05
1.419448125781249972e-05
1.561507379218749796e-05
1.620864038281250055e-05
1.562194024375000010e-05
1.455992906874999867e-05
1.434401731406250016e-05
1.540602848906249989e-05
1.688002675781249913e-05
1.803282768125000039e-05
1.882628430624999933e-05
1.865538595624999883e-05
1.740035119843749811e-05
1.674651242187500085e-05
1.740569177187499940e-05
1.760710768437499999e-05
1.609954009687499896e-05
1.428984864062499873e-05
1.380767115312499901e-05
1.403121229843750009e-05
1.383208520312499908e-05
1.336745531406249899e-05
1.308898255624999944e-05
1.278456987031249897e-05
1.208190299374999987e-05
1.148375876874999981e-05
1.235884987343749857e-05
1.463622297499999890e-05
1.596755163906249814e-05
1.500167078593749955e-05
1.269530599999999998e-05
1.075438902499999937e-05
1.045150221718749975e-05
1.147002586562499893e-05
1.277770341875000022e-05
1.380156764062499899e-05
1.383818871562499910e-05
1.269759481718749956e-05
1.118544959531249936e-05
9.914393117187499866e-06
9.220881509374999102e-06
9.455866740624999792e-06
9.934229532812499078e-06
9.780115842187499473e-06
9.410090396874999657e-06
9.188075129687499430e-06
8.871455418749998924e-06
8.334346318749999042e-06
8.037563023437499442e-06
8.967585740625000053e-06
1.119460486406249939e-05
1.370085968437499869e-05
1.487120820624999959e-05
1.333922656875000017e-05
9.987635267187500081e-06
6.988521812499999329e-06
5.255887201562499751e-06
4.998776737499999420e-06
6.521603106249999653e-06
8.814234989062499180e-06
9.693903728124998796e-06
8.501429973437499109e-06
7.294460376562499803e-06
8.113856929687499666e-06
1.021956874218749907e-05
1.177596442968750025e-05
1.231612528593750014e-05
1.211394643437499912e-05
1.154631977187499915e-05
1.097640429218749959e-05
1.004027806249999897e-05
8.715052910937499736e-06
8.412166103125000118e-06
9.923548385937499893e-06
1.197738034218749914e-05
1.349181438124999893e-05
1.485289766874999953e-05
1.582564497343750027e-05
1.522444899218749851e-05
1.340636520624999868e-05
1.222304672031249902e-05
1.237334571562499988e-05
1.283721266562499955e-05
1.273421589218749967e-05
1.266784019374999990e-05
1.328734671250000002e-05
1.376952419999999974e-05
1.320800104999999979e-05
1.194304808437499862e-05
1.147460349999999979e-05
1.284255323906249914e-05
1.465148175624999894e-05
1.496123501562499900e-05
1.436385372968749937e-05
1.452788562812499943e-05
1.531218698437500003e-05
1.567992361249999857e-05
1.564025078125000015e-05
1.582106733906249772e-05
1.635588762187499971e-05
1.682051751093749980e-05
1.684187980468749817e-05
1.603545321562500046e-05
1.444396233125000003e-05
1.344603803749999879e-05
1.389922384062499928e-05
1.477889257968749889e-05
1.541976139218750077e-05
1.595763343124999769e-05
1.618117457656249877e-05
1.607817780312500059e-05
1.583022260781249944e-05
1.540908024531249820e-05
1.464385236562499977e-05
1.349791789374999895e-05
1.287154492343750007e-05
1.393431903749999853e-05
1.579665328906249764e-05
1.614760525781250037e-05
1.460570541249999881e-05
1.269225424374999997e-05
1.139830959374999956e-05
1.071853088906249968e-05
1.060943060312499979e-05
1.131438629687500016e-05
1.296691230624999908e-05
1.500930017656249872e-05
1.583632612031249945e-05
1.411437265624999906e-05
1.031264730781250019e-05
6.205746334374999573e-06
3.830717032812499804e-06
4.749295664062499959e-06
8.680720653124999211e-06
1.312712950937499870e-05
1.557158626562499910e-05
1.536101508437500018e-05
1.330565725000000008e-05
1.095122730312499910e-05
1.006316623437499988e-05
1.112288859218750002e-05
1.333312305625000016e-05
1.590270181875000092e-05
1.784895936718749774e-05
1.835478796562500049e-05
1.753539141250000063e-05
1.647948374999999753e-05
1.676100826406250047e-05
1.841353427343749770e-05
1.918028803125000037e-05
1.763152173437500006e-05
1.576537278749999882e-05
1.574401049375000045e-05
1.652907478906249979e-05
1.685179801249999862e-05
1.710280496406249809e-05
1.758803420781249782e-05
1.824263592343750058e-05
1.875304215624999912e-05
1.888121591874999949e-05
1.883086194062499850e-05
1.875914566874999914e-05
1.904753663437499744e-05
1.964110322500000003e-05
1.932143175781249951e-05
1.830367104843750076e-05
1.867522237187499974e-05
2.054976364843750058e-05
2.154158442968749841e-05
2.002867626874999947e-05
1.700133406875000075e-05
1.480330662968749896e-05
1.445388053906249879e-05
1.503447716562499922e-05
1.565932425781249893e-05
1.631163715624999873e-05
1.679991815625000016e-05
1.679991815625000016e-05
1.643141858906249951e-05
1.603469027656249834e-05
1.537245917031249809e-05
1.433257322812499885e-05
1.396941423437499948e-05
1.450881215156249895e-05
1.547698182187500052e-05
1.695174302968749849e-05
1.787947692968749783e-05
1.710127908593750062e-05
1.554946103281249861e-05
1.507414999687499934e-05
1.601790561718749914e-05
1.693343249218749844e-05
1.692427722343750010e-05
1.613082059843749778e-05
1.489714813437499882e-05
1.458510605781249917e-05
1.614379056249999993e-05
1.793898617656250054e-05
1.870497699531249771e-05
1.957549046562500068e-05
2.065886393437499878e-05
2.078703769687499916e-05
2.022856630312499921e-05
1.946867899687499868e-05
1.827544230312500026e-05
1.714858130781249992e-05
1.699141586093750030e-05
1.759642653750000081e-05
1.764983227187500012e-05
1.681822869375000022e-05
1.639250869687499982e-05
1.685866446406250076e-05
1.745604575000000039e-05
1.784132997656250025e-05
1.793669735937499757e-05
1.791762388281249878e-05
1.826476115624999769e-05
1.880568495156249970e-05
1.924056021718749843e-05
1.930388415937499819e-05
1.866683004218750014e-05
1.821898481249999924e-05
1.880797376874999928e-05
1.981429039218750011e-05
2.068022622812500054e-05
2.096022486406249924e-05
2.012556952968749764e-05
1.870039936093749854e-05
1.779631657187500055e-05
1.815337205312499990e-05
1.971663419218749983e-05
2.177962141718749910e-05
2.389601437656249769e-05
2.552336339687499950e-05
2.594374282031249862e-05
2.543486246562499755e-05
2.450026211406249946e-05
2.331541774999999726e-05
2.247618478124999988e-05
2.209776700624999877e-05
2.173918564687499856e-05
2.175368148906249818e-05
2.230833818749999769e-05
2.244566721874999979e-05
2.181242779687499878e-05
2.140425539843749970e-05
2.182005718749999965e-05
2.206496062656249909e-05
2.087248687187499941e-05
1.834258094062500045e-05
1.606902253437499887e-05
1.592024941718749885e-05
1.747206747031249748e-05
1.819457076249999917e-05
1.749037800781249753e-05
1.747206747031249748e-05
1.945113139843750074e-05
2.246092599999999814e-05
2.478026074999999817e-05
2.548063880937499938e-05
2.492903386718749818e-05
2.387922971718749849e-05
2.265471252187499786e-05
2.161635245781249947e-05
2.099837181718750020e-05
2.075041662187499905e-05
2.074355017031250030e-05
2.042006400781249935e-05
1.949233010781250002e-05
1.864317893124999880e-05
1.872405047187499988e-05
1.957701634374999815e-05
2.001418042656249985e-05
1.977156580468749999e-05
2.011107368749999802e-05
2.104109640468750033e-05
2.070845497343749766e-05
1.855238918281250065e-05
1.618651515000000006e-05
1.512450397499999864e-05
1.542205020937500036e-05
1.665038209999999803e-05
1.846922882499999998e-05
1.973799648593749820e-05
1.954497290312500059e-05
1.817091965156249783e-05
1.648863901874999925e-05
1.544493838124999958e-05
1.463240827968749846e-05
1.329497610312499920e-05
1.252898528437499864e-05
1.372756255156250004e-05
1.678999994843749971e-05
2.057036300312500021e-05
2.338255638749999745e-05
2.386625975312499972e-05
2.202147310000000024e-05
1.873167986250000075e-05
1.567687185625000026e-05
1.523589307812499981e-05
1.781844180468749765e-05
2.105864400312499826e-05
2.251356879531249872e-05
2.127074106249999803e-05
1.836852086874999799e-05
1.598967687187499863e-05
1.543959780781249829e-05
1.642760389374999907e-05
1.725005220312500064e-05
1.665038209999999803e-05
1.552504698281249854e-05
1.491622161093749930e-05
1.457442491093749999e-05
1.431273681249999964e-05
1.465071881718749852e-05
1.607588898593749762e-05
1.856764796406249900e-05
2.114638199531249809e-05
2.237242506874999957e-05
2.171019396249999932e-05
1.956557225781250023e-05
1.712187844062500026e-05
1.553801694687500070e-05
1.476592261562500012e-05
1.443785881875000001e-05
1.453246326249999859e-05
1.520842727187499973e-05
1.638640518437499980e-05
1.695403184687499807e-05
1.642150038124999905e-05
1.584777020625000076e-05
1.590880533125000094e-05
1.686553091562499951e-05
1.855467800000000023e-05
1.948470071718749915e-05
1.869658466562499811e-05
1.729964324218749951e-05
1.662596804999999796e-05
1.638793106250000065e-05
1.564940604999999848e-05
1.449660512656249891e-05
1.371611846562499874e-05
1.362761753437500017e-05
1.412200204687499993e-05
1.463774885312499975e-05
1.415938606093749877e-05
1.265715904687499902e-05
1.135634794531249986e-05
1.143187891249999966e-05
1.272582356250000007e-05
1.410750620468749862e-05
1.557311214374999995e-05
1.738738123437499935e-05
1.830977456093750078e-05
1.737364833124999846e-05
1.542967959999999784e-05
1.372374785624999961e-05
1.250991180781249986e-05
1.184996951874999919e-05
1.207808829843749944e-05
1.275405230781249888e-05
1.308593079999999943e-05
1.374663602812499883e-05
1.577605393437499801e-05
1.785048524531249859e-05
1.807021169531249923e-05
1.686095328125000034e-05
1.550139587187500059e-05
1.459426132656249920e-05
1.448439810156249888e-05
1.492308806249999974e-05
1.471709451562499998e-05
1.344756391562499965e-05
1.271972005000000005e-05
1.372756255156250004e-05
1.546096010156250005e-05
1.656493292499999778e-05
1.622466210312499763e-05
1.433409910624999971e-05
1.240462621718749870e-05
1.165160536249999861e-05
1.184691776249999918e-05
1.288451488749999884e-05
1.411437265624999906e-05
1.425170168749999946e-05
1.364440219374999938e-05
1.329421316406249877e-05
1.281585037187499949e-05
1.201705317343749926e-05
1.188353883749999929e-05
1.259459804374999968e-05
1.281737624999999864e-05
1.204833367499999977e-05
1.122893712187499991e-05
1.069335389999999919e-05
1.017837003281249979e-05
9.521479499999999137e-06
8.370967393749999150e-06
7.139583746874999772e-06
7.495876289062499547e-06
1.027984092812499882e-05
1.395644427031249902e-05
1.606215608281250012e-05
1.542815372187500037e-05
1.357344886093749874e-05
1.316680234062499882e-05
1.475218971249999924e-05
1.712798195312500028e-05
1.928557362187499814e-05
2.065657511718749920e-05
2.104567403906249949e-05
2.033766658906249741e-05
1.856383326874999856e-05
1.661604984218750089e-05
1.584624432812499991e-05
1.695098009062499976e-05
1.930541003749999904e-05
2.162703360468749866e-05
2.328413724843749844e-05
2.377012943125000029e-05
2.261046205625000027e-05
2.093352199687499959e-05
2.055205246562500016e-05
2.177885847812500037e-05
2.358244642187499719e-05
2.458342247187500013e-05
2.387236326562499974e-05
2.195509740156249877e-05
2.022093691249999834e-05
1.968153899531250057e-05
2.037657648125000049e-05
2.134703496874999995e-05
2.183607890781250012e-05
2.176665145312500034e-05
2.134856084687499742e-05
2.095793604687499966e-05
2.075117956093749778e-05
2.047346974218749866e-05
1.972350064374999858e-05
1.880263319531249799e-05
1.885985362499999774e-05
2.008055612499999793e-05
2.103880758749999735e-05
2.086562042031250066e-05
2.034300716249999870e-05
2.051390551249999920e-05
2.126234873281249843e-05
2.192229102187499910e-05
2.293547409687499868e-05
2.484282175312499920e-05
2.642973500312499708e-05
2.664183206250000024e-05
2.567137357499999739e-05
2.344053975624999932e-05
2.089079740937499946e-05
2.020720400937499746e-05
2.178267317343749742e-05
2.374495244218749809e-05
2.427977272500000009e-05
2.336424584999999740e-05
2.219542320624999905e-05
2.121123181562499871e-05
2.015990178749999816e-05
1.969908659374999851e-05
2.068709267968749929e-05
2.282484793281249963e-05
2.495878849062499954e-05
2.595137221093749949e-05
2.575529687187500018e-05
2.480086010468749780e-05
2.278746391874999740e-05
2.023543275468749796e-05
1.863020896718750003e-05
1.826552409531249981e-05
1.857756617187499945e-05
1.899794559531249857e-05
1.915129634687499775e-05
1.888121591874999949e-05
1.768950510312499854e-05
1.598052160312500030e-05
1.533354927812499840e-05
1.636809464687499974e-05
1.849211699687499920e-05
2.089232328750000031e-05
2.282637381093750048e-05
2.354811416406250006e-05
2.266615660781249916e-05
2.107695454062499831e-05
2.023238099843749965e-05
2.033537777187499783e-05
2.101973411093749857e-05
2.257689273749999848e-05
2.454374964062499832e-05
2.562712310937499980e-05
2.545775063750000015e-05
2.396086419687499830e-05
2.175139267187499860e-05
2.098845360937499975e-05
2.253264227187499750e-05
2.441862763437499965e-05
2.476805372499999813e-05
2.422865580781250036e-05
2.373350835625000018e-05
2.288588305781249981e-05
2.183684184687499885e-05
2.134398321249999825e-05
2.210615933593749837e-05
2.425535867500000002e-05
2.642363149062499706e-05
2.766035571093749772e-05
2.821272359218749765e-05
2.737959413593750029e-05
2.482603709375000000e-05
2.251280585624999998e-05
2.227476886874999929e-05
2.370299079375000009e-05
2.540434490312499746e-05
2.654188704531250037e-05
2.665403908750000028e-05
2.547529823593749809e-05
2.345961323281249810e-05
2.162016715312499991e-05
2.067564859374999798e-05
2.086638335937499939e-05
2.172850449999999938e-05
2.193678686406249872e-05
2.115630020312499855e-05
2.039412407968749843e-05
2.014311712812499896e-05
2.042693045937499810e-05
2.126005991562499885e-05
2.244261546249999808e-05
2.369536140312499922e-05
2.416075423124999804e-05
2.341841452343749883e-05
2.295607345156249832e-05
2.398833000312500008e-05
2.530516282499999971e-05
2.536162031562499733e-05
2.507170347187499818e-05
2.601317027499999840e-05
2.737196474531249942e-05
2.761610524531250013e-05
2.678831636249999728e-05
2.519377372187499853e-05
2.343062154843749887e-05
2.323073151406249913e-05
2.468718218437500044e-05
2.603605844687499762e-05
2.689894252656249972e-05
2.740782288124999741e-05
2.666853492968749990e-05
2.451170619999999738e-05
2.182921245624999798e-05
1.957396458749999983e-05
1.843642244531250031e-05
1.861571312500000041e-05
1.967696136093749802e-05
2.022932924218749794e-05
1.972655240000000028e-05
1.949614480312500045e-05
1.950148537656249835e-05
1.851195341250000010e-05
1.748808919062499795e-05
1.804198294999999873e-05
1.936186752812500006e-05
1.984557089374999894e-05
1.941985089687499853e-05
1.883391369687500020e-05
1.847609527656249873e-05
1.850584990000000009e-05
1.933745347812499999e-05
2.055281540468749889e-05
2.116316665468750068e-05
2.154158442968749841e-05
2.209166349374999875e-05
2.186583353124999809e-05
2.028654967187499769e-05
1.787413635624999993e-05
1.556548275312499908e-05
1.471404275937499997e-05
1.581877852187499813e-05
1.724318575156249850e-05
1.742018761406249902e-05
1.695555772499999893e-05
1.720122410312500049e-05
1.787795105156250036e-05
1.791457212656250047e-05
1.786345520937500074e-05
1.861800194218749999e-05
1.954802465937499891e-05
2.009428902812499882e-05
2.050856493906249792e-05
2.078627475781250042e-05
2.089308622656249904e-05
2.104338522187499991e-05
2.097243188906249928e-05
1.993178300781249792e-05
1.804045707187499787e-05
1.647185435937500005e-05
1.584548138906249779e-05
1.586836956093750039e-05
1.613616117187499906e-05
1.641692274687499989e-05
1.696471299375000065e-05
1.821669599531249966e-05
1.987532551718750029e-05
2.153853267343750009e-05
2.316054112031249723e-05
2.420958233124999819e-05
2.391585079218749860e-05
2.215956507031249768e-05
1.982344566093749845e-05
1.821059248281249964e-05
1.807860402499999883e-05
1.943739849531249986e-05
2.130583625937500068e-05
2.239836499687500050e-05
2.285231373906249802e-05
2.291029710781249988e-05
2.147063109687499777e-05
1.900404910781249858e-05
1.795195614062499931e-05
1.890562996874999957e-05
2.028273497656250064e-05
2.120131360781249825e-05
2.238310621562499876e-05
2.443693817187499970e-05
2.629774654531249965e-05
2.667769019843749823e-05
2.644651966249999967e-05
2.767485155312499734e-05
3.084562629687499818e-05
3.423231279531249922e-05
3.583295894843750137e-05
3.474729666249999692e-05
3.162992765312499539e-05
2.881010487812499729e-05
2.759550589062499711e-05
2.700193929999999791e-05
2.643965321093749753e-05
2.655485700937499914e-05
2.790373327187499971e-05
3.014448529843749824e-05
3.133695905312500131e-05
2.968672186093750028e-05
2.695158532187500030e-05
2.640837270937499871e-05
2.797621248281249780e-05
2.926100186406249988e-05
2.938154623593749939e-05
2.875517326562499712e-05
2.729643377812499962e-05
2.499540956562499965e-05
2.307280312812499739e-05
2.238463209374999961e-05
2.244108958437500062e-05
2.352446305312499872e-05
2.598570446875000001e-05
2.840651011406249737e-05
2.901533548593749831e-05
2.720030345625000019e-05
2.467650103749999786e-05
2.401884756562500017e-05
2.501753479843750013e-05
2.576597801874999937e-05
2.559813142499999718e-05
2.480391186093749951e-05
2.398222649062500006e-05
2.345808735468749725e-05
2.302016033281250020e-05
2.317198520624999853e-05
2.460020713124999933e-05
2.664106912343749812e-05
2.791975499218750018e-05
2.815855491874999961e-05
2.868193111562500030e-05
2.996443167968749940e-05
3.047636379062499879e-05
2.968367010468749858e-05
2.918318207968749711e-05
3.006437669687499927e-05
3.143842994843749526e-05
3.176267904999999832e-05
3.078916880624999716e-05
2.923124724062499852e-05
2.742689635781249958e-05
2.583311665624999956e-05
2.461546591249999768e-05
2.361677867968749772e-05
2.366026620624999996e-05
2.511290218124999745e-05
2.678450166718750024e-05
2.709883256093749946e-05
2.524489063906249826e-05
2.239073560624999963e-05
2.076567540312499740e-05
2.071455848593749767e-05
2.139204837343749966e-05
2.263640198437499781e-05
2.409132677656249826e-05
2.543486246562499755e-05
2.616575808749999884e-05
2.522123952812500031e-05
2.321928742812499782e-05
2.200621431874999850e-05
2.221068198749999740e-05
2.322996857500000039e-05
2.382887573906249749e-05
2.356718764062499884e-05
2.355650649374999966e-05
2.421415996562499735e-05
2.467344928124999955e-05
2.464140584062499861e-05
2.468489336718749746e-05
2.540815959843749789e-05
2.681730804687499991e-05
2.845304939687499793e-05
2.997740164374999817e-05
3.068235733749999854e-05
2.990110773749999964e-05
2.812040796562499865e-05
2.634733758437499853e-05
2.549055701718749983e-05
2.589949235468749764e-05
2.678526460624999897e-05
2.673109593281249754e-05
2.477415723749999815e-05
2.185210062812500059e-05
2.018889347187499740e-05
2.041090873906249763e-05
2.162245597031249949e-05
2.311323889843749793e-05
2.408522326406249825e-05
2.431486792187499934e-05
2.477110548124999983e-05
2.559202791249999716e-05
2.563017486562499812e-05
2.440870942656249919e-05
2.244261546249999808e-05
2.050627612187499833e-05
1.998900343749999766e-05
2.180098371093749747e-05
2.439421358437499958e-05
2.549208289531249729e-05
2.456282311718750049e-05
2.321623567187499951e-05
2.392576899999999905e-05
2.635191521874999770e-05
2.735441714687499810e-05
2.620390504062499980e-05
2.557066561874999879e-05
2.726133858125000036e-05
3.031080601406249957e-05
3.296964864687499763e-05
3.453138490781249671e-05
3.523252590624999665e-05
3.579099729999999659e-05
3.675916697031249986e-05
3.754117950937500088e-05
3.688352603749999641e-05
3.483274583749999717e-05
3.297727803749999850e-05
3.225858944062500063e-05
3.237150442187499588e-05
3.283613431093749597e-05
3.274534456249999782e-05
3.143461525312500160e-05
2.972181705781249954e-05
2.861555541718749883e-05
2.813719262499999785e-05
2.793806552968750023e-05
2.804106230312499842e-05
2.857130495156249786e-05
2.912672458906249948e-05
2.894361921406249895e-05
2.756193657187499871e-05
2.551802282343749821e-05
2.380827638437499786e-05
2.305296671249999988e-05
2.349852312499999779e-05
2.447966275937499983e-05
2.507933286249999904e-05
2.500761659062499968e-05
2.359923108124999978e-05
2.091368558124999868e-05
1.878508559687500006e-05
1.838149083281250015e-05
1.902770021874999992e-05
1.954039526874999804e-05
1.944350200781249987e-05
1.891020760312499873e-05
1.845854767812500079e-05
1.864699362656249923e-05
1.922301261875000050e-05
1.917113276249999865e-05
1.823729534999999930e-05
1.802367241249999867e-05
1.999434401093749895e-05
2.283095144531249965e-05
2.393721308593750035e-05
2.277678277187499822e-05
2.099455712187499977e-05
1.969298308124999849e-05
1.849669463124999837e-05
1.769408273749999770e-05
1.843260774999999987e-05
2.027129089062499934e-05
2.160033073749999900e-05
2.239836499687500050e-05
2.344206563437500017e-05
2.358015760468749761e-05
2.169264636406249800e-05
1.945342021562500033e-05
1.881865491562499846e-05
1.971663419218749983e-05
2.125090464687500052e-05
2.271574764687499804e-05
2.335890527656249950e-05
2.256621159062499929e-05
2.099532006093749850e-05
2.001189160937500027e-05
1.979292809843749836e-05
1.992873125156249960e-05
2.048796558437499828e-05
2.153014034375000049e-05
2.266615660781249916e-05
2.278136040624999738e-05
2.149962278125000040e-05
2.060088056562500030e-05
2.183226421249999968e-05
2.474821730937499723e-05
2.730558904687499795e-05
2.749250911718749893e-05
2.549513465156249899e-05
2.337263817968750039e-05
2.216109094843749853e-05
2.165221059374999746e-05
2.145384643749999857e-05
2.115477432499999769e-05
2.063902751874999788e-05
1.967467254374999843e-05
1.853560452343749806e-05
1.855620387812499769e-05
1.982573447812499803e-05
2.093657375312499790e-05
2.130431038124999983e-05
2.117461074062499860e-05
2.072676551093749771e-05
2.026213562187499762e-05
2.032011899062499948e-05
2.102049705000000069e-05
2.142866944843749977e-05
2.111281267656249969e-05
2.128599984374999977e-05
2.224043661093749876e-05
2.250899116093749955e-05
2.172087510937499851e-05
2.081145174687499923e-05
2.027586852499999850e-05
1.981047569687499968e-05
1.852492337656249887e-05
1.610488067031250024e-05
1.334456714218749977e-05
1.184615482343749876e-05
1.285628614218750003e-05
1.475066383437500008e-05
1.476592261562500012e-05
1.330718312812499923e-05
1.233367288437499976e-05
1.246184664687500014e-05
1.328429495625000001e-05
1.330489431093749965e-05
1.176299446562499978e-05
1.050567089062499948e-05
1.101149948906249885e-05
1.250151947812499856e-05
1.391524556093749975e-05
1.465911114687499981e-05
1.436461666874999979e-05
1.343077925624999875e-05
1.294860176874999903e-05
1.362303989999999931e-05
1.527938060468750036e-05
1.712187844062500026e-05
1.792525327343749965e-05
1.743773521250000034e-05
1.701888166718749869e-05
1.713866309999999946e-05
1.707305034062500012e-05
1.721419406718749926e-05
1.790465391875000002e-05
1.831892982968749911e-05
1.808852223281249929e-05
1.751250324062499802e-05
1.726073334999999982e-05
1.773070381249999781e-05
1.797942194687499770e-05
1.772841499531249823e-05
1.822051069062500010e-05
1.972044888750000026e-05
2.174223740312500026e-05
2.412108139999999962e-05
2.615202518437499796e-05
2.687758023281249797e-05
2.592238052656250025e-05
2.456892662968750051e-05
2.478407544531249860e-05
2.571028346718749708e-05
2.515715264687499843e-05
2.345274678124999935e-05
2.204665008906249904e-05
2.124403819531249838e-05
2.098387597500000058e-05
2.150496335468749830e-05
2.237242506874999957e-05
2.245253367031249854e-05
2.214812098437499976e-05
2.332686183593749856e-05
2.564009307343749857e-05
2.649687364062499727e-05
2.528532640937499880e-05
2.421034527031250031e-05
2.521284719843749732e-05
2.750090144687499853e-05
2.863005125937499845e-05
2.755354424218749910e-05
2.510679866874999743e-05
2.306364785937499906e-05
2.330473660312499807e-05
2.572172755312499839e-05
2.786177162343749831e-05
2.816771018749999794e-05
2.763594166093749765e-05
2.778776653437499937e-05
2.858427491562500001e-05
2.889173935781249710e-05
2.850874394843750021e-05
2.803877348593749883e-05
2.802885527812499838e-05
2.882994129374999819e-05
2.970579533749999907e-05
2.973554996093749704e-05
2.942884845781249868e-05
2.964247139531249930e-05
2.992094415312499716e-05
2.971495060624999740e-05
2.968977361718749860e-05
3.000563038906249868e-05
3.004530322031249710e-05
2.965467842031249934e-05
2.849195928906249762e-05
2.612989995156249747e-05
2.346495380624999939e-05
2.209624112812499792e-05
2.215803919218750021e-05
2.248228829374999990e-05
2.247923653749999819e-05
2.230604937031249811e-05
2.236021804374999954e-05
2.304457438281250027e-05
2.391737667031249945e-05
2.447050749062499811e-05
2.498243960156249749e-05
2.520674368593749730e-05
2.464293171874999946e-05
2.348555316093749903e-05
2.216490564374999896e-05
2.149351926875000038e-05
2.181471661406249836e-05
2.206801238281249741e-05
2.193602392499999999e-05
2.228392413749999762e-05
2.269209653593750009e-05
2.212218105624999884e-05
2.099837181718750020e-05
1.999892164531249811e-05
1.865538595624999883e-05
1.688460439218749829e-05
1.565932425781249893e-05
1.493453214843749935e-05
1.380919703124999986e-05
1.269683187812499914e-05
1.269378012187499913e-05
1.353453896874999905e-05
1.369399323281249994e-05
1.276168169843749975e-05
1.196212156093749910e-05
1.162795425156249896e-05
1.175383919687499976e-05
1.313170714374999957e-05
1.500548548124999998e-05
1.586760662187499828e-05
1.604155672812500048e-05
1.606063020468749927e-05
1.542052433124999950e-05
1.468657695312499989e-05
1.521758254062499976e-05
1.679228876562499929e-05
1.777800603437500049e-05
1.749877033750000052e-05
1.703795514375000086e-05
1.663741213593749926e-05
1.536406684062499849e-05
1.349028850312499977e-05
1.216887804687499928e-05
1.200408320937499880e-05
1.288070019218750010e-05
1.420134770937500016e-05
1.527861766562499824e-05
1.568373830781249901e-05
1.547545594374999967e-05
1.489028168281250007e-05
1.379546412812499897e-05
1.273497883125000010e-05
1.328276907812499916e-05
1.548918884687500055e-05
1.753844316874999894e-05
1.811064746562499977e-05
1.692961779687499800e-05
1.501158899375000000e-05
1.404875989687499971e-05
1.445388053906249879e-05
1.556624569218749781e-05
1.667632202812499895e-05
1.734465664687499922e-05
1.753386553437499978e-05
1.713332252656249818e-05
1.609267364531250021e-05
1.462554182812499971e-05
1.341704635312499956e-05
1.385726219218749958e-05
1.591643472187499842e-05
1.723097872656249846e-05
1.626280905624999859e-05
1.449126455312499932e-05
1.391906025625000018e-05
1.409835093593749859e-05
1.395720720937499945e-05
1.403426405468750010e-05
1.499938196874999996e-05
1.624144676250000022e-05
1.651152719062499847e-05
1.561736260937500093e-05
1.470412455156249952e-05
1.457518784999999872e-05
1.474532326093749879e-05
1.407851452031249938e-05
1.286162671562499962e-05
1.268615073124999995e-05
1.336364061874999855e-05
1.358870764218749879e-05
1.302718449218749884e-05
1.183165898124999914e-05
1.075896665937500023e-05
1.047973096250000025e-05
1.088408866562499890e-05
1.193999632812499861e-05
1.326827323593749954e-05
1.417845953749999925e-05
1.445082878281249878e-05
1.418151129374999926e-05
1.394347430624999856e-05
1.435851315624999978e-05
1.507414999687499934e-05
1.520461257656249929e-05
1.486815644999999958e-05
1.450347157812499935e-05
1.367186799999999946e-05
1.272124592812499921e-05
1.276778521093749977e-05
1.357421179999999917e-05
1.424712405312499860e-05
1.451567860312499939e-05
1.385344749687499914e-05
1.201018672187499882e-05
1.041716995937499922e-05
1.010589082187500000e-05
1.014403777499999927e-05
1.006011447812499987e-05
1.025237512187499874e-05
1.077956601406249986e-05
1.176299446562499978e-05
1.272429768437499922e-05
1.295928291562499991e-05
1.291045481562499976e-05
1.318663875624999973e-05
1.361388463124999929e-05
1.379241237187499896e-05
1.324462212499999990e-05
1.213378285000000003e-05
1.195830686562499866e-05
1.323775567343749945e-05
1.388091330312499922e-05
1.198577267187499874e-05
8.216853703124999545e-06
4.180143123437499983e-06
1.242827732812500047e-06
8.666987750000000018e-07
3.141783059374999901e-06
6.110378951562499717e-06
8.319850476562499423e-06
1.010360200468749873e-05
1.146926292656250019e-05
1.193007812031249985e-05
1.186751711718749882e-05
1.168059704687499954e-05
1.162566543437499938e-05
1.156463030937499920e-05
1.069640565624999920e-05
8.999629181249999300e-06
7.476039873437499489e-06
7.034298156249999463e-06
7.319637365624999453e-06
7.287593924999999359e-06
7.238765825000000063e-06
8.377070906249999168e-06
1.091308034999999983e-05
1.354750893281249951e-05
1.407927745937499980e-05
1.196975095156249997e-05
9.410853335937500083e-06
8.108516356250000074e-06
8.145900370312498913e-06
9.626765090625000293e-06
1.187896120312500012e-05
1.319884578124999976e-05
1.310958191093749908e-05
1.262664148437499893e-05
1.247634248906249976e-05
1.238784155781249950e-05
1.178206794218750026e-05
1.105727583281249898e-05
1.131362335781249974e-05
1.254576994374999954e-05
1.351470255312499984e-05
1.365355746249999940e-05
1.353453896874999905e-05
1.343840864687499962e-05
1.365126864531249982e-05
1.439360835312499903e-05
1.463469709687499974e-05
1.397551774687499950e-05
1.380538233593749942e-05
1.442488885468749955e-05
1.425017580937499861e-05
1.295012764687499988e-05
1.212462758125000000e-05
1.231307352968750013e-05
1.240386327812499997e-05
1.168135998593749997e-05
1.028212974531250010e-05
8.788295060937499951e-06
7.873531124999999384e-06
7.847591196875000155e-06
8.798213268750000403e-06
1.057586128437499969e-05
1.294631295156249944e-05
1.546935243124999965e-05
1.729201385156249864e-05
1.808012990312499968e-05
1.783141176874999980e-05
1.662444217187500050e-05
1.507414999687499934e-05
1.402053115156249921e-05
1.432036620312499882e-05
1.575316576249999879e-05
1.719359471249999962e-05
1.821669599531249966e-05
1.816863083437499825e-05
1.657942876718750079e-05
1.496428677187499901e-05
1.450499745624999851e-05
1.463622297499999890e-05
1.511534870624999861e-05
1.565856131875000020e-05
1.575087694531249920e-05
1.594695228437499851e-05
1.694029894375000058e-05
1.858061792812499776e-05
1.992262773906249958e-05
2.043455984999999897e-05
2.109602801718750049e-05
2.250136177031249868e-05
2.389601437656249769e-05
2.486113229062499925e-05
2.492216741562499943e-05
2.338865989999999747e-05
2.135161260312499912e-05
2.054289719687499844e-05
2.111739031093749886e-05
2.218397912031249775e-05
2.288206836249999937e-05
2.309187660468749957e-05
2.304686319999999986e-05
2.263945374062499951e-05
2.189787697187499903e-05
2.102202292812499815e-05
2.002028393906249987e-05
1.928786243906249772e-05
1.956404637968749938e-05
2.095030665624999879e-05
2.255553044375000011e-05
2.324980499062499791e-05
2.326658965000000050e-05
2.359617932499999808e-05
2.377470706562499945e-05
2.311323889843749793e-05
2.277373101562499990e-05
2.363661509531249862e-05
2.461165121718749725e-05
2.483900705781249876e-05
2.465971637812499866e-05
2.424238871093749786e-05
2.325285674687499961e-05
2.207106413906249911e-05
2.197493381718749968e-05
2.334288355624999903e-05
2.465895343906249993e-05
2.432249731250000021e-05
2.292250413281249992e-05
2.185057474999999974e-05
2.142561769218749807e-05
2.204741302812499777e-05
2.369841315937499753e-05
2.501372010312499970e-05
2.523802418749999951e-05
2.455977136093749879e-05
2.309111366562499745e-05
2.175978500156249820e-05
2.181853130937499879e-05
2.264784607031249911e-05
2.302092327187499893e-05
2.315367466874999848e-05
2.324980499062499791e-05
2.270811825625000056e-05
2.142485475312499933e-05
1.987303670000000071e-05
1.865462301718750010e-05
1.851500516874999842e-05
1.950987770624999795e-05
2.055968185624999764e-05
2.104338522187499991e-05
2.148512693906249739e-05
2.138060428749999836e-05
1.981047569687499968e-05
1.759566359843749869e-05
1.574172167656250087e-05
1.461028304687499967e-05
1.446456168593749966e-05
1.524199659062499983e-05
1.639174575781249770e-05
1.681899163281249895e-05
1.569289357656250073e-05
1.348418499062499975e-05
1.169432994999999874e-05
1.162261367812499937e-05
1.335067065468749978e-05
1.544036074687500041e-05
1.639861220937499983e-05
1.666258912499999807e-05
1.723555636093749763e-05
1.781920474374999977e-05
1.775969549687500044e-05
1.720351292031250008e-05
1.717299535781249999e-05
1.827391642499999941e-05
1.936034164999999921e-05
1.885375011249999772e-05
1.706084331562500008e-05
1.565398368437499765e-05
1.536940741406249978e-05
1.566085013593749979e-05
1.604308260624999794e-05
1.658476934062499869e-05
1.727294037499999986e-05
1.778945012031249841e-05
1.829222696249999946e-05
1.906508423281249876e-05
1.915968867656250073e-05
1.728362152187499904e-05
1.434478025312499889e-05
1.306456850624999937e-05
1.417235602499999923e-05
1.557006038749999825e-05
1.580962325312499980e-05
1.545714540624999961e-05
1.539382146406249985e-05
1.578978683749999889e-05
1.632994769374999878e-05
1.688536733125000041e-05
1.730803557187499911e-05
1.729201385156249864e-05
1.701735578906249784e-05
1.689452259999999875e-05
1.731719084062500083e-05
1.828154581562500028e-05
1.920927971562499961e-05
1.963805146874999833e-05
1.975249232812499782e-05
2.053831956249999927e-05
2.231062700468749727e-05
2.379149172499999865e-05
2.370680548906250052e-05
2.234190750624999948e-05
2.060164350468749904e-05
1.901854494999999820e-05
1.860274316093749825e-05
1.915739985937499776e-05
1.863707541874999878e-05
1.707228740156249800e-05
1.688002675781249913e-05
1.827696818124999772e-05
1.905745484218749789e-05
1.862792015000000044e-05
1.814192796718749860e-05
1.806181936562499963e-05
1.808775929375000055e-05
1.828917520624999776e-05
1.867598531093749847e-05
1.867598531093749847e-05
1.806639699999999880e-05
1.721495700624999799e-05
1.688078969687499786e-05
1.773680732499999783e-05
1.940077742031249975e-05
2.066725626406249838e-05
2.033232601562499952e-05
1.822661420312500011e-05
1.566924246562499939e-05
1.417388190312500008e-05
1.417693365937500009e-05
1.467360698906249943e-05
1.441497064687499910e-05
1.382750756874999991e-05
1.355284950624999911e-05
1.260909388593749930e-05
1.072310852343749885e-05
9.536738281249999182e-06
1.029204795312499886e-05
1.230315532187499968e-05
1.359404821562500007e-05
1.339873581562499950e-05
1.275786700312499932e-05
1.207198478593749942e-05
1.125487704999999914e-05
1.080169124687499866e-05
1.060714178593750020e-05
1.032409139374999980e-05
1.018065884999999938e-05
9.852595053124999262e-06
8.920283518749999067e-06
7.742305606249998999e-06
7.116695574999999705e-06
8.155818578124999365e-06
1.010283906562500000e-05
1.078719540468749904e-05
1.064757755624999905e-05
1.090697683749999981e-05
1.096801196249999999e-05
1.078795834374999946e-05
1.085433404218749924e-05
1.073760436562500016e-05
1.022796107187499867e-05
9.928888959374999486e-06
1.013793426249999925e-05
1.024779748749999957e-05
9.973139424999998768e-06
9.908289604687499849e-06
1.012725311562500007e-05
9.721369534374998877e-06
8.158870334374999374e-06
6.687923821874999294e-06
7.116695574999999705e-06
8.728785814062498929e-06
9.644312689062499921e-06
1.000976049999999888e-05
1.031722494218749935e-05
1.034850544374999987e-05
1.034545368749999986e-05
9.986109389062499230e-06
8.917231762499999058e-06
8.583827392187499351e-06
9.914393117187499866e-06
1.154860858906249873e-05
1.179961554062499989e-05
9.850306235937499678e-06
6.833645182812499298e-06
5.250546628125000159e-06
5.580136303124999432e-06
6.512447837499999626e-06
7.514186826562499600e-06
8.477778862499999463e-06
9.004969754687498892e-06
8.825679074999998790e-06
7.839961806249999286e-06
6.347652999999999989e-06
5.247494871875000150e-06
4.936215734375000083e-06
4.829404265624999770e-06
4.866025340624999878e-06
5.343625193749999585e-06
5.761715799999999964e-06
5.995175153124999802e-06
6.431576296874999389e-06
7.091518585937500054e-06
8.260341229687500096e-06
9.904474909374999414e-06
1.145400414531250015e-05
1.276244463750000018e-05
1.330413137187499922e-05
1.240386327812499997e-05
1.092910207031250030e-05
1.009597261406249955e-05
9.794611684374999092e-06
9.838099210937499643e-06
1.024550867031249999e-05
1.018065884999999938e-05
8.830256709374999650e-06
7.048031059374999503e-06
6.304928412499999864e-06
6.606289342187499478e-06
7.479091629687499498e-06
9.040064951562499842e-06
1.067351748437499998e-05
1.106337934531249900e-05
1.012725311562500007e-05
9.486384303124999881e-06
1.028823325781250012e-05
1.149138815937499899e-05
1.169051525468750000e-05
1.142119776562499878e-05
1.164092421562499943e-05
1.193923338906249988e-05
1.178817145468750028e-05
1.137389554374999949e-05
1.122512242656249948e-05
1.175231331874999891e-05
1.263503381406250023e-05
1.322631158749999984e-05
1.366576448749999944e-05
1.464766706093749851e-05
1.630095600937499955e-05
1.720122410312500049e-05
1.566771658749999854e-05
1.312026305781249996e-05
1.201323847812499882e-05
1.211242055624999996e-05
1.274413410000000012e-05
1.403960462812499969e-05
1.545256777187500045e-05
1.649474253124999927e-05
1.672209837187500078e-05
1.554335752031249859e-05
