-2.048491382812499996e-05
-2.207602324296874764e-05
-2.149771543359375018e-05
-1.938475569999999928e-05
-1.747283040937499960e-05
-1.742247643124999860e-05
-1.843337068906249860e-05
-1.925810781562499975e-05
-2.041319755625000060e-05
-2.169913134609374739e-05
-2.152098507499999877e-05
-2.012785834687500061e-05
-1.954497290312500059e-05
-1.886252391171875007e-05
-1.611632475624999816e-05
-1.435164670468749933e-05
-1.617926722890624855e-05
-1.812285449062499981e-05
-1.799811395390625050e-05
-1.729277679062500076e-05
-1.573790698125000044e-05
-1.321601191015625002e-05
-1.205748894374999980e-05
-1.318282406093749929e-05
-1.499709315156249869e-05
-1.593093056406249804e-05
-1.571311146171874761e-05
-1.536635565781249808e-05
-1.609267364531250021e-05
-1.742857994374999862e-05
-1.730956144999999996e-05
-1.539038823828124878e-05
-1.508940877812499938e-05
-1.819876692734374897e-05
-2.057112594218749895e-05
-1.813658739375000070e-05
-1.336631090546874919e-05
-1.186065066562500007e-05
-1.413001290703125017e-05
-1.573523669453124810e-05
-1.501616662812499917e-05
-1.476744849374999928e-05
-1.658629521874999954e-05
-1.893462165312499880e-05
-2.055472275234374911e-05
-2.128104073984374785e-05
-2.104948873437499993e-05
-2.020338931406250041e-05
-1.933211290468749870e-05
-1.891554817656250002e-05
-1.910208677734374824e-05
-1.999205519374999937e-05
-2.110747210312499840e-05
-2.055739303906249806e-05
-1.743582786484375012e-05
-1.354789040234374888e-05
-1.184462894531249960e-05
-1.326979911406249870e-05
-1.590422769687499838e-05
-1.924590079062499972e-05
-2.319983248203124967e-05
-2.444647491015624740e-05
-2.230910112656249981e-05
-2.064703837890624811e-05
-2.104948873437499993e-05
-2.189635109374999818e-05
-2.253912725390625027e-05
-2.479590100078124927e-05
-3.019140605078124816e-05
-3.543623063593749682e-05
-3.485029343593749510e-05
-2.940977498124999989e-05
-2.464827229218749736e-05
-2.141722536249999846e-05
-1.775473639296874852e-05
-1.435469846093749934e-05
-1.277617754062499937e-05
-1.276320757656249891e-05
-1.374625455859374946e-05
-1.562346612187500095e-05
-1.781691592656250018e-05
-1.892165168906250004e-05
-1.878661147499999752e-05
-1.935385666796874982e-05
-2.107657307109374895e-05
-2.287405750234374914e-05
-2.395437921484374892e-05
-2.331427334140624916e-05
-2.099112389609374870e-05
-1.828001993749999942e-05
-1.703261457031249958e-05
-1.906661011093749961e-05
-2.268599302343750007e-05
-2.404516896328125046e-05
-2.312124975859374817e-05
-2.196501560937499922e-05
-2.076414952499999994e-05
-1.905173279921875063e-05
-1.758269363437499992e-05
-1.780089420624999971e-05
-1.915739985937499776e-05
-2.043455984999999897e-05
-2.152937740468749837e-05
-2.063673870156249829e-05
-1.703375897890624767e-05
-1.547164124843749923e-05
-1.935690842421874814e-05
-2.432249731250000021e-05
-2.508505490546874970e-05
-2.221792990859374891e-05
-1.890791878593749915e-05
-1.697768295781249941e-05
-1.641501539921874967e-05
-1.740569177187499940e-05
-2.177275496562500035e-05
-2.832296828671874734e-05
-3.052290307343749935e-05
-2.422255229531250034e-05
-1.305159854218749891e-05
-3.276060334374999871e-06
2.023314393750000007e-06
3.764341334374999610e-06
5.637738202343749389e-06
9.813685160937499571e-06
1.329840932890624857e-05
1.270827596406249875e-05
9.784312007031249273e-06
8.369441515624999992e-06
9.891504945312498952e-06
1.219405503593749978e-05
1.233710611015624914e-05
1.088828483046874870e-05
1.025924157343749918e-05
1.076239988515624960e-05
1.094016468671874885e-05
1.045531691250000018e-05
1.075019286015624957e-05
1.190375672265624956e-05
1.190871582656249979e-05
1.097106371875000000e-05
1.142806421718749923e-05
1.296462348906249950e-05
1.306494997578124873e-05
1.103553206953124956e-05
8.884425382812499386e-06
8.480449149218750106e-06
9.057231080468750104e-06
7.618328008593749271e-06
2.834318617187499846e-06
-1.801680596093749992e-06
-3.116606070312499827e-06
-3.028105139062499991e-06
-3.326414312500000019e-06
-3.174970908593749786e-06
-2.786253456249999705e-06
-2.416609480468749679e-06
-1.327132499218749870e-06
-2.571104640625000132e-07
-5.203244406249999385e-07
-1.579283859374999975e-06
-2.521513601562499775e-06
-3.601072374999999978e-06
-4.212568033593749443e-06
-3.610990582812500007e-06
-3.265379187499999840e-06
-4.111478607812499781e-06
-5.004498780468750072e-06
-5.664441069531249891e-06
-6.548305973437499308e-06
-6.688305291406249507e-06
-6.237026835937500088e-06
-7.670589334374999636e-06
-1.072234558437500012e-05
-1.214789722265624858e-05
-1.086997429296874865e-05
-8.878321870312499368e-06
-9.278101939062498847e-06
-1.170729991406249920e-05
-1.155890826640625024e-05
-7.616420660937499900e-06
-3.614805278125000018e-06
-2.518080375781249977e-06
-4.053113769531249398e-06
-5.821225046875000139e-06
-6.276318197656249992e-06
-6.421658089062499783e-06
-6.700512316406249542e-06
-5.380246268749999692e-06
-2.584837543749999961e-06
-1.013183075000000008e-06
-1.621245507812499886e-06
-3.212354922656249896e-06
-5.560299887499999373e-06
-9.518809213281250188e-06
-1.408271068515624918e-05
-1.590766092265624945e-05
-1.378020534687499893e-05
-1.093673146093749948e-05
-1.076697751953124877e-05
-1.269454306093749955e-05
-1.364440219374999938e-05
-1.244506198749999924e-05
-1.059569769999999890e-05
-9.074778678906249732e-06
-7.941051232031248947e-06
-7.636257076562499112e-06
-8.509440833593749344e-06
-9.851832114062498836e-06
-9.876627633593749967e-06
-7.929988615625000397e-06
-5.599209779687499911e-06
-4.097745704687499741e-06
-2.975462343749999836e-06
-2.083586579687499761e-06
-1.916884394531249907e-06
-2.118681776562499864e-06
-1.809309986718750015e-06
-1.020812465625000030e-06
-4.390714304687499648e-07
-4.886624695312499514e-07
-1.311110778906250035e-06
-2.980039978124999850e-06
-4.634473335156249410e-06
-5.128476378124999801e-06
-5.686947771874999745e-06
-8.045192414062500311e-06
-1.135939970156249987e-05
-1.233443582343750019e-05
-8.625789040624999050e-06
-3.170393274218749773e-06
-5.550381679687499344e-07
-8.987422156249999900e-07
-1.811980273437499811e-06
-2.420042706249999901e-06
-3.579328611718749702e-06
-6.386944361718749893e-06
-1.010322053515624936e-05
-1.263808557031250023e-05
-1.311797424062499868e-05
-1.230697001718750011e-05
-1.217536302890624867e-05
-1.443328118437499915e-05
-1.793364560312499925e-05
-2.002867626874999947e-05
-1.997450759531249804e-05
-1.825560588749999935e-05
-1.579283859375000060e-05
-1.408843272812499983e-05
-1.389960531015624864e-05
-1.542891666093749911e-05
-1.798132929453124791e-05
-1.968001311718749972e-05
-1.943434673906249815e-05
-1.722373080546875035e-05
-1.430091125703124897e-05
-1.361731785703124866e-05
-1.628264547187499949e-05
-1.962660738281250041e-05
-2.107161396718750041e-05
-2.068823708828124738e-05
-2.016905705624999988e-05
-2.032698544218749823e-05
-1.998747755937500020e-05
-1.890448556015624808e-05
-1.876486771171874979e-05
-2.009276314999999797e-05
-2.111586443281249800e-05
-2.083510285781250057e-05
-2.024115479765624861e-05
-1.983069358203124995e-05
-1.973914089453124968e-05
-1.983756003359374870e-05
-1.856459620781250068e-05
-1.671446898124999991e-05
-1.766585399218750059e-05
-2.098997948750000060e-05
-2.333830592187499987e-05
-2.338865989999999747e-05
-2.140044070312499926e-05
-1.873167986250000075e-05
-1.806181936562499963e-05
-2.015913884843749943e-05
-2.330244778593749849e-05
-2.605169869765624872e-05
-2.729643377812499962e-05
-2.697905112812499869e-05
-2.647131518203124911e-05
-2.635572991406249813e-05
-2.612761113437499789e-05
-2.463072469374999942e-05
-2.147940489609375013e-05
-1.865576742578124820e-05
-1.751593646640624909e-05
-1.701506697187499825e-05
-1.585692547499999909e-05
-1.393508197656249896e-05
-1.361769932656249972e-05
-1.712416725781249984e-05
-2.208098234687499956e-05
-2.561071991953124997e-05
-2.941130085937499736e-05
-3.385694677656249981e-05
-3.229177728984374967e-05
-2.062796490234374932e-05
-7.233043782031249411e-06
-3.325269903906249804e-06
-8.995433016406249500e-06
-1.589392801953124856e-05
-1.875990860781249787e-05
-1.775664374062499874e-05
-1.411971322968749865e-05
-9.991068492968749456e-06
-8.056636499999999921e-06
-9.434504446874999729e-06
-1.358832617265624942e-05
-1.844252595781250032e-05
-2.139510012968749798e-05
-2.085265045624999850e-05
-1.858099939765625052e-05
-1.892622932343749920e-05
-2.210997403124999880e-05
-2.371405341015624864e-05
-2.242659374218749761e-05
-2.164915883749999914e-05
-2.330244778593749849e-05
-2.563284515234375046e-05
-2.649191453671874874e-05
-2.548025733984375001e-05
-2.372664190468749804e-05
-2.283934377499999925e-05
-2.304991495624999817e-05
-2.283018850624999753e-05
-2.168349109531249967e-05
-2.109640948671874985e-05
-2.168196521718749882e-05
-2.227248005156249970e-05
-2.226828388671874990e-05
-2.211378872656249924e-05
-2.235983657421875017e-05
-2.382124634843750001e-05
-2.566679594062499823e-05
-2.536352766328124755e-05
-2.417677595156249851e-05
-2.535170210781250027e-05
-2.730825933359375029e-05
-2.693556360156249983e-05
-2.448385892421874963e-05
-2.164992177656249788e-05
-1.956213903203124916e-05
-1.922530143593750008e-05
-2.189787697187499903e-05
-2.788313391718750007e-05
-3.319471567031249617e-05
-3.121145557734374988e-05
-2.108839862656249962e-05
-9.200663624218748831e-06
-2.517698906249999764e-06
-2.527235644531250003e-06
-5.645749062499999624e-06
-9.851832114062498836e-06
-1.456069200781249910e-05
-1.707076152343750053e-05
-1.501197046328124936e-05
-8.502574382031248901e-06
-1.407622570312499895e-06
1.167296765625000037e-06
-1.109313396874999867e-06
-5.029675769531249722e-06
-7.810207182812499622e-06
-7.753749692187500303e-06
-6.039807088281249298e-06
-5.640027019531249819e-06
-7.081981847656249815e-06
-9.160609323437499349e-06
-1.099776658593749966e-05
-1.199111324531250003e-05
-1.221236557343749983e-05
-1.162528396484375002e-05
-9.969324729687500028e-06
-8.087154062500000011e-06
-6.912609375781249318e-06
-6.122585976562499753e-06
-5.181882112499999957e-06
-4.979703260937499788e-06
-7.250591380468749886e-06
-1.156691912656249879e-05
-1.487349702343749917e-05
-1.487158967578124895e-05
-1.226958600312499958e-05
-9.618372760937498998e-06
-8.418269615625000136e-06
-8.877558931249998942e-06
-1.090049185546874874e-05
-1.203460077187499889e-05
-9.887690250000000212e-06
-6.597897012499999877e-06
-4.879758243749999918e-06
-4.308316885937499512e-06
-3.743360510156249760e-06
-4.338452978906249388e-06
-7.842250623437498869e-06
-1.190642700937500021e-05
-1.241568883359374895e-05
-9.049983159375000295e-06
-4.495618425781249850e-06
-1.123046299999999907e-06
2.120970593749999870e-07
4.058835812499999733e-07
1.991270953124999913e-06
5.435940820312499432e-06
6.484219092187499967e-06
2.854536502343749693e-06
-1.025390100000000044e-06
-1.004790745312499983e-06
1.354979774999999952e-06
2.639006217187499696e-06
1.367186799999999988e-06
-1.317977230468749844e-06
-2.458189659375000013e-06
-1.182937016406249871e-06
5.062100679687500029e-07
1.184081424999999874e-06
9.948725374999999544e-07
2.262114320312500020e-07
-1.274108234374999927e-06
-2.986143490624999868e-06
-3.598402088281249758e-06
-2.104185934374999821e-06
1.229476299218750007e-06
4.230497101562500130e-06
3.995511870312499441e-06
-3.890989218749999770e-07
-6.068417303125000017e-06
-8.617015241406250083e-06
-6.994243855468749981e-06
-4.539487421874999766e-06
-3.799436531249999713e-06
-3.709409721874999872e-06
-2.458952598437500015e-06
-8.201594921875000241e-08
1.253890349218749867e-06
-2.876280265624999969e-07
-3.673551585937499767e-06
-6.744762782031249672e-06
-8.470149471875000288e-06
-8.531947535937499198e-06
-7.276912778124999328e-06
-6.032559167187499489e-06
-5.700680674999999785e-06
-5.754467878906249308e-06
-5.928799454687500031e-06
-7.125469374218749519e-06
-9.291071903124999308e-06
-1.090735830703124918e-05
-1.139029873359374933e-05
-1.058120185781249928e-05
-8.282084992968749524e-06
-6.852718659374999777e-06
-8.486171192187499064e-06
-1.116217995390624908e-05
-1.162948012968749982e-05
-9.659952939843749332e-06
-7.311245035937499852e-06
-6.230541853906249858e-06
-7.536312059374999242e-06
-1.094092762578124928e-05
-1.383589989843749951e-05
-1.493910978281249852e-05
-1.554106870312499901e-05
-1.548995178593749928e-05
-1.383895165468749952e-05
-1.250113800859374920e-05
-1.317672054843749927e-05
-1.471175394218749870e-05
-1.591414590468749884e-05
-1.657103643749999780e-05
-1.711882668437499856e-05
-1.758612686015624760e-05
-1.694869127343750018e-05
-1.526297741484375052e-05
-1.360854405781249969e-05
-1.195067747499999949e-05
-9.761805304687499419e-06
-8.440394848437498930e-06
-9.354014375781249705e-06
-1.054267343515624896e-05
-1.016616300781249976e-05
-9.988016736718749447e-06
-1.232070292031249930e-05
-1.567458303906250067e-05
-1.712493019687499858e-05
-1.720198704218749923e-05
-1.762770703906249963e-05
-1.820563337890624772e-05
-1.772154854374999948e-05
-1.524886304218749858e-05
-1.279410660859375006e-05
-1.312445922265624976e-05
-1.355437538437499996e-05
-1.124762912890624933e-05
-9.733958028906249972e-06
-1.155471210156249875e-05
-1.326293266249999995e-05
-1.204757073593749935e-05
-1.108321576093749991e-05
-1.385802513125000000e-05
-1.735571926328124777e-05
-1.778487248593749924e-05
-1.612586149453124924e-05
-1.358184119062500004e-05
-1.048049390156249899e-05
-8.345408935156249286e-06
-8.277507358593750358e-06
-9.655375305468750165e-06
-1.033629841874999983e-05
-9.912867239062499015e-06
-1.080092830781249993e-05
-1.327018058359374976e-05
-1.491851042812499888e-05
-1.437339046796874876e-05
-1.198729854999999960e-05
-9.436793264062499312e-06
-8.631129614062500337e-06
-9.693140789062500064e-06
-1.117324257031249932e-05
-1.178626410703125006e-05
-1.194457396249999947e-05
-1.343192366484374854e-05
-1.454924792187499949e-05
-1.084212701718749920e-05
-4.991147346874999398e-06
-4.838559534374999797e-06
-1.052703318437499955e-05
-1.540564701953125052e-05
-1.675910091640625026e-05
-1.721381259765624990e-05
-1.861838341171874936e-05
-1.950148537656249835e-05
-1.872557635000000073e-05
-1.770628976249999774e-05
-1.789435424140625020e-05
-1.920317620312499959e-05
-2.018164555078124929e-05
-1.987685139531249776e-05
-1.971777860078124792e-05
-2.090529325156249908e-05
-2.183874919453124907e-05
-2.092589260624999872e-05
-1.922377555781249923e-05
-1.803435355937499786e-05
-1.726836274062500069e-05
-1.684798331718749819e-05
-1.629790425312499784e-05
-1.460646835156249923e-05
-1.220931381718749982e-05
-1.118811988203125000e-05
-1.279334366953124963e-05
-1.559790766328124939e-05
-1.700285994687499822e-05
-1.593474525937499847e-05
-1.352919839531249946e-05
-1.231726969453124993e-05
-1.359709997187500008e-05
-1.526068859765625094e-05
-1.529616526406249956e-05
-1.505583945937499928e-05
-1.605490816171874861e-05
-1.785201112343749944e-05
-2.032240780781249906e-05
-2.333601710468750028e-05
-2.436064426562499778e-05
-2.106474751562499828e-05
-1.542815372187500037e-05
-1.185454715312500005e-05
-1.201056819140624988e-05
-1.449355337031249890e-05
-1.946829752734374931e-05
-2.653082442890624843e-05
-3.068579056328124961e-05
-2.964857490781249932e-05
-2.747877621406249804e-05
-2.756651420624999787e-05
-2.952230849296874916e-05
-3.136061016406249587e-05
-3.214491152031249987e-05
-3.300321796562499604e-05
-3.438947824218749544e-05
-3.542554948906250103e-05
-3.652418173906249747e-05
-3.824270197734375019e-05
-4.013517232187499833e-05
-4.188268424453125028e-05
-4.288099000781250088e-05
-4.298246090312499482e-05
-4.296949093906249605e-05
-4.276654914843749461e-05
-4.126813682968749869e-05
-3.832776968281250107e-05
-3.567426762343750091e-05
-3.486135605234374704e-05
-3.594434805156249916e-05
-3.830945914531249763e-05
-4.065931145781250113e-05
-4.159925238281249712e-05
-4.066922966562499820e-05
-3.869817659765624517e-05
-3.832395498750000064e-05
-4.081495102656249990e-05
-4.316480333906249663e-05
-4.270742137109374804e-05
-4.130132467890624772e-05
-4.172933349296874771e-05
-4.364774376562500016e-05
-4.519574712343749496e-05
-4.556691697734374457e-05
-4.537122310781249463e-05
-4.535977902187500010e-05
-4.531438414765625103e-05
-4.503820020703124937e-05
-4.545705375234375102e-05
-4.673650256015624504e-05
-4.635007392500000047e-05
-4.308812796328124534e-05
-4.011457296718749869e-05
-3.954542042656249617e-05
-3.922613042890624841e-05
-3.747747409765624836e-05
-3.551214307265624937e-05
-3.530271629999999516e-05
-3.772047018906250098e-05
-4.042508916562499748e-05
-4.037549812656249861e-05
-3.896520526953124849e-05
-3.988683565703124781e-05
-4.378774308359374782e-05
-4.701879001328125010e-05
-4.594724209999999929e-05
-4.222638829218749811e-05
-4.033468088671874870e-05
-4.114835539687500130e-05
-4.225232822031249564e-05
-4.233358123046874609e-05
-4.190519094687499674e-05
-4.190213919062499504e-05
-4.283902835937499609e-05
-4.361951502031249966e-05
-4.202497237968750091e-05
-3.801496466718749931e-05
-3.584402156484374654e-05
-3.906629469531249985e-05
-4.384610792187499566e-05
-4.420201899453125031e-05
-4.093168070312499558e-05
-3.830450004140624910e-05
-3.793638194375000119e-05
-3.900068193593750050e-05
-3.989827974296874911e-05
-4.012105794921875146e-05
-4.025800551093749742e-05
-4.054792235468749657e-05
-4.068601432499999740e-05
-3.960950730781249805e-05
-3.740804664296874858e-05
-3.648145715156250074e-05
-3.728597639296874823e-05
-3.735120768281249820e-05
-3.621213966250000122e-05
-3.622701697421874681e-05
-3.815114928984374653e-05
-3.978002418828124919e-05
-4.004209375624999721e-05
-4.009740683828125012e-05
-3.938405881484375015e-05
-3.770330406015624564e-05
-3.911092663046875019e-05
-4.555470995234374453e-05
-5.226933664140624941e-05
-5.417210666328125076e-05
-5.032269762343749645e-05
-4.266584119218749940e-05
-3.517377959843749944e-05
-3.162039091484374770e-05
-3.259123087187499652e-05
-3.506086461718749741e-05
-3.548276991875000077e-05
-3.412168663125000016e-05
-3.344953731718749946e-05
-3.269384617578124534e-05
-2.951124587656249722e-05
-2.567366239218750036e-05
-2.492865239765624881e-05
-2.764700427734374959e-05
-3.020094278906249925e-05
-2.832487563437499756e-05
-2.331846950624999896e-05
-2.202986542968749984e-05
-2.724875008671874757e-05
-3.314665050937500154e-05
-3.399732756406249683e-05
-3.186796464062499948e-05
-3.065908769609374657e-05
-2.982366942265624962e-05
-2.795179843281249773e-05
-2.634314141953124873e-05
-2.714003127031249874e-05
-2.935064720390624993e-05
-2.968367010468749858e-05
-2.778013714374999850e-05
-2.609327887656249736e-05
-2.647703722499999976e-05
-2.906530799453124994e-05
-3.152387912343749551e-05
-3.113706901875000157e-05
-2.853697269374999733e-05
-2.665976113046874754e-05
-2.681082306484374714e-05
-2.758978384765624985e-05
-2.822264179999999810e-05
-2.968099981796874963e-05
-3.146665869374999576e-05
-3.166502284999999804e-05
-2.976988221874999756e-05
-2.797277925703125012e-05
-2.889173935781249710e-05
-3.129728622187499950e-05
-3.233221306015625021e-05
-3.265569922265624777e-05
-3.365858262031249753e-05
-3.410337609374999672e-05
-3.381345924999999757e-05
-3.383405860468749720e-05
-3.345831111640624843e-05
-3.296278219531249549e-05
-3.401182340624999984e-05
-3.667486220390624770e-05
-3.937147032031250074e-05
-4.016530841484374566e-05
-3.924329655781249698e-05
-3.893430623749999565e-05
-3.957898974531250135e-05
-3.843038498671874989e-05
-3.345258907343750117e-05
-2.633131586406249806e-05
-2.233275223749999776e-05
-2.439421358437499958e-05
-2.817266929140624986e-05
-2.953489698749999856e-05
-3.041952483046874841e-05
-3.273046725078124545e-05
-3.486898544296874791e-05
-3.536680318124999704e-05
-3.469007623281249717e-05
-3.337362488046874691e-05
-3.128317184921874586e-05
-2.951124587656249722e-05
-2.932966637968749754e-05
-2.943190021406249699e-05
-2.879637197499999979e-05
-2.886160326484374977e-05
-3.021162393593749843e-05
-3.179052632578124947e-05
-3.294637900546874566e-05
-3.350485039921874560e-05
-3.319357126171874808e-05
-3.266866918671874654e-05
-3.414114157734375170e-05
-3.825719781953124642e-05
-4.213025797031249529e-05
-4.234006621249999887e-05
-3.842695176093749882e-05
-3.390043430312499528e-05
-3.232687248671874553e-05
-3.293531638906250049e-05
-3.356054495078124788e-05
-3.379896340781250133e-05
-3.350370599062499750e-05
-3.302839495468750162e-05
-3.318517893203124848e-05
-3.314207287499999560e-05
-3.208311345625000096e-05
-3.120268177812500092e-05
-3.137129131093749845e-05
-3.201635628828124674e-05
-3.243406542500000029e-05
-3.216551087499999951e-05
-3.116529776406249530e-05
-3.062857013359374987e-05
-3.245771653593750163e-05
-3.674848582343749728e-05
-4.087140851718750091e-05
-4.176900632421874952e-05
-3.842008530937499668e-05
-3.367651168828125161e-05
-3.281744230390624994e-05
-3.689306277578125088e-05
-4.167669069765624713e-05
-4.425199150312499855e-05
-4.453885659062499600e-05
-4.264676771562499722e-05
-3.964879866953125050e-05
-3.730810162578124533e-05
-3.529584984843749980e-05
-3.257368327343749859e-05
-3.017233257421874938e-05
-3.003233325624999833e-05
-3.274763337968750079e-05
-3.609083235156249959e-05
-3.664625198906249783e-05
-3.410642784999999843e-05
-3.199728281171875134e-05
-3.288305506328124928e-05
-3.494680522734374729e-05
-3.569753726484374611e-05
-3.562086188906250160e-05
-3.676412607421874839e-05
-3.922193426406249861e-05
-3.985631809453125111e-05
-3.738706581874999958e-05
-3.559225167421874495e-05
-3.791349377187499858e-05
-4.276273445312500095e-05
-4.621732252812499754e-05
-4.696919897421874445e-05
-4.591062102499999918e-05
-4.316556627812499536e-05
-3.948285942343749853e-05
-3.738286965390624978e-05
-3.743131628437500056e-05
-3.747175205468750110e-05
-3.677061105625000116e-05
-3.666151077031249957e-05
-3.804243047343750108e-05
-3.945920831249999719e-05
-3.801153144140624824e-05
-3.433569103828124677e-05
-3.293607932812499923e-05
-3.525541407812499926e-05
-3.769453026093749667e-05
-3.705900202187499608e-05
-3.405836268906249701e-05
-3.222120542656250179e-05
-3.361471362421874592e-05
-3.718259815000000067e-05
-4.247930259140624779e-05
-4.813077369687499468e-05
-4.961507164296875052e-05
-4.586217439453124840e-05
-4.105871005703125125e-05
-3.931882752500000017e-05
-4.182851557109374546e-05
-4.594647916093750055e-05
-4.811208168984374865e-05
-4.762227481171874975e-05
-4.596021206406249805e-05
-4.481656640937499512e-05
-4.468038178671874790e-05
-4.505078870156249877e-05
-4.550588185234375117e-05
-4.621808546718749627e-05
-4.754331061874999550e-05
-4.880025272421874982e-05
-4.872395881796874790e-05
-4.626157299374999851e-05
-4.217145667968750134e-05
-4.044683292890624522e-05
-4.378545426640624485e-05
-4.936826085624999746e-05
-5.220181653437499646e-05
-5.073239589999999977e-05
-4.844052695624999474e-05
-4.854352372968749970e-05
-4.950215666171874849e-05
-4.872968086093749517e-05
-4.652135374453125033e-05
-4.506032543984374647e-05
-4.505689221406249540e-05
-4.452283487031249553e-05
-4.249494284218749890e-05
-4.061734980937499635e-05
-4.023168411328125052e-05
-4.190786123359374908e-05
-4.541394769531249814e-05
-4.790036609999999824e-05
-4.669988148515624493e-05
-4.480969995781249976e-05
-4.697606542578124659e-05
-5.106465586171874630e-05
-5.179211825781249992e-05
-4.916455612656249729e-05
-4.654080869062499510e-05
-4.658391474765624798e-05
-5.006100952499999780e-05
-5.395352462187499821e-05
-5.485417418515624853e-05
-5.365903014374999989e-05
-5.337559828203124673e-05
-5.432736476250000016e-05
-5.358807681093749587e-05
-5.075146937656249517e-05
-4.944112153671874831e-05
-5.086591023593749466e-05
-5.251614742812499569e-05
-5.279881635078125012e-05
-5.167462564218749873e-05
-4.888532042968750071e-05
-4.575269263906249744e-05
-4.594380887421874822e-05
-4.995801275156249962e-05
-5.245282348593749931e-05
-5.002057375468749726e-05
-4.607160116718749584e-05
-4.476735683984374561e-05
-4.639012822578124487e-05
-4.842221641874999808e-05
-4.784276420078124913e-05
-4.456136329296874924e-05
-4.208791485234374791e-05
-4.275357918437499584e-05
-4.463155368671874775e-05
-4.536855282109374907e-05
-4.544904289218750079e-05
-4.514997077968749652e-05
-4.373891498359374768e-05
-4.302098932578124853e-05
-4.468991852499999560e-05
-4.610745930312499721e-05
-4.505193311015624687e-05
-4.295499509687499982e-05
-4.131849080781249629e-05
-4.118116177656250097e-05
-4.308469473750000105e-05
-4.442670454843749948e-05
-4.315107043593749913e-05
-4.280660344921874579e-05
-4.582364597187499469e-05
-4.822423373203124517e-05
-4.761426395156249952e-05
-4.663846489062499538e-05
-4.672811023046874544e-05
-4.653356076953125037e-05
-4.536626400390624610e-05
-4.395978584218749642e-05
-4.365232139999999933e-05
-4.616620561093749442e-05
-5.084912557656249546e-05
-5.276486556249999557e-05
-4.779202875312499538e-05
-3.783834427421875154e-05
-2.904737892656249925e-05
-2.675970614765624741e-05
-3.070448257031249564e-05
-3.543775651406250106e-05
-3.646238367499999856e-05
-3.298147420234374830e-05
-2.716978589375000010e-05
-2.265890868671874766e-05
-2.080839999062499753e-05
-2.049025440156249786e-05
-2.139586306875000010e-05
-2.324332000859374853e-05
-2.458800010624999930e-05
-2.402189932187499848e-05
-2.092627407578124808e-05
-1.671599485937500076e-05
-1.422576175937499854e-05
-1.407737011171874959e-05
-1.438826777968749944e-05
-1.428450806718749914e-05
-1.401519057812499962e-05
-1.337813646093749986e-05
-1.227645245468750002e-05
-1.125869174531249958e-05
-1.139907253281249999e-05
-1.299857427734374896e-05
-1.479720311718749895e-05
-1.584548138906249779e-05
-1.611823210390624838e-05
-1.615294583124999827e-05
-1.750258503281249757e-05
-2.015150945781249856e-05
-2.156981317499999891e-05
-2.098959801796874784e-05
-2.046049977812499989e-05
-2.171629747499999934e-05
-2.433241552031249728e-05
-2.601469615312499925e-05
-2.494963322187499782e-05
-2.241438671718749758e-05
-2.132033210156250030e-05
-2.206915679140624889e-05
-2.269362241406249755e-05
-2.222327048203125019e-05
-2.098387597500000058e-05
-1.962088533984374976e-05
-1.871718402031249774e-05
-1.804083854140625063e-05
-1.815108323593750032e-05
-1.987303670000000071e-05
-2.174605209843749731e-05
-2.234381485390624970e-05
-2.159880485937499815e-05
-2.026671325625000017e-05
-1.960219333281250034e-05
-1.921843498437499794e-05
-1.841200839531250023e-05
-1.826132793046875000e-05
-1.903685548749999826e-05
-1.969794218515625041e-05
-2.018164555078124929e-05
-2.047614002890624761e-05
-2.001837659140624965e-05
-1.871260638593749858e-05
-1.699942672109375054e-05
-1.624259117109374832e-05
-1.763762524687500008e-05
-1.997717788203125038e-05
-2.141913271015624868e-05
-2.192534277812499741e-05
-2.179488019843749745e-05
-2.135542729843749955e-05
-2.105940694218750038e-05
-2.049483203593750042e-05
-1.930541003749999904e-05
-1.885069835624999940e-05
-2.110327593828124860e-05
-2.465513874374999949e-05
-2.625311461015624931e-05
-2.572554224843749882e-05
-2.443464935468750012e-05
-2.208174528593749830e-05
-1.903380373124999994e-05
-1.850050932656249880e-05
-2.161673392734374884e-05
-2.441710175624999880e-05
-2.364729624218749781e-05
-2.090605619062499781e-05
-1.892012581093749918e-05
-1.724433016015624999e-05
-1.457366197187499956e-05
-1.197280270781249998e-05
-1.074141906093749890e-05
-1.130065339374999928e-05
-1.323508538671874881e-05
-1.416472663437500006e-05
-1.260299037343749928e-05
-1.073760436562500016e-05
-1.059455329140624911e-05
-1.094588672968749950e-05
-1.088866629999999976e-05
-1.122168920078125010e-05
-1.272887531875000008e-05
-1.563376579921875077e-05
-1.800650628359375010e-05
-1.719779087734374943e-05
-1.323546685624999987e-05
-8.467860654687499010e-06
-4.973599748437499770e-06
-4.027936780468749748e-06
-7.066341596874999557e-06
-1.297835639218749869e-05
-1.719893528593749752e-05
-1.762999585624999921e-05
-1.667403321093749937e-05
-1.621092920000000013e-05
-1.584166669375000074e-05
-1.505088035546874906e-05
-1.379775294531249855e-05
-1.272162739765624857e-05
-1.263198205781250022e-05
-1.334380420312499934e-05
-1.470374308203124846e-05
-1.685103507343749989e-05
-1.874083513124999908e-05
-1.960638949765625014e-05
-1.976622523124999870e-05
-1.859625817890624887e-05
-1.591910500859375076e-05
-1.333998950781249891e-05
-1.204985955312499893e-05
-1.221808761640624879e-05
-1.344451215937499964e-05
-1.432875853281250011e-05
-1.411971322968749865e-05
-1.463050093203124994e-05
-1.664847475234374781e-05
-1.694335069999999889e-05
-1.412200204687499993e-05
-1.127013583124999919e-05
-1.014632659218749885e-05
-1.007346591171874970e-05
-1.088637748281250018e-05
-1.337088853984375006e-05
-1.752242144843749847e-05
-2.128638131328124914e-05
-2.277907158906249780e-05
-2.140997744140625035e-05
-1.718634679140624812e-05
-1.262549707578124914e-05
-1.182708134687499997e-05
-1.514014422578124974e-05
-1.871947283750000071e-05
-1.977538050000000042e-05
-1.825636882656249808e-05
-1.554755368515624839e-05
-1.542891666093749911e-05
-1.970290128906249894e-05
-2.399710380234374905e-05
-2.525480884687499871e-05
-2.502211243281249930e-05
-2.435072605781249733e-05
-2.346037617187500022e-05
-2.348021258749999774e-05
-2.479208630546874884e-05
-2.621496765703124835e-05
-2.654837202734374975e-05
-2.529181139140624819e-05
-2.312086828906249880e-05
-2.163962209921874806e-05
-2.231406023046874834e-05
-2.441176118281249751e-05
-2.485693612578124945e-05
-2.271918087265624911e-05
-2.013243598124999978e-05
-1.905821778125000001e-05
-2.062262432890624804e-05
-2.406347950078125051e-05
-2.582777608281249828e-05
-2.437742892500000037e-05
-2.287749072812500021e-05
-2.300413861249999973e-05
-2.214239894140624911e-05
-1.868132588437499975e-05
-1.526641064062499821e-05
-1.504134361718749966e-05
-1.646422496874999918e-05
-1.687468618437499784e-05
-1.770934151874999944e-05
-2.043227103281249939e-05
-2.319487337812499775e-05
-2.386854857031249930e-05
-2.239340589296874858e-05
-2.049788379218749873e-05
-1.998557021171874998e-05
-2.095145106484375027e-05
-2.235525893984374762e-05
-2.325285674687499961e-05
-2.306898843281250035e-05
-2.286299488593750059e-05
-2.328299283984375034e-05
-2.179297285078125063e-05
-1.774786994140624977e-05
-1.470336161249999909e-05
-1.422194706406249980e-05
-1.332053456171874906e-05
-9.749979749218748749e-06
-5.517575300000000095e-06
-3.351972771093749882e-06
-3.980253089062499396e-06
-6.774898874999999549e-06
-9.787745232812500342e-06
-1.062850407968750027e-05
-9.608073083593749180e-06
-9.871287060156250375e-06
-1.184424747578125023e-05
-1.167220471718749994e-05
-7.833095354687498842e-06
-4.446408856249999493e-06
-5.043027203124999550e-06
-7.901759870312499891e-06
-1.017150358124999935e-05
-1.141738307031250004e-05
-1.215895983906249883e-05
-1.166686414374999866e-05
-8.130641589062498868e-06
-2.405165394531250069e-06
7.644649406249999136e-07
-1.601409092187499828e-06
-6.495281708593749364e-06
-8.604426746874998988e-06
-6.597515542968749664e-06
-3.695295349218749619e-06
-3.354643057812499678e-06
-6.802364681249999630e-06
-1.248549775781249979e-05
-1.704138836953124854e-05
-1.863440513203124983e-05
-1.873206133203125012e-05
-1.961478182734374974e-05
-2.090033414765625055e-05
-2.068022622812500054e-05
-2.020110049687499744e-05
-2.182387188281250008e-05
-2.250136177031249868e-05
-1.921385734999999878e-05
-1.580809737499999895e-05
-1.505355064218749970e-05
-1.459731308281249921e-05
-1.379241237187499896e-05
-1.511992634062499947e-05
-1.906508423281249876e-05
-2.234038162812499863e-05
-2.254561223593749966e-05
-2.119253980859374929e-05
-2.067450418515624989e-05
-2.118872511328124885e-05
-2.098235009687499973e-05
-2.013243598124999978e-05
-2.220648582265624760e-05
-2.791365147968750016e-05
-3.247831589062500127e-05
-3.300474384375000028e-05
-3.123014758437499592e-05
-2.845076057968749835e-05
-2.479132336640625011e-05
-2.123907909140624985e-05
-1.908949828281249883e-05
-1.964949555468749963e-05
-2.194098302890624852e-05
-2.223509603749999748e-05
-1.912459347968749809e-05
-1.536215949296874827e-05
-1.329917226796874900e-05
-1.241797765078125022e-05
-1.282195388437499950e-05
-1.566886099609375002e-05
-1.901816348046874884e-05
-1.913680050468749813e-05
-1.560591852343749962e-05
-1.149825461093749943e-05
-1.004714451406249941e-05
-1.188277589843749887e-05
-1.497496791874999989e-05
-1.740836205859374835e-05
-1.930006946406249776e-05
-2.173689682968749898e-05
-2.355841384140624988e-05
-2.222021872578124849e-05
-1.822051069062500010e-05
-1.428412659765624977e-05
-1.276969255859374999e-05
-1.462516035859374865e-05
-1.832083717734374933e-05
-2.131193977187499731e-05
-2.229918291874999936e-05
-2.143477296093749979e-05
-1.957129430078124750e-05
-1.785201112343749944e-05
-1.702612958828125019e-05
-1.705397686406249794e-05
-1.744498313359374846e-05
-1.718634679140624812e-05
-1.562155877421875073e-05
-1.412657968124999910e-05
-1.485137179062499868e-05
-1.788023986874999995e-05
-2.090567472109374845e-05
-2.102507468437499985e-05
-1.815947556562499992e-05
-1.589583536718749878e-05
-1.600264683593750079e-05
-1.581420088749999897e-05
-1.292838388359374876e-05
-8.725734057812498920e-06
-5.663296660937500099e-06
-4.459378820312499955e-06
-6.124111854687499757e-06
-1.058349067499999887e-05
-1.416701545156249964e-05
-1.467780315390624923e-05
-1.368369355546875013e-05
-1.260756800781250015e-05
-1.252974822343749907e-05
-1.478766637890624955e-05
-1.854552273124999851e-05
-2.076338658593749782e-05
-1.984938558906249937e-05
-1.856917384218749985e-05
-2.027090942109374997e-05
-2.382162781796874938e-05
-2.737654237968749858e-05
-3.031042454453125021e-05
-2.854994265781249949e-05
-1.963652559062499747e-05
-9.981531754687500063e-06
-7.395931271874999677e-06
-1.230391826093750010e-05
-2.033537777187499783e-05
-2.643583851562499710e-05
-2.626913633046874978e-05
-2.081145174687499923e-05
-1.713103370937499859e-05
-2.007597849062499876e-05
-2.565573332421874968e-05
-2.639921744062500038e-05
-2.299498334374999801e-05
-2.227934650312499845e-05
-2.467192340312499870e-05
-2.425230691874999831e-05
-1.773451850781249825e-05
-7.515712704687499605e-06
1.204299310156249934e-06
5.386349781249999710e-06
5.565640460937499813e-06
3.923795598437500078e-06
3.771970724999999632e-06
6.757732746093749287e-06
9.685511398437499195e-06
8.925624092187500354e-06
6.229397445312500066e-06
5.753323470312499516e-06
7.976527898437499263e-06
1.007003268593750032e-05
9.172053409374998959e-06
4.959485375781249516e-06
1.259612392187499884e-06
1.321410456249999854e-06
2.753065607031249819e-06
2.198790378125000099e-06
1.073455260937499973e-06
1.985167440624999895e-06
3.601835314062499980e-06
2.764891162500000065e-06
-5.195615015624999362e-07
-2.597044568749999997e-06
-2.198027439062500096e-06
-2.181624249218749836e-06
-3.836820545312499822e-06
-5.644986123437500045e-06
-4.830548674218749562e-06
-3.227232234374999940e-07
3.162763883593749751e-06
1.988219196874999904e-06
-2.826689226562499823e-07
-6.900783820312500130e-07
-6.347652999999999566e-07
-1.200103145312499921e-06
-2.133940557812499908e-06
-3.642652553906249888e-06
-5.592343328124999467e-06
-7.131572886718749537e-06
-8.892054773437500255e-06
-1.191214905234374916e-05
-1.510237874218749984e-05
-1.632994769374999878e-05
-1.396102190468749988e-05
-9.127421474218750310e-06
-6.455227407812499882e-06
-8.096690800781249404e-06
-1.059569769999999890e-05
-1.120986364531249943e-05
-1.116752052734374867e-05
-1.043929519218749971e-05
-7.125087904687499306e-06
-2.873991448437499962e-06
-9.586329320312500598e-07
-7.736202093749999405e-07
-1.296996406249999835e-07
6.027218593749999685e-07
-5.512234726562499232e-07
-4.141233231249999445e-06
-8.190532305468749256e-06
-1.074752257343749892e-05
-1.165999769218749991e-05
-1.109618572499999868e-05
-9.641260932812499912e-06
-8.694072086718749039e-06
-8.320994885156249215e-06
-7.756801448437500312e-06
-7.275768369531249536e-06
-7.392116576562499242e-06
-8.739466960937499807e-06
-1.047477185859375003e-05
-1.008758028437499995e-05
-7.904430157031248840e-06
-6.310268985937499456e-06
-6.231304792968749436e-06
-7.339473781249999511e-06
-7.734676215624999824e-06
-5.881497232812499892e-06
-4.165647281249999517e-06
-5.350110175781249816e-06
-8.306499042968749596e-06
-1.077994748359374923e-05
-1.205443718749999979e-05
-1.263732263124999981e-05
-1.292952829218749855e-05
-1.267356223671874886e-05
-1.266135521171874882e-05
-1.394385577578124962e-05
-1.548155945624999968e-05
-1.535262275468750058e-05
-1.331137929296874903e-05
-1.156615618750000005e-05
-1.194686277968749905e-05
-1.306075381093749893e-05
-1.295050911640624925e-05
-1.235236489140624918e-05
-1.263541528359374959e-05
-1.388777975468749967e-05
-1.614913113593749783e-05
-1.860922814296874764e-05
-1.932677233124999741e-05
-1.779021305937500053e-05
-1.491202544609374949e-05
-1.169204113281249915e-05
-9.403986884374999640e-06
-9.231944125781249346e-06
-1.127929109999999921e-05
-1.462096419374999885e-05
-1.825636882656249808e-05
-2.065009013515624981e-05
-2.016905705624999988e-05
-1.809386280625000057e-05
-1.710967141562500023e-05
-1.718367650468749917e-05
-1.782950442109374958e-05
-1.969298308124999849e-05
-2.185438944531250017e-05
-2.308958778749999998e-05
-2.362707835703124754e-05
-2.343863240859374910e-05
-2.242659374218749761e-05
-2.151831478828124982e-05
-2.126730783671875035e-05
-2.118033278359374925e-05
-2.053297898906249799e-05
-1.927565541406249769e-05
-1.773184822109374930e-05
-1.536368537109374913e-05
-1.224288313593749992e-05
-1.051406322031249908e-05
-1.138762844687499868e-05
-1.298560431328125020e-05
-1.344107893359374857e-05
-1.336478502734375004e-05
-1.352919839531249946e-05
-1.325682914999999993e-05
-1.289710338203124994e-05
-1.339530258984375013e-05
-1.350173258906249938e-05
-1.262893030156250021e-05
-1.271781270234374983e-05
-1.444892143515624856e-05
-1.604308260624999794e-05
-1.559905207187500088e-05
-1.329077993828124940e-05
-1.136054411015624966e-05
-1.061629705468750023e-05
-9.912485769531249649e-06
-9.086985703906249768e-06
-8.335872196874999894e-06
-7.347866110937499960e-06
-5.939862071093749428e-06
-4.397580756250000197e-06
-4.140088822656249653e-06
-6.063839668750000004e-06
-8.222194276562499137e-06
-7.686229585156249046e-06
-5.379864799218749479e-06
-5.593869206249999472e-06
-8.501429973437499109e-06
-9.859461504687499705e-06
-8.892436242968749621e-06
-8.106609008593749856e-06
-7.757182917968749678e-06
-6.500240812499999590e-06
-5.071255948437500056e-06
-5.866238451562499848e-06
-8.327861336718749658e-06
-8.932490543749999103e-06
-6.836315469531249941e-06
-4.540250360937500192e-06
-3.900144487499999585e-06
-4.559323837499999825e-06
-5.313107631249999495e-06
-5.284878885937499836e-06
-3.824613520312499787e-06
-1.046752393749999895e-06
1.795958553124999975e-06
3.072355604687499697e-06
2.623747435937500075e-06
2.241514965624999800e-06
2.688978725781250054e-06
3.262327431249999831e-06
3.353117179687499674e-06
2.616118045312500052e-06
1.374434721093750009e-06
-1.113891031249999959e-07
-1.615523464843749870e-06
-2.635572991406249898e-06
-3.329847538281249817e-06
-3.887174523437499970e-06
-3.331754885937500035e-06
-1.279448807812499942e-06
-1.831053750000000078e-08
-1.091384328906250026e-06
-2.996061698437499897e-06
-4.446790325781249706e-06
-5.104825267187500155e-06
-5.115124944531249973e-06
-6.392666404687499698e-06
-9.638590646093749269e-06
-1.154479389374999999e-05
-9.149165237499999739e-06
-4.407880433593750016e-06
-1.703261457031249915e-06
-2.320860628125000033e-06
-4.584882296093749688e-06
-6.721111671093750026e-06
-7.630916503124999519e-06
-7.828136250781250310e-06
-8.521647858593749380e-06
-9.971232077343750245e-06
-1.097793017031249875e-05
-9.001917998437498883e-06
-4.625699535937499596e-06
-3.456495422656249765e-06
-7.511898009375000017e-06
-1.177749030781249940e-05
-1.316832821874999967e-05
-1.340750961484375016e-05
-1.377524624296874870e-05
-1.455115526953124971e-05
-1.646727672500000088e-05
-1.932295763593750037e-05
-2.213438808124999887e-05
-2.450865444374999906e-05
-2.547300941874999851e-05
-2.394255365937499825e-05
-2.131079536328124921e-05
-2.055281540468749889e-05
-2.307890664062499741e-05
-2.659948894453124948e-05
-2.783392434765624717e-05
-2.713469069687499745e-05
-2.627752866015624938e-05
-2.520712515546875005e-05
-2.340506308984374731e-05
-2.103041525781249775e-05
-1.940993268906249808e-05
-2.015570562265624836e-05
-2.267035277265624896e-05
-2.495039616093749994e-05
-2.578962912968749732e-05
-2.437094394296874760e-05
-2.132986883984374800e-05
-1.899947147343749942e-05
-1.827925699843750069e-05
-1.865118979140624903e-05
-2.000464368828124877e-05
-2.227972797265624782e-05
-2.479895275703124759e-05
-2.640379507499999954e-05
-2.626837339140624766e-05
-2.526625293281250002e-05
-2.526091235937499873e-05
-2.622717468203124839e-05
-2.608412360781249903e-05
-2.391546932265624923e-05
-2.220534141406249951e-05
-2.313917882656249886e-05
-2.454565698828124854e-05
-2.423819254609374806e-05
-2.321203950703124971e-05
-2.292021531562500033e-05
-2.383917541640624731e-05
-2.517622612343749721e-05
-2.626761045234374893e-05
-2.714003127031249874e-05
-2.692335657656249980e-05
-2.480238598281249866e-05
-2.139204837343749966e-05
-1.856459620781250068e-05
-1.847685821562499746e-05
-2.140082217265624863e-05
-2.490538275625000023e-05
-2.612341496953124808e-05
-2.436522190000000034e-05
-2.157973138281249936e-05
-1.969450895937499934e-05
-1.856268886015625047e-05
-1.753005083906249934e-05
-1.631774066874999875e-05
-1.520537551562499972e-05
-1.481970981953124880e-05
-1.472472390624999916e-05
-1.461295333359374862e-05
-1.523513013906249938e-05
-1.713790016093750073e-05
-1.960677096718749951e-05
-2.063483135390624807e-05
-1.965025849374999836e-05
-1.830824868281249993e-05
-1.716956213203124892e-05
-1.562613640859374990e-05
-1.545294924140624981e-05
-1.833876624531250002e-05
-2.128027780078124912e-05
-2.203482453359374837e-05
-2.360075695937499725e-05
-2.747648739687499845e-05
-3.042677275156249991e-05
-2.947615067968749797e-05
-2.444266021484375035e-05
-1.820448897031249963e-05
-1.531447580156249962e-05
-1.709288675624999764e-05
-2.027052795156250061e-05
-2.147215697499999863e-05
-2.043684866718749855e-05
-1.950262978515624983e-05
-2.074202429218749945e-05
-2.311095008124999835e-05
-2.469519304453124728e-05
-2.527388232343749750e-05
-2.424772928437499915e-05
-2.165373647187499831e-05
-2.049597644453124851e-05
-2.236670302578124892e-05
-2.485731759531249882e-05
-2.658918926718749966e-05
-2.875288444843749754e-05
-3.100469909140624801e-05
-3.196295055390624743e-05
-3.240736255781249725e-05
-3.347242548906249529e-05
-3.482511644687499630e-05
-3.495214580078124519e-05
-3.249777083671874603e-05
-3.010061630234375001e-05
-3.118627858828125108e-05
-3.400648283281249517e-05
-3.521345242968750125e-05
-3.425214921093750012e-05
-3.261907814765624766e-05
-3.203810005156250125e-05
-3.275030366640624635e-05
-3.338545043593749758e-05
-3.366773788906249587e-05
-3.493269085468750043e-05
-3.721235277343749864e-05
-3.900373369218749543e-05
-3.936918150312499777e-05
-3.915632150468749927e-05
-3.950116996093749520e-05
-3.892591390781249605e-05
-3.599470202968749677e-05
-3.245847947500000037e-05
-2.978742981718749888e-05
-2.822874531249999812e-05
-2.775496015468749970e-05
-2.648161485937499892e-05
-2.402838430390624787e-05
-2.389334408984374874e-05
-2.771833907968749959e-05
-3.222997922578125075e-05
-3.409879845937499756e-05
-3.392484835312499535e-05
-3.376806437578124849e-05
-3.357923695781250069e-05
-3.211973453125000107e-05
-2.915876802968749704e-05
-2.544172891718749968e-05
-2.229307940624999934e-05
-2.146147582812499944e-05
-2.369688728125000007e-05
-2.715986768593749964e-05
-2.946775834999999837e-05
-3.026731848749999733e-05
-2.975538637656249794e-05
-2.827528459531249868e-05
-2.726744209375000038e-05
-2.777365216171874911e-05
-2.961080942421874773e-05
-3.211515689687499512e-05
-3.411939781406249719e-05
-3.433759838593750037e-05
-3.338468749687499885e-05
-3.381345924999999757e-05
-3.656194722265624568e-05
-3.900297075312499670e-05
-3.946950798984375040e-05
-3.950765494296874797e-05
-3.854520731562499874e-05
-3.415296713281249560e-05
-2.776602277109374825e-05
-2.452429469453125017e-05
-2.716444532031249881e-05
-3.201292306249999567e-05
-3.384550269062499851e-05
-3.255804302265624748e-05
-3.196829112734374533e-05
-3.391760043203125062e-05
-3.620374733281250161e-05
-3.733823771874999944e-05
-3.979261268281249859e-05
-4.551694446874999633e-05
-5.165784098281249952e-05
-5.354153752812499870e-05
-4.993741339687499998e-05
-4.304731072343749544e-05
-3.533781149687499780e-05
-2.841413950468749824e-05
-2.274245051406249769e-05
-1.818083785937499829e-05
-1.494445035624999980e-05
-1.348113323437499974e-05
-1.421660649062499851e-05
-1.578902389843750016e-05
-1.604041231953124899e-05
-1.514777361640624892e-05
-1.331061635390624861e-05
-9.996409066406249048e-06
-6.322094541406249279e-06
-3.633878754687499650e-06
-3.210066105468749889e-06
-6.543346869531249928e-06
-1.140059841093749914e-05
-1.284980116015624895e-05
-9.948725374999998697e-06
-6.391521996093749906e-06
-4.680631148437499757e-06
-3.529737572656249980e-06
-2.290724535156249733e-06
-2.098845360937499805e-06
-2.689741664843750057e-06
-3.155515962499999941e-06
-3.458402770312499983e-06
-3.766630151562499616e-06
-3.839109362499999406e-06
-3.434751659374999913e-06
-3.050993310937500058e-06
-3.628538181249999635e-06
-4.675290575000000165e-06
-4.342267674218749823e-06
-2.855299441406249695e-06
-1.797484431249999980e-06
-6.027218593749999685e-07
6.557461242187500182e-07
-5.695340101562499770e-07
-4.047391726562499593e-06
-6.156918234374999430e-06
-5.776211642187499583e-06
-4.814526953906249938e-06
-3.803632696093749937e-06
-2.159880485937499984e-06
-1.110839274999999871e-06
-1.348113323437499932e-06
-1.256560635937499875e-06
-6.202694578125000199e-07
-5.760189921874999960e-07
-7.972713203125000099e-07
-6.801601742187499839e-07
-4.302976312499999920e-07
-1.384734398437499828e-07
3.250120406250000007e-07
5.508420031249999221e-07
1.106261640624999937e-07
-6.786342960937499794e-07
-1.343535689062499919e-06
-1.219939560937499979e-06
2.433775609374999729e-07
2.645491199218749927e-06
5.060956271093749391e-06
5.640408489062500032e-06
2.906416358593749845e-06
-1.248931245312499853e-06
-3.905103591406249811e-06
-4.356000577343749863e-06
-3.291700585156249705e-06
-2.302931560156249769e-06
-2.461241415625000022e-06
-2.466581989062500037e-06
-1.128386873437499923e-06
4.238126492187499729e-07
1.387023215624999834e-06
2.299498334374999971e-06
2.907942236718749850e-06
2.803419585156249967e-06
2.083586579687499761e-06
2.510069515624999953e-07
-2.568052884374999911e-06
-5.252072506250000163e-06
-7.626720338281249719e-06
-9.061427245312499905e-06
-8.335872196874999894e-06
-6.628414574999999966e-06
-5.636212324218749384e-06
-4.338071509375000023e-06
-1.199721675781249920e-06
1.325225151562499865e-06
-2.593992812499999670e-07
-4.323957136718749769e-06
-7.244487867968749868e-06
-7.983394349999999707e-06
-6.810375541406249865e-06
-4.441449752343750114e-06
-2.277373101562499906e-06
-1.542662784374999868e-06
-2.643965321093749922e-06
-4.627606883593749813e-06
-6.005093360937499408e-06
-6.310650455468749669e-06
-5.662152252343749461e-06
-5.499264762500000041e-06
-7.521816217187499623e-06
-9.955591826562499140e-06
-1.004981480078125005e-05
-8.048244170312500320e-06
-6.207272212499999578e-06
-6.309124577343749665e-06
-7.449337006249999834e-06
-7.098003567968749438e-06
-4.742810682031249728e-06
-1.978682458593750088e-06
-3.604887070312499989e-07
-1.292037302343749979e-06
-4.424283623437499852e-06
-6.626125757812499536e-06
-6.495281708593749364e-06
-5.511471787500000077e-06
-4.315946276562499534e-06
-3.100584349999999780e-06
-2.633665643749999680e-06
-2.618406862500000059e-06
-2.547834999218750064e-06
-3.211210514062499681e-06
-4.456708533593750159e-06
-5.221173474218749861e-06
-5.595776553906249689e-06
-5.155942184374999881e-06
-3.599927966406249763e-06
-2.610014532812500035e-06
-3.102491697656249997e-06
-4.124830041406249609e-06
-4.209897746874999646e-06
-1.660155400000000001e-06
2.268217832812499879e-06
3.446577214843749736e-06
1.384734398437500039e-06
-7.774349046874999517e-07
-8.346553343749999078e-07
1.548766296874999885e-06
5.189892972656249345e-06
7.876582881249999393e-06
7.736202093749998981e-06
5.870816085937499861e-06
5.412289709374999786e-06
6.481930274999999536e-06
6.501766690624999595e-06
4.753110359374999546e-06
2.579496970312499945e-06
1.193999632812499903e-06
1.893233283593749837e-06
4.780576165624999627e-06
6.775280344531249762e-06
5.898281892187499942e-06
4.301831903906250128e-06
3.559873665624999857e-06
2.800367828906249958e-06
1.660155400000000001e-06
9.426112117187499069e-07
1.163482070312500026e-06
1.484679415624999909e-06
1.585768841406249994e-06
2.856825319531249700e-06
4.228971223437500126e-06
1.442717767187499998e-06
-5.162045696874999899e-06
-9.061045775781248845e-06
-7.086559482031249828e-06
-2.552794103124999867e-06
6.347652999999999566e-07
9.506220718749999304e-07
-6.004330421874999617e-07
-1.692580310156249884e-06
-2.017210881249999989e-06
-2.921293670312499677e-06
-4.441068282812499901e-06
-5.204770284375000024e-06
-4.145810865624999458e-06
-2.287291309374999935e-06
-1.496886440624999945e-06
-1.334761889843749893e-06
-4.005430078124999576e-07
1.274871173437499929e-06
3.428648146874999895e-06
4.493711078124999632e-06
2.254484929687499838e-06
-1.324462212499999863e-06
-2.720640696874999936e-06
-2.529142992187499797e-06
-2.841185068749999866e-06
-3.316496104687499990e-06
-3.288648828906249696e-06
-3.935239684374999688e-06
-6.527325149218749458e-06
-9.790796989062500351e-06
-1.088790336093749933e-05
-8.993525668749999282e-06
-5.674359277343749496e-06
-3.322599617187500008e-06
-3.746030796874999980e-06
-6.301113717187499429e-06
-8.694835025781249465e-06
-9.145732011718750364e-06
-7.497402167187499551e-06
-6.460949450781249687e-06
-8.392329687499999212e-06
-1.092032827109374964e-05
-1.112174418359375023e-05
-1.029662558749999972e-05
-1.143149744296875029e-05
-1.534766365078124866e-05
-1.963690706015625023e-05
-2.152708858749999879e-05
-2.103537436171874967e-05
-2.009428902812499882e-05
-1.989706928046874803e-05
-1.953925086015624994e-05
-1.864012717500000048e-05
-1.860121728281250079e-05
-1.943129498281249984e-05
-1.964072175546875066e-05
-1.844786653124999822e-05
-1.674956417812499917e-05
-1.687316030625000038e-05
-1.915968867656250073e-05
-2.059744733984374924e-05
-1.959456394218749947e-05
-1.782797854296874873e-05
-1.702155195390624764e-05
-1.740264001562499770e-05
-1.803168327265624891e-05
-1.817244552968749868e-05
-1.809615162343750016e-05
-1.754073198593749853e-05
-1.576270250078124987e-05
-1.449736806562499934e-05
-1.635741350000000056e-05
-1.978453576874999876e-05
-2.157553521796874956e-05
-2.194632360234374980e-05
-2.241209789999999800e-05
-2.289656420468749899e-05
-2.292517441953124887e-05
-2.225607686171874987e-05
-2.109412066953125027e-05
-2.084959870000000019e-05
-2.209090055468750002e-05
-2.392920222578125012e-05
-2.594069106406250030e-05
-2.737158327578125005e-05
-2.693899682734374751e-05
-2.488211311484374825e-05
-2.375258183281249896e-05
-2.513617182265624942e-05
-2.659758159687499926e-05
-2.558554293046874778e-05
-2.330855129843749851e-05
-2.234534073203125055e-05
-2.312582739296874734e-05
-2.361410839296874877e-05
-2.248381417187499736e-05
-2.200087374531250060e-05
-2.458647422812499845e-05
-2.836531140468749810e-05
-3.055876120937500072e-05
-3.117941213671874894e-05
-3.074987744453125149e-05
-2.912748752812499822e-05
-2.746923947578125034e-05
-2.710417313437499736e-05
-2.697065879843749909e-05
-2.571257228437500006e-05
-2.424391458906249871e-05
-2.400168143671874821e-05
-2.427939125546874733e-05
-2.410277086249999957e-05
-2.423781107656249869e-05
-2.452009852968750037e-05
-2.436255161328124800e-05
-2.451094326093749865e-05
-2.504194884843750021e-05
-2.530554429453124907e-05
-2.521704336328124712e-05
-2.492712651953124796e-05
-2.452353175546874805e-05
-2.373465276484374828e-05
-2.273634700156249768e-05
-2.289770861328125048e-05
-2.308157692734374975e-05
-2.077101597656249869e-05
-1.860465050859374847e-05
-1.982535300859374866e-05
-2.178686933828125061e-05
-2.140501833749999843e-05
-1.963576265156249874e-05
-1.879881849999999756e-05
-1.974829616328124801e-05
